1	0.377976	0.375538	0.436443	0.52915	0.492997	0.450358	0.449732	0.531574	0.327902	0.3794	0.398609	0.421358	0.36667	0.36667	0.387277	0.398609	0.382973	0.605533	0.54582	0.586305	0.461785	0.527998	0.421265	0.428176	0.515837	0.575623	0.445957	0.428176	0.406	0.327968	0.360586	0.270798	0.386401	0.280645	0.367315	0.257003	0.221902	0.221103	0.268386	0.248289	0.259817	0.228082	0.245	0.487977	0.386933	0.524407	0.502081	0.490134	0.502081	0.481895	0.45138	0.512755	0.455106	0.45583	0.428176	0.428176	0.393728	0.358675	0.593523	0.358252	0.579663	0.566948	0.61614	0.359175	0.373139	0.357492	0.394036	0.341773	0.365387	0.319798	0.332501	0.356728	0.3882	0.331664	0.267946	0.312698	0.293318	0.248875	0.292498	0.368018	0.467986	0.529613	0.414838	0.416454	0.433224	0.408811	0.292498	0.371927	0.352436	0.352241	0.3569	0.25923	0.341796	0.376592	
0.377976	1	0.348041	0.39022	0.4532	0.442787	0.404091	0.400307	0.543561	0.329759	0.373774	0.343524	0.420404	0.350493	0.321167	0.373313	0.385129	0.386514	0.483042	0.435409	0.467704	0.446438	0.540065	0.429954	0.37437	0.494181	0.551457	0.427235	0.372574	0.397706	0.335333	0.345221	0.280617	0.388157	0.290821	0.369422	0.353553	0.252804	0.243331	0.261344	0.314958	0.253001	0.246675	0.244295	0.45148	0.376782	0.418327	0.463017	0.412746	0.400518	0.384415	0.377625	0.428971	0.391471	0.381883	0.365861	0.372965	0.381321	0.349265	0.539045	0.33439	0.578365	0.609073	0.599975	0.367567	0.37162	0.365844	0.385952	0.349758	0.355801	0.297044	0.330036	0.365063	0.378015	0.264573	0.255886	0.276574	0.292719	0.252996	0.259932	0.352567	0.5	0.513332	0.415332	0.405528	0.421858	0.399108	0.271289	0.350265	0.348987	0.34699	0.344366	0.263964	0.332829	0.365015	
0.375538	0.348041	1	0.530364	0.596037	0.599089	0.530907	0.546514	0.559431	0.322336	0.538778	0.446983	0.6063	0.483313	0.399172	0.395701	0.408249	0.417568	0.620177	0.55902	0.600484	0.544371	0.553132	0.472649	0.438532	0.527056	0.588143	0.455657	0.438532	0.384015	0.303279	0.335499	0.255249	0.348105	0.261201	0.358058	0.24846	0.26444	0.208774	0.269189	0.238763	0.240194	0.264081	0.262007	0.607678	0.392235	0.537089	0.519414	0.501988	0.514224	0.49355	0.478999	0.544129	0.482952	0.466854	0.438532	0.438532	0.402292	0.335547	0.570754	0.3598	0.589791	0.548252	0.567341	0.331417	0.35982	0.35198	0.370662	0.32026	0.360073	0.340026	0.353802	0.338946	0.357454	0.339685	0.305479	0.32026	0.313955	0.305479	0.299572	0.386593	0.518169	0.416089	0.411836	0.38866	0.398913	0.391559	0.299572	0.354707	0.338528	0.358058	0.349946	0.272165	0.318204	0.339685	
0.436443	0.39022	0.530364	1	0.803474	0.867845	0.715715	0.791684	0.497065	0.41356	0.60782	0.537523	0.630428	0.511596	0.468167	0.518112	0.496942	0.499694	0.707107	0.637377	0.684653	0.559703	0.61507	0.536758	0.550704	0.582448	0.615974	0.512424	0.536758	0.489677	0.414984	0.409955	0.361877	0.387612	0.33891	0.444933	0.334948	0.317187	0.302432	0.388186	0.317187	0.343128	0.382549	0.377829	0.69114	0.529828	0.612372	0.595355	0.57235	0.586302	0.575028	0.521829	0.543429	0.514713	0.574652	0.501896	0.521829	0.578703	0.451183	0.520269	0.489598	0.539569	0.580431	0.575157	0.456027	0.376846	0.411244	0.498332	0.365151	0.444016	0.383599	0.39343	0.477925	0.367784	0.387298	0.338807	0.365151	0.354187	0.321195	0.341563	0.545349	0.512114	0.40566	0.503966	0.438261	0.44414	0.49931	0.341563	0.462858	0.442092	0.503912	0.436206	0.293518	0.412746	0.429274	
0.52915	0.4532	0.596037	0.803474	1	0.845157	0.892401	0.830175	0.490295	0.48267	0.555071	0.575126	0.588345	0.559017	0.542936	0.591608	0.586592	0.617722	0.643265	0.579831	0.622839	0.561952	0.572169	0.612372	0.613694	0.603026	0.616239	0.584474	0.607198	0.568797	0.478456	0.508665	0.401148	0.400824	0.422575	0.511234	0.417636	0.316228	0.325392	0.391075	0.373537	0.379908	0.420809	0.375739	0.658946	0.591194	0.618757	0.617722	0.606976	0.620177	0.640515	0.574064	0.606193	0.607396	0.617722	0.585209	0.597026	0.638287	0.451187	0.542328	0.551679	0.56656	0.570824	0.577347	0.517107	0.455796	0.512767	0.571603	0.429418	0.552621	0.410889	0.476204	0.460824	0.416845	0.362615	0.383745	0.339868	0.374993	0.371887	0.357197	0.626785	0.54074	0.442493	0.585209	0.540999	0.552775	0.56848	0.381982	0.555554	0.451187	0.589457	0.5429	0.276135	0.513702	0.535248	
0.492997	0.442787	0.599089	0.867845	0.845157	1	0.811424	0.89427	0.483998	0.46927	0.599551	0.607175	0.600256	0.560357	0.531233	0.585249	0.561336	0.564444	0.683132	0.615767	0.66144	0.576542	0.609677	0.606311	0.622064	0.657922	0.615974	0.578824	0.606311	0.553129	0.470886	0.463077	0.408769	0.412588	0.34934	0.502587	0.447214	0.358288	0.341621	0.440478	0.398394	0.38935	0.43212	0.428726	0.676436	0.598483	0.635904	0.625263	0.636543	0.63911	0.649539	0.589447	0.576456	0.581409	0.652063	0.566931	0.591696	0.653692	0.509647	0.518623	0.55304	0.536311	0.538719	0.53348	0.515119	0.416172	0.4239	0.562905	0.413455	0.499535	0.417982	0.444411	0.539855	0.415441	0.39804	0.384447	0.383464	0.37033	0.362815	0.372283	0.616015	0.5416	0.449466	0.569269	0.495051	0.477296	0.56401	0.386812	0.522835	0.499378	0.569209	0.458835	0.299331	0.434159	0.447869	
0.450358	0.404091	0.530907	0.715715	0.892401	0.811424	1	0.740849	0.482456	0.430735	0.562729	0.502577	0.570428	0.463824	0.484517	0.4897	0.512723	0.523939	0.615881	0.555148	0.596325	0.539279	0.568551	0.546482	0.535329	0.544582	0.549932	0.521585	0.536644	0.479179	0.389767	0.453933	0.357985	0.357696	0.377107	0.456226	0.372699	0.296566	0.288689	0.364597	0.333345	0.33903	0.37553	0.35487	0.588044	0.513313	0.552179	0.580151	0.526886	0.529011	0.537643	0.501327	0.569493	0.505465	0.539732	0.493055	0.489765	0.54108	0.42185	0.547723	0.461053	0.589254	0.538516	0.508093	0.461467	0.402581	0.457594	0.490082	0.380523	0.481682	0.363712	0.424965	0.446854	0.371993	0.337332	0.342454	0.318042	0.333644	0.331872	0.318763	0.559344	0.496296	0.404067	0.477005	0.482788	0.493297	0.48909	0.340881	0.47441	0.41335	0.526033	0.484484	0.270555	0.458098	0.477656	
0.449732	0.400307	0.546514	0.791684	0.830175	0.89427	0.740849	1	0.471557	0.424615	0.60782	0.55389	0.616668	0.511181	0.476036	0.533889	0.512074	0.514909	0.719194	0.648273	0.696357	0.56547	0.582834	0.553101	0.567472	0.600183	0.626014	0.528027	0.553101	0.504587	0.425776	0.422438	0.372896	0.398009	0.350811	0.458481	0.346711	0.326845	0.31164	0.394701	0.326845	0.348886	0.394198	0.38417	0.676436	0.545961	0.62284	0.596324	0.582134	0.596324	0.592537	0.537718	0.553654	0.530386	0.58749	0.517178	0.537718	0.596324	0.464921	0.478247	0.504506	0.635004	0.566754	0.566272	0.469913	0.382989	0.425686	0.513505	0.3733	0.458772	0.383599	0.40541	0.492478	0.378983	0.393919	0.344493	0.371393	0.354187	0.330975	0.347401	0.561954	0.517258	0.425323	0.519311	0.451605	0.4589	0.514513	0.351939	0.476952	0.455553	0.519256	0.450702	0.275556	0.426463	0.444349	
0.531574	0.543561	0.559431	0.497065	0.490295	0.483998	0.482456	0.471557	1	0.522977	0.49425	0.425426	0.459249	0.444996	0.417603	0.56552	0.494108	0.473837	0.525224	0.548032	0.52353	0.5515	0.577347	0.488091	0.414138	0.459238	0.469953	0.405507	0.518526	0.625061	0.45049	0.536894	0.335631	0.423707	0.426025	0.519631	0.416329	0.326393	0.335631	0.343467	0.370881	0.362419	0.333375	0.362419	0.49499	0.514761	0.507561	0.475025	0.466679	0.435493	0.513369	0.45201	0.461717	0.477833	0.485272	0.463021	0.410669	0.411062	0.513283	0.616498	0.442732	0.558751	0.561079	0.534378	0.507474	0.49499	0.497666	0.584893	0.501296	0.495781	0.430806	0.44964	0.516158	0.537305	0.350584	0.397079	0.383635	0.402765	0.412668	0.382535	0.423001	0.553254	0.536349	0.54914	0.564054	0.617362	0.587851	0.359228	0.523708	0.49499	0.51613	0.455262	0.450305	0.413736	0.522133	
0.327902	0.329759	0.322336	0.41356	0.48267	0.46927	0.430735	0.424615	0.522977	1	0.280547	0.350883	0.465514	0.379951	0.311546	0.364387	0.326353	0.352788	0.344194	0.351722	0.352234	0.399232	0.460606	0.368301	0.320688	0.422278	0.471221	0.365073	0.344892	0.348597	0.300862	0.310142	0.247071	0.35733	0.251973	0.332996	0.239225	0.217491	0.20568	0.241723	0.231114	0.226372	0.218864	0.216562	0.464211	0.345187	0.35188	0.424504	0.359409	0.364387	0.332172	0.360165	0.409138	0.363138	0.33579	0.312628	0.321855	0.323126	0.318672	0.552467	0.30339	0.550709	0.529811	0.50841	0.314042	0.319804	0.326015	0.354273	0.31709	0.316636	0.30183	0.332885	0.321994	0.320325	0.217107	0.240023	0.243156	0.256043	0.234501	0.2371	0.30253	0.409845	0.453398	0.377358	0.359605	0.383529	0.369612	0.240961	0.31497	0.324905	0.347682	0.30844	0.240291	0.293986	0.322398	
0.3794	0.373774	0.538778	0.60782	0.555071	0.599551	0.562729	0.60782	0.49425	0.280547	1	0.579045	0.638076	0.60782	0.48734	0.562729	0.585709	0.594019	0.547723	0.585709	0.531446	0.669783	0.563329	0.629155	0.579045	0.555071	0.513703	0.506711	0.49425	0.409447	0.528596	0.554395	0.236653	0.49425	0.22984	0.448903	0.247729	0.269678	0.204366	0.255011	0.216858	0.244552	0.250172	0.248207	0.524401	0.570716	0.585709	0.60782	0.620596	0.506711	0.555071	0.546421	0.513703	0.48734	0.538778	0.531446	0.599551	0.594019	0.403557	0.570716	0.520984	0.501472	0.554395	0.528596	0.520984	0.48734	0.459466	0.397915	0.43589	0.555071	0.599551	0.533854	0.403557	0.49425	0.415607	0.429788	0.442251	0.55358	0.442251	0.368398	0.577739	0.528789	0.513703	0.48734	0.546421	0.513703	0.513703	0.398331	0.625437	0.403557	0.60782	0.472785	0.272363	0.324892	0.459466	
0.398609	0.343524	0.446983	0.537523	0.575126	0.607175	0.502577	0.55389	0.425426	0.350883	0.579045	1	0.7531	0.614144	0.503936	0.469315	0.477955	0.480548	0.658278	0.593364	0.637375	0.580025	0.619677	0.504495	0.465473	0.550696	0.614523	0.476094	0.465473	0.386556	0.381116	0.36841	0.29112	0.33352	0.30124	0.380055	0.282969	0.26444	0.255322	0.280907	0.282969	0.305864	0.281311	0.28338	0.61027	0.470027	0.570086	0.597755	0.532827	0.545815	0.523871	0.497199	0.564804	0.501303	0.495535	0.465473	0.465473	0.484935	0.366125	0.471837	0.395196	0.463435	0.467707	0.464964	0.360112	0.375959	0.363481	0.372378	0.339935	0.376223	0.365439	0.380269	0.360784	0.365354	0.360554	0.312523	0.339935	0.337419	0.31053	0.329991	0.418388	0.47913	0.41106	0.406836	0.40409	0.406868	0.41547	0.317976	0.448876	0.363255	0.436584	0.373343	0.303579	0.371695	0.360554	
0.421358	0.420404	0.6063	0.630428	0.588345	0.600256	0.570428	0.616668	0.459249	0.465514	0.638076	0.7531	1	0.811505	0.669149	0.618731	0.635213	0.583875	0.658278	0.613572	0.637375	0.618345	0.632316	0.619056	0.562517	0.673298	0.629704	0.620177	0.60733	0.479249	0.506063	0.507754	0.390457	0.428216	0.4	0.504577	0.385715	0.341397	0.339028	0.374041	0.375739	0.403242	0.373537	0.375083	0.608613	0.624123	0.645895	0.620177	0.615031	0.611404	0.582952	0.585125	0.625835	0.616441	0.596925	0.588345	0.569043	0.643918	0.504606	0.490795	0.547312	0.56519	0.612372	0.552159	0.49829	0.391623	0.500961	0.424511	0.402876	0.451464	0.427167	0.416281	0.436904	0.434593	0.417263	0.430097	0.417205	0.447214	0.36927	0.426404	0.555554	0.553254	0.416665	0.490947	0.531084	0.495591	0.554148	0.408162	0.591784	0.500649	0.579715	0.495742	0.384312	0.514762	0.449086	
0.36667	0.350493	0.483313	0.511596	0.559017	0.560357	0.463824	0.511181	0.444996	0.379951	0.60782	0.614144	0.811505	1	0.545292	0.508193	0.517549	0.480548	0.605533	0.54582	0.586305	0.533205	0.611039	0.504832	0.462022	0.561868	0.62699	0.505747	0.49527	0.388913	0.410673	0.404534	0.313697	0.371966	0.324602	0.402003	0.307474	0.271995	0.275123	0.304178	0.304914	0.331202	0.303127	0.306855	0.611666	0.508965	0.524407	0.597755	0.506094	0.502081	0.481895	0.492357	0.559303	0.5027	0.486785	0.477445	0.464048	0.522542	0.402026	0.536442	0.436291	0.569095	0.539759	0.517939	0.398889	0.383586	0.399625	0.357655	0.322894	0.383856	0.383599	0.360751	0.354967	0.350782	0.334025	0.344299	0.338564	0.362916	0.31053	0.346029	0.450835	0.517521	0.417397	0.40204	0.433092	0.402174	0.449888	0.329885	0.486061	0.398874	0.472751	0.402297	0.306186	0.412075	0.357792	
0.36667	0.321167	0.399172	0.468167	0.542936	0.531233	0.484517	0.476036	0.417603	0.311546	0.48734	0.503936	0.669149	0.545292	1	0.4167	0.424675	0.408077	0.605533	0.54582	0.586305	0.508263	0.568951	0.453939	0.428176	0.507312	0.56611	0.438587	0.428176	0.355582	0.338632	0.333216	0.258667	0.367144	0.267659	0.349603	0.389744	0.278682	0.268239	0.264945	0.347198	0.271574	0.271925	0.269301	0.559396	0.417631	0.524407	0.502081	0.490134	0.502081	0.481895	0.476579	0.54138	0.480513	0.45583	0.428176	0.428176	0.430877	0.33115	0.464575	0.360336	0.509559	0.527304	0.516464	0.328578	0.346341	0.331664	0.342541	0.312698	0.346584	0.307563	0.308011	0.316147	0.325399	0.331664	0.288007	0.312698	0.299252	0.288007	0.292498	0.371748	0.428171	0.391548	0.374348	0.361734	0.36314	0.374235	0.292498	0.398552	0.328553	0.387916	0.348178	0.279336	0.33944	0.331664	
0.387277	0.373313	0.395701	0.518112	0.591608	0.585249	0.4897	0.533889	0.56552	0.364387	0.562729	0.469315	0.618731	0.508193	0.4167	1	0.453978	0.507539	0.632456	0.570088	0.612372	0.571284	0.689589	0.55019	0.479063	0.594772	0.663707	0.514199	0.454459	0.40099	0.357392	0.367457	0.278482	0.414875	0.278019	0.375331	0.456432	0.326366	0.314137	0.31028	0.406606	0.310407	0.318454	0.315381	0.628163	0.427149	0.547723	0.631329	0.534519	0.524404	0.503321	0.538697	0.611944	0.543143	0.488677	0.447214	0.478668	0.454459	0.368226	0.622704	0.404642	0.579305	0.597026	0.608537	0.362876	0.406049	0.37671	0.405228	0.366398	0.406335	0.355141	0.347387	0.365084	0.38341	0.34641	0.332924	0.326601	0.339031	0.332924	0.305503	0.424333	0.476728	0.404524	0.453723	0.426786	0.432288	0.453586	0.310729	0.404109	0.375428	0.418137	0.39356	0.338565	0.357862	0.34641	
0.398609	0.385129	0.408249	0.496942	0.586592	0.561336	0.512723	0.512074	0.494108	0.326353	0.585709	0.477955	0.635213	0.517549	0.424675	0.453978	1	0.449631	0.658278	0.593364	0.637375	0.568887	0.631114	0.498778	0.465473	0.604679	0.674763	0.522764	0.465473	0.413683	0.339411	0.368828	0.259731	0.369211	0.260958	0.380055	0.408252	0.319543	0.280977	0.277528	0.363686	0.277642	0.284839	0.28209	0.610101	0.416332	0.570086	0.559869	0.532827	0.545815	0.523871	0.483781	0.549561	0.487774	0.495535	0.465473	0.465473	0.46154	0.365463	0.580775	0.363392	0.556192	0.609451	0.6278	0.359588	0.412813	0.372105	0.401492	0.339935	0.413103	0.369644	0.3362	0.364137	0.395546	0.360554	0.315836	0.339935	0.341302	0.315836	0.317976	0.431401	0.522236	0.428357	0.422689	0.43116	0.441422	0.426635	0.317976	0.389645	0.363668	0.383715	0.360554	0.306928	0.348264	0.360554	
0.382973	0.386514	0.417568	0.499694	0.617722	0.564444	0.523939	0.514909	0.473837	0.352788	0.594019	0.480548	0.583875	0.480548	0.408077	0.507539	0.449631	1	0.632456	0.570088	0.612372	0.591609	0.712561	0.569765	0.519439	0.586503	0.65448	0.50705	0.478591	0.41003	0.390263	0.378703	0.285577	0.376489	0.280645	0.384893	0.353553	0.260347	0.243331	0.25592	0.314958	0.257577	0.248809	0.244295	0.637605	0.455443	0.547723	0.689395	0.583682	0.531484	0.539448	0.481186	0.540397	0.518768	0.506063	0.477709	0.522693	0.491704	0.379237	0.638569	0.39469	0.574961	0.555554	0.587522	0.359265	0.400404	0.36092	0.409486	0.341859	0.400686	0.374889	0.360751	0.378074	0.370169	0.34641	0.327326	0.326601	0.346144	0.327326	0.313053	0.443463	0.564074	0.441724	0.469865	0.46604	0.446306	0.469724	0.305504	0.441277	0.358706	0.433014	0.381499	0.350611	0.384094	0.34641	
0.605533	0.483042	0.620177	0.707107	0.643265	0.683132	0.615881	0.719194	0.525224	0.344194	0.547723	0.658278	0.658278	0.605533	0.605533	0.632456	0.658278	0.632456	1	0.901388	0.968246	0.658278	0.641942	0.632456	0.707107	0.654653	0.720562	0.632456	0.707107	0.587222	0.344726	0.525224	0.253547	0.415223	0.250814	0.577347	0.257707	0.240854	0.213702	0.262017	0.237171	0.256911	0.26038	0.26992	0.619874	0.632456	0.866025	0.829156	0.809426	0.829156	0.79582	0.694809	0.694809	0.719194	0.752775	0.707107	0.707107	0.643265	0.491304	0.632456	0.483042	0.587222	0.587222	0.615881	0.483042	0.454863	0.547723	0.565685	0.516401	0.441143	0.462915	0.491304	0.454863	0.483042	0.547723	0.316228	0.516401	0.454863	0.408252	0.483042	0.460682	0.574456	0.525224	0.577347	0.587222	0.557082	0.547723	0.483042	0.491304	0.491304	0.577347	0.547723	0.311927	0.489898	0.547723	
0.54582	0.435409	0.55902	0.637377	0.579831	0.615767	0.555148	0.648273	0.548032	0.351722	0.585709	0.593364	0.613572	0.54582	0.54582	0.570088	0.593364	0.570088	0.901388	1	0.872765	0.593364	0.611007	0.570088	0.637377	0.629369	0.702314	0.570088	0.637377	0.529315	0.337943	0.47343	0.269266	0.380441	0.279057	0.520414	0.263548	0.283218	0.221237	0.285083	0.25396	0.260302	0.248371	0.256966	0.624366	0.570088	0.780625	0.747391	0.729606	0.747391	0.717343	0.626293	0.626293	0.648273	0.678542	0.637377	0.637377	0.579831	0.442856	0.577347	0.435409	0.649479	0.611138	0.61729	0.435409	0.429668	0.49371	0.509902	0.465478	0.429971	0.417266	0.442856	0.410008	0.435409	0.49371	0.29478	0.465478	0.410008	0.367994	0.435409	0.449016	0.5416	0.47343	0.520414	0.529315	0.502147	0.49371	0.435409	0.442856	0.442856	0.520414	0.49371	0.299331	0.441588	0.49371	
0.586305	0.467704	0.600484	0.684653	0.622839	0.66144	0.596325	0.696357	0.52353	0.352234	0.531446	0.637375	0.637375	0.586305	0.586305	0.612372	0.637375	0.612372	0.968246	0.872765	1	0.637375	0.612372	0.612372	0.684653	0.633865	0.691906	0.612372	0.684653	0.568576	0.354438	0.508546	0.251173	0.402038	0.254824	0.559014	0.258062	0.24459	0.216611	0.280741	0.248673	0.257393	0.251978	0.251616	0.616838	0.612372	0.838525	0.802827	0.783723	0.802827	0.77055	0.672746	0.672746	0.696357	0.728871	0.684653	0.684653	0.622839	0.475703	0.612372	0.467704	0.639601	0.603026	0.610391	0.467704	0.440419	0.53033	0.547723	0.500003	0.424606	0.448215	0.475703	0.440419	0.467704	0.53033	0.306186	0.500003	0.440419	0.395289	0.467704	0.442361	0.5416	0.508546	0.559014	0.568576	0.539392	0.53033	0.467704	0.475703	0.475703	0.559014	0.53033	0.30032	0.474342	0.53033	
0.461785	0.446438	0.544371	0.559703	0.561952	0.576542	0.539279	0.56547	0.5515	0.399232	0.669783	0.580025	0.618345	0.533205	0.508263	0.571284	0.568887	0.591609	0.658278	0.593364	0.637375	1	0.824838	0.668845	0.59925	0.627592	0.679722	0.594404	0.614323	0.484285	0.398117	0.478699	0.311817	0.409426	0.325626	0.440461	0.310467	0.272395	0.270956	0.297053	0.297299	0.336824	0.301232	0.31501	0.67119	0.552603	0.636614	0.679523	0.575323	0.549301	0.603079	0.555787	0.568224	0.599196	0.584521	0.533595	0.570871	0.562447	0.467183	0.528006	0.46402	0.521844	0.53033	0.546237	0.438458	0.415847	0.37484	0.398287	0.385406	0.486929	0.453123	0.393973	0.478317	0.385793	0.360554	0.379992	0.386698	0.390293	0.354443	0.356408	0.481685	0.47913	0.436601	0.542711	0.50081	0.539413	0.542548	0.354799	0.479697	0.455429	0.500147	0.474582	0.404968	0.427895	0.381815	
0.527998	0.540065	0.553132	0.61507	0.572169	0.609677	0.568551	0.582834	0.577347	0.460606	0.563329	0.619677	0.632316	0.611039	0.568951	0.689589	0.631114	0.712561	0.641942	0.611007	0.612372	0.824838	1	0.794382	0.691686	0.676359	0.642907	0.615126	0.656162	0.572922	0.471402	0.52915	0.336641	0.46444	0.393059	0.509902	0.408252	0.291916	0.327067	0.306627	0.363686	0.347405	0.302111	0.334204	0.634508	0.616732	0.697488	0.66936	0.66936	0.663053	0.691686	0.670883	0.652809	0.72328	0.705567	0.644094	0.68909	0.656162	0.539481	0.541784	0.541672	0.55186	0.535938	0.555959	0.501398	0.400175	0.424545	0.475763	0.428299	0.515744	0.461199	0.446897	0.532458	0.423845	0.39537	0.417612	0.451453	0.433472	0.395702	0.405031	0.52846	0.529293	0.446603	0.655099	0.594044	0.62361	0.656331	0.38715	0.545755	0.519009	0.60372	0.533057	0.487514	0.399478	0.395356	
0.421265	0.429954	0.472649	0.536758	0.612372	0.606311	0.546482	0.553101	0.488091	0.368301	0.629155	0.504495	0.619056	0.504832	0.453939	0.55019	0.498778	0.569765	0.632456	0.570088	0.612372	0.668845	0.794382	1	0.551864	0.604679	0.674763	0.522764	0.534327	0.456112	0.356034	0.421265	0.271213	0.372194	0.313603	0.398058	0.260317	0.241349	0.260951	0.272433	0.258585	0.292602	0.267264	0.273651	0.639172	0.492061	0.555281	0.614262	0.534051	0.529019	0.551864	0.551302	0.626263	0.577071	0.562939	0.513892	0.549793	0.523521	0.421859	0.500909	0.432174	0.588784	0.601207	0.586964	0.399171	0.412813	0.372105	0.383252	0.346528	0.423522	0.397064	0.35734	0.420565	0.369818	0.34641	0.333923	0.360193	0.366619	0.309442	0.323863	0.431401	0.603026	0.416869	0.522673	0.47396	0.496466	0.522515	0.309719	0.435432	0.39902	0.48168	0.424375	0.390015	0.372176	0.34641	
0.428176	0.37437	0.438532	0.550704	0.613694	0.622064	0.535329	0.567472	0.414138	0.320688	0.579045	0.465473	0.562517	0.462022	0.428176	0.479063	0.465473	0.519439	0.707107	0.637377	0.684653	0.59925	0.691686	0.551864	1	0.586179	0.654118	0.50677	0.5	0.415229	0.365771	0.371389	0.259391	0.354333	0.273061	0.408246	0.361151	0.258237	0.24856	0.279512	0.321727	0.261031	0.274208	0.272055	0.614098	0.447214	0.612372	0.646131	0.57235	0.586302	0.56273	0.505109	0.57379	0.509279	0.532292	0.5	0.5	0.465157	0.367322	0.523775	0.379413	0.554328	0.553146	0.53741	0.347567	0.400183	0.387298	0.4	0.365151	0.400464	0.365439	0.373874	0.373116	0.377217	0.387298	0.305504	0.365151	0.337419	0.292773	0.341563	0.418202	0.565688	0.465081	0.455103	0.436793	0.432284	0.454965	0.341563	0.413583	0.355619	0.419409	0.387298	0.339595	0.359989	0.387298	
0.515837	0.494181	0.527056	0.582448	0.603026	0.657922	0.544582	0.600183	0.459238	0.422278	0.555071	0.550696	0.673298	0.561868	0.507312	0.594772	0.604679	0.586503	0.654653	0.629369	0.633865	0.627592	0.676359	0.604679	0.586179	1	0.884029	0.684891	0.585516	0.4286	0.40312	0.483214	0.305292	0.478875	0.269319	0.401654	0.30243	0.329226	0.233749	0.295624	0.271462	0.273057	0.290014	0.287737	0.616393	0.543266	0.613019	0.64047	0.661664	0.60859	0.613019	0.564751	0.624631	0.570883	0.5904	0.586503	0.589299	0.604679	0.462995	0.603912	0.448948	0.600392	0.538386	0.604093	0.41025	0.54084	0.487507	0.440198	0.366031	0.541221	0.395332	0.409719	0.477068	0.417685	0.379849	0.33265	0.36025	0.393816	0.360052	0.382209	0.565193	0.518169	0.455467	0.520872	0.564877	0.465095	0.558949	0.354318	0.510487	0.476453	0.484745	0.442684	0.33207	0.445031	0.410037	
0.575623	0.551457	0.588143	0.615974	0.616239	0.615974	0.549932	0.626014	0.469953	0.471221	0.513703	0.614523	0.629704	0.62699	0.56611	0.663707	0.674763	0.65448	0.720562	0.702314	0.691906	0.679722	0.642907	0.674763	0.654118	0.884029	1	0.764271	0.653379	0.478275	0.449843	0.53922	0.340677	0.534377	0.273648	0.448206	0.297513	0.323874	0.260841	0.302534	0.302925	0.302534	0.286713	0.285229	0.646796	0.606232	0.68407	0.69301	0.738352	0.679127	0.68407	0.630207	0.605857	0.63705	0.658829	0.65448	0.6576	0.674763	0.516657	0.603026	0.500982	0.596791	0.57321	0.58193	0.457799	0.603524	0.54401	0.491218	0.408455	0.603949	0.441152	0.457206	0.532361	0.466095	0.423874	0.371205	0.402003	0.43946	0.401783	0.426508	0.6307	0.565243	0.508321	0.581243	0.630348	0.519	0.623732	0.395385	0.569654	0.531675	0.540928	0.493992	0.30451	0.496611	0.457562	
0.445957	0.427235	0.455657	0.512424	0.584474	0.578824	0.521585	0.528027	0.405507	0.365073	0.506711	0.476094	0.620177	0.505747	0.438587	0.514199	0.522764	0.50705	0.632456	0.570088	0.612372	0.594404	0.615126	0.522764	0.50677	0.684891	0.764271	1	0.506197	0.422469	0.34851	0.417754	0.28376	0.414003	0.255719	0.382446	0.27475	0.248997	0.235474	0.279273	0.265434	0.270356	0.255148	0.271815	0.646796	0.469671	0.547723	0.601345	0.57203	0.526146	0.529975	0.549603	0.624334	0.55414	0.51042	0.50705	0.509468	0.522764	0.400274	0.634508	0.412834	0.630428	0.605145	0.641133	0.367225	0.467573	0.421465	0.41002	0.363024	0.467902	0.350605	0.381073	0.412441	0.403947	0.34641	0.294019	0.326601	0.340466	0.311276	0.330432	0.488627	0.574456	0.410354	0.450311	0.488354	0.450798	0.483229	0.30632	0.441333	0.411909	0.423494	0.401528	0.301349	0.384743	0.35449	
0.428176	0.372574	0.438532	0.536758	0.607198	0.606311	0.536644	0.553101	0.518526	0.344892	0.49425	0.465473	0.60733	0.49527	0.428176	0.454459	0.465473	0.478591	0.707107	0.637377	0.684653	0.614323	0.656162	0.534327	0.5	0.585516	0.653379	0.506197	1	0.415229	0.352958	0.381572	0.252822	0.415664	0.259037	0.408246	0.25843	0.246605	0.215546	0.279547	0.249028	0.268483	0.267264	0.263285	0.622124	0.447214	0.612372	0.621465	0.57235	0.586302	0.56273	0.520936	0.591769	0.525236	0.532292	0.5	0.5	0.454857	0.373575	0.544197	0.391301	0.636867	0.555869	0.559775	0.35787	0.39973	0.387298	0.400248	0.365151	0.400012	0.362332	0.347405	0.382118	0.377217	0.387298	0.303854	0.365151	0.321636	0.292773	0.341563	0.417729	0.565688	0.457734	0.444709	0.421492	0.430926	0.431599	0.341563	0.388727	0.365549	0.417031	0.387298	0.322154	0.347379	0.387298	
0.406	0.397706	0.384015	0.489677	0.568797	0.553129	0.479179	0.504587	0.625061	0.348597	0.409447	0.386556	0.479249	0.388913	0.355582	0.40099	0.413683	0.41003	0.587222	0.529315	0.568576	0.484285	0.572922	0.456112	0.415229	0.4286	0.478275	0.422469	0.415229	1	0.350404	0.365784	0.293229	0.394812	0.303892	0.386684	0.272415	0.24006	0.239418	0.282549	0.25874	0.271758	0.246163	0.25626	0.496848	0.41502	0.508549	0.486899	0.475313	0.486899	0.467323	0.445077	0.505595	0.448751	0.442046	0.415229	0.415229	0.409593	0.37516	0.591912	0.359182	0.643707	0.637534	0.644458	0.37388	0.390289	0.384157	0.412146	0.34336	0.38218	0.328874	0.348987	0.370014	0.406042	0.321635	0.277489	0.303242	0.306799	0.264819	0.29469	0.356514	0.47913	0.561952	0.449485	0.435594	0.453135	0.4276	0.283653	0.376234	0.369475	0.36581	0.370839	0.287195	0.357505	0.399587	
0.327968	0.335333	0.303279	0.414984	0.478456	0.470886	0.389767	0.425776	0.45049	0.300862	0.528596	0.381116	0.506063	0.410673	0.338632	0.357392	0.339411	0.390263	0.344726	0.337943	0.354438	0.398117	0.471402	0.356034	0.365771	0.40312	0.449843	0.34851	0.352958	0.350404	1	0.308475	0.247242	0.381591	0.252643	0.320278	0.230088	0.241401	0.20187	0.226767	0.222286	0.219527	0.208809	0.207008	0.472657	0.326931	0.358282	0.485449	0.411009	0.374253	0.380927	0.338812	0.382571	0.341238	0.348859	0.336386	0.368063	0.34948	0.304032	0.531366	0.295948	0.507829	0.508744	0.520595	0.299615	0.315277	0.311037	0.340742	0.302522	0.308851	0.3336	0.306966	0.309696	0.328002	0.231251	0.278544	0.246076	0.308021	0.278544	0.260136	0.321464	0.47913	0.455774	0.356396	0.351874	0.368881	0.352631	0.294629	0.348004	0.309978	0.353219	0.301228	0.219199	0.288794	0.324087	
0.360586	0.345221	0.335499	0.409955	0.508665	0.463077	0.453933	0.422438	0.536894	0.310142	0.554395	0.36841	0.507754	0.404534	0.333216	0.367457	0.368828	0.378703	0.525224	0.47343	0.508546	0.478699	0.52915	0.421265	0.371389	0.483214	0.53922	0.417754	0.381572	0.365784	0.308475	1	0.254532	0.41192	0.263787	0.343873	0.236465	0.230102	0.207822	0.242709	0.22404	0.234081	0.234313	0.220732	0.448178	0.349058	0.454857	0.444853	0.42513	0.435493	0.417984	0.407634	0.46306	0.410998	0.395375	0.371389	0.371389	0.368828	0.323146	0.511351	0.348788	0.552956	0.545875	0.555108	0.333701	0.342524	0.340571	0.355004	0.311927	0.330121	0.349882	0.334407	0.318714	0.364099	0.287677	0.283474	0.271226	0.323055	0.283474	0.290193	0.344743	0.522236	0.573943	0.378898	0.375202	0.390311	0.368316	0.264869	0.364989	0.351935	0.354708	0.347472	0.25923	0.307939	0.408113	
0.270798	0.280617	0.255249	0.361877	0.401148	0.408769	0.357985	0.372896	0.335631	0.247071	0.236653	0.29112	0.390457	0.313697	0.258667	0.278482	0.259731	0.285577	0.253547	0.269266	0.251173	0.311817	0.336641	0.271213	0.259391	0.305292	0.340677	0.28376	0.252822	0.293229	0.247242	0.254532	1	0.236719	0.463347	0.26979	0.578636	0.514384	0.620752	0.486124	0.586492	0.477894	0.580766	0.497359	0.354139	0.265688	0.268444	0.32821	0.27879	0.266498	0.270847	0.264835	0.300845	0.267021	0.271565	0.243672	0.249659	0.272579	0.253257	0.447214	0.233551	0.339056	0.311079	0.371587	0.245985	0.258198	0.247439	0.286779	0.242271	0.243132	0.240965	0.233012	0.260649	0.26364	0.176461	0.178471	0.201792	0.212743	0.179538	0.184604	0.256868	0.315833	0.377968	0.267458	0.265995	0.310461	0.269972	0.190065	0.233392	0.257309	0.248069	0.295541	0.236285	0.206133	0.268762	
0.386401	0.388157	0.348105	0.387612	0.400824	0.412588	0.357696	0.398009	0.423707	0.35733	0.49425	0.33352	0.428216	0.371966	0.367144	0.414875	0.369211	0.376489	0.415223	0.380441	0.402038	0.409426	0.46444	0.372194	0.354333	0.478875	0.534377	0.414003	0.415664	0.394812	0.381591	0.41192	0.236719	1	0.311008	0.421584	0.221908	0.200419	0.187404	0.246384	0.210139	0.286485	0.2351	0.212627	0.419322	0.397117	0.394997	0.452967	0.457086	0.36788	0.461643	0.382506	0.411488	0.365224	0.374947	0.366686	0.356219	0.365516	0.414751	0.501767	0.335143	0.537412	0.453255	0.454565	0.383884	0.340116	0.41597	0.430779	0.410181	0.398166	0.400621	0.37677	0.384356	0.353371	0.286296	0.302721	0.331249	0.318154	0.283474	0.319167	0.352135	0.617211	0.38673	0.463628	0.404509	0.387993	0.371886	0.348299	0.406026	0.329294	0.40083	0.357622	0.228641	0.384356	0.315418	
0.280645	0.290821	0.261201	0.33891	0.422575	0.34934	0.377107	0.350811	0.426025	0.251973	0.22984	0.30124	0.4	0.324602	0.267659	0.278019	0.260958	0.280645	0.250814	0.279057	0.254824	0.325626	0.393059	0.313603	0.273061	0.269319	0.273648	0.255719	0.259037	0.303892	0.252643	0.263787	0.463347	0.311008	1	0.269372	0.475195	0.457493	0.494684	0.471105	0.504299	0.462915	0.556138	0.478509	0.374263	0.275349	0.283698	0.287296	0.26726	0.261757	0.273061	0.272886	0.309991	0.285534	0.281439	0.254273	0.272036	0.259037	0.262466	0.333332	0.220684	0.359986	0.422575	0.352414	0.248974	0.265906	0.256436	0.278511	0.251081	0.251973	0.230022	0.22378	0.261141	0.273226	0.185478	0.182873	0.211333	0.219908	0.179384	0.188333	0.264864	0.408373	0.4	0.288158	0.275668	0.311233	0.279788	0.199981	0.241016	0.266665	0.24909	0.245736	0.195744	0.22754	0.284428	
0.367315	0.369422	0.358058	0.444933	0.511234	0.502587	0.456226	0.458481	0.519631	0.332996	0.448903	0.380055	0.504577	0.402003	0.349603	0.375331	0.380055	0.384893	0.577347	0.520414	0.559014	0.440461	0.509902	0.398058	0.408246	0.401654	0.448206	0.382446	0.408246	0.386684	0.320278	0.343873	0.26979	0.421584	0.269372	1	0.466251	0.333387	0.320895	0.316955	0.415354	0.317085	0.325305	0.322166	0.509697	0.366154	0.499997	0.478711	0.46732	0.478711	0.459465	0.424609	0.482344	0.428114	0.434613	0.408246	0.408246	0.371387	0.339414	0.602744	0.324958	0.544121	0.606531	0.583052	0.355698	0.357562	0.355523	0.386513	0.335144	0.345765	0.324766	0.332199	0.351297	0.380084	0.316226	0.271449	0.298143	0.279239	0.25194	0.288276	0.324259	0.487955	0.599141	0.413599	0.39409	0.418432	0.397442	0.278883	0.345935	0.367386	0.345542	0.342929	0.244949	0.326593	0.426031	
0.257003	0.353553	0.24846	0.334948	0.417636	0.447214	0.372699	0.346711	0.416329	0.239225	0.247729	0.282969	0.385715	0.307474	0.389744	0.456432	0.408252	0.353553	0.257707	0.263548	0.258062	0.310467	0.408252	0.260317	0.361151	0.30243	0.297513	0.27475	0.25843	0.272415	0.230088	0.236465	0.578636	0.221908	0.475195	0.466251	1	0.715038	0.688244	0.681448	0.890837	0.680074	0.697703	0.69097	0.318483	0.258651	0.258415	0.27988	0.309661	0.250224	0.265533	0.414041	0.5	0.361151	0.273941	0.268174	0.331044	0.411108	0.422575	0.433013	0.389744	0.401174	0.355584	0.351654	0.425112	0.4	0.382975	0.277672	0.314277	0.230068	0.333332	0.402691	0.252372	0.3313	0.178167	0.175323	0.187468	0.199125	0.173837	0.167875	0.261768	0.489898	0.357645	0.385552	0.349213	0.300603	0.456432	0.180255	0.353553	0.427703	0.389744	0.510754	0.394829	0.215663	0.254311	
0.221902	0.252804	0.26444	0.317187	0.316228	0.358288	0.296566	0.326845	0.326393	0.217491	0.269678	0.26444	0.341397	0.271995	0.278682	0.326366	0.319543	0.260347	0.240854	0.283218	0.24459	0.272395	0.291916	0.241349	0.258237	0.329226	0.323874	0.248997	0.246605	0.24006	0.241401	0.230102	0.514384	0.200419	0.457493	0.333387	0.715038	1	0.826915	0.582765	0.715276	0.575727	0.675271	0.581482	0.348276	0.237712	0.264	0.338069	0.327034	0.261483	0.28906	0.296055	0.357519	0.310511	0.298213	0.291935	0.257159	0.293958	0.302158	0.373872	0.278682	0.368698	0.359207	0.341968	0.303971	0.286015	0.273842	0.241868	0.22472	0.212141	0.238345	0.28794	0.217903	0.236893	0.193953	0.188323	0.194626	0.18447	0.17986	0.182749	0.251575	0.369116	0.355781	0.275684	0.249701	0.259546	0.326366	0.189262	0.252804	0.305824	0.278682	0.365209	0.289097	0.202757	0.252985	
0.221103	0.243331	0.208774	0.302432	0.325392	0.341621	0.288689	0.31164	0.335631	0.20568	0.204366	0.255322	0.339028	0.275123	0.268239	0.314137	0.280977	0.243331	0.213702	0.221237	0.216611	0.270956	0.327067	0.260951	0.24856	0.233749	0.260841	0.235474	0.215546	0.239418	0.20187	0.207822	0.620752	0.187404	0.494684	0.320895	0.688244	0.826915	1	0.703274	0.716	0.69478	0.684627	0.701726	0.26158	0.216931	0.228623	0.248481	0.221826	0.237663	0.227216	0.284961	0.344122	0.250295	0.231776	0.211582	0.227839	0.282943	0.290835	0.36187	0.268239	0.319804	0.359207	0.299882	0.292581	0.275298	0.26358	0.232052	0.216299	0.198514	0.229414	0.27715	0.210909	0.228016	0.146461	0.162604	0.16476	0.173701	0.152948	0.155107	0.214672	0.363111	0.323497	0.265354	0.240344	0.251215	0.314137	0.158034	0.243331	0.294364	0.268239	0.351524	0.28939	0.193419	0.230029	
0.268386	0.261344	0.269189	0.388186	0.391075	0.440478	0.364597	0.394701	0.343467	0.241723	0.255011	0.280907	0.374041	0.304178	0.264945	0.31028	0.277528	0.25592	0.262017	0.285083	0.280741	0.297053	0.306627	0.272433	0.279512	0.295624	0.302534	0.279273	0.279547	0.282549	0.226767	0.242709	0.486124	0.246384	0.471105	0.316955	0.681448	0.582765	0.703274	1	0.691969	0.690316	0.839213	0.722072	0.313128	0.279785	0.285731	0.280949	0.286018	0.287171	0.291858	0.321757	0.365506	0.324413	0.292991	0.260704	0.265867	0.293723	0.287264	0.293292	0.264945	0.438931	0.40471	0.426018	0.288988	0.271918	0.260344	0.274281	0.235919	0.25264	0.232044	0.273747	0.244597	0.268413	0.178851	0.191305	0.175458	0.202809	0.17208	0.17791	0.265166	0.40457	0.377968	0.30302	0.287949	0.299544	0.31028	0.176078	0.250317	0.29075	0.264945	0.347208	0.279677	0.236328	0.268762	
0.248289	0.314958	0.238763	0.317187	0.373537	0.398394	0.333345	0.326845	0.370881	0.231114	0.216858	0.282969	0.375739	0.304914	0.347198	0.406606	0.363686	0.314958	0.237171	0.25396	0.248673	0.297299	0.363686	0.258585	0.321727	0.271462	0.302925	0.265434	0.249028	0.25874	0.222286	0.22404	0.586492	0.210139	0.504299	0.415354	0.890837	0.715276	0.716	0.691969	1	0.686273	0.689954	0.716531	0.36071	0.24924	0.244974	0.301324	0.275857	0.263226	0.239256	0.368843	0.445418	0.321727	0.242455	0.231367	0.294906	0.36623	0.376446	0.41833	0.347198	0.386578	0.405845	0.386754	0.378705	0.356335	0.341168	0.268257	0.279969	0.229355	0.296944	0.358732	0.243815	0.295135	0.158397	0.171422	0.16596	0.192373	0.169399	0.173201	0.234128	0.436419	0.373537	0.343463	0.311092	0.29041	0.406606	0.174143	0.314958	0.381014	0.347198	0.454999	0.399059	0.218532	0.265611	
0.259817	0.253001	0.240194	0.343128	0.379908	0.38935	0.33903	0.348886	0.362419	0.226372	0.244552	0.305864	0.403242	0.331202	0.271574	0.310407	0.277642	0.257577	0.256911	0.260302	0.257393	0.336824	0.347405	0.292602	0.261031	0.273057	0.302534	0.270356	0.268483	0.271758	0.219527	0.234081	0.477894	0.286485	0.462915	0.317085	0.680074	0.575727	0.69478	0.690316	0.686273	1	0.820848	0.706271	0.284361	0.258996	0.270006	0.334471	0.284108	0.261573	0.263314	0.304351	0.345734	0.306864	0.258983	0.246602	0.254422	0.279584	0.287382	0.371887	0.265054	0.401609	0.404302	0.412417	0.289107	0.272029	0.260451	0.26375	0.227621	0.244574	0.22669	0.273859	0.236788	0.259844	0.171634	0.190215	0.175195	0.196334	0.17589	0.180385	0.239969	0.425519	0.36187	0.277674	0.278756	0.289981	0.310407	0.18486	0.24519	0.29087	0.265054	0.347351	0.277375	0.228783	0.257315	
0.228082	0.246675	0.264081	0.382549	0.420809	0.43212	0.37553	0.394198	0.333375	0.218864	0.250172	0.281311	0.373537	0.303127	0.271925	0.318454	0.284839	0.248809	0.26038	0.248371	0.251978	0.301232	0.302111	0.267264	0.274208	0.290014	0.286713	0.255148	0.267264	0.246163	0.208809	0.234313	0.580766	0.2351	0.556138	0.325305	0.697703	0.675271	0.684627	0.839213	0.689954	0.820848	1	0.858609	0.303185	0.263814	0.280309	0.32299	0.280591	0.281722	0.286319	0.288878	0.348852	0.290321	0.285174	0.249905	0.25983	0.28815	0.294832	0.343919	0.271925	0.379908	0.379908	0.362042	0.296602	0.279081	0.267203	0.248131	0.220072	0.227135	0.232567	0.280959	0.23797	0.258988	0.17408	0.175761	0.170389	0.177703	0.162752	0.166384	0.271542	0.39249	0.408252	0.269001	0.249579	0.261152	0.318454	0.170821	0.246675	0.29841	0.271925	0.356355	0.278863	0.216015	0.290296	
0.245	0.244295	0.262007	0.377829	0.375739	0.428726	0.35487	0.38417	0.362419	0.216562	0.248207	0.28338	0.375083	0.306855	0.269301	0.315381	0.28209	0.244295	0.26992	0.256966	0.251616	0.31501	0.334204	0.273651	0.272055	0.287737	0.285229	0.271815	0.263285	0.25626	0.207008	0.220732	0.497359	0.212627	0.478509	0.322166	0.69097	0.581482	0.701726	0.722072	0.716531	0.706271	0.858609	1	0.317929	0.255243	0.278107	0.307671	0.278387	0.27951	0.284071	0.331463	0.376532	0.334199	0.285174	0.268569	0.258774	0.285887	0.291987	0.343919	0.269301	0.393243	0.391344	0.388897	0.29374	0.276388	0.264624	0.248709	0.217156	0.230626	0.230322	0.278247	0.236101	0.245025	0.17408	0.171393	0.166324	0.185138	0.162947	0.167013	0.258092	0.367139	0.36187	0.273134	0.262859	0.273444	0.315381	0.169169	0.244295	0.29553	0.269301	0.352916	0.289605	0.220194	0.257315	
0.487977	0.45148	0.607678	0.69114	0.658946	0.676436	0.588044	0.676436	0.49499	0.464211	0.524401	0.61027	0.608613	0.611666	0.559396	0.628163	0.610101	0.637605	0.619874	0.624366	0.616838	0.67119	0.634508	0.639172	0.614098	0.616393	0.646796	0.646796	0.622124	0.496848	0.472657	0.448178	0.354139	0.419322	0.374263	0.509697	0.318483	0.348276	0.26158	0.313128	0.36071	0.284361	0.303185	0.317929	1	0.624248	0.743228	0.700175	0.69114	0.663299	0.69114	0.606369	0.58677	0.618069	0.648235	0.606369	0.628288	0.626256	0.434707	0.554698	0.495098	0.585897	0.646235	0.591753	0.444421	0.425209	0.418433	0.437304	0.437203	0.452684	0.423267	0.428505	0.462179	0.417694	0.381129	0.390193	0.397401	0.436968	0.393234	0.378133	0.623769	0.475676	0.40425	0.571688	0.575542	0.529279	0.567202	0.40425	0.451957	0.44283	0.517846	0.534468	0.299108	0.392085	0.437203	
0.386933	0.376782	0.392235	0.529828	0.591194	0.598483	0.513313	0.545961	0.514761	0.345187	0.570716	0.470027	0.624123	0.508965	0.417631	0.427149	0.416332	0.455443	0.632456	0.570088	0.612372	0.552603	0.616732	0.492061	0.447214	0.543266	0.606232	0.469671	0.447214	0.41502	0.326931	0.349058	0.265688	0.397117	0.275349	0.366154	0.258651	0.237712	0.216931	0.279785	0.24924	0.258996	0.263814	0.255243	0.624248	1	0.547723	0.566526	0.511926	0.524404	0.503321	0.499284	0.567173	0.503405	0.476097	0.447214	0.447214	0.414665	0.362639	0.544059	0.375037	0.63741	0.559357	0.614192	0.358175	0.37196	0.380399	0.400589	0.33787	0.371147	0.360182	0.34024	0.352637	0.386973	0.34641	0.288007	0.326601	0.332565	0.288007	0.305503	0.397135	0.47913	0.463702	0.445088	0.42004	0.431855	0.423174	0.305503	0.375734	0.36586	0.37396	0.367211	0.302795	0.342659	0.34641	
0.524407	0.418327	0.537089	0.612372	0.618757	0.635904	0.552179	0.62284	0.507561	0.35188	0.585709	0.570086	0.645895	0.524407	0.524407	0.547723	0.570086	0.547723	0.866025	0.780625	0.838525	0.636614	0.697488	0.555281	0.612372	0.613019	0.68407	0.547723	0.612372	0.508549	0.358282	0.454857	0.268444	0.394997	0.283698	0.499997	0.258415	0.264	0.228623	0.285731	0.244974	0.270006	0.280309	0.278107	0.743228	0.547723	1	0.71807	0.700983	0.71807	0.689201	0.601723	0.601723	0.62284	0.651922	0.612372	0.612372	0.557084	0.425482	0.555491	0.418327	0.550118	0.569157	0.558419	0.418327	0.418507	0.474342	0.489898	0.447216	0.418801	0.400896	0.425482	0.39638	0.418327	0.474342	0.315214	0.447216	0.393923	0.353557	0.418327	0.472828	0.574456	0.498728	0.499997	0.508549	0.482447	0.474342	0.418327	0.425482	0.425482	0.499997	0.474342	0.341698	0.424264	0.474342	
