1	0.0761045	0.128248	0.0858506	0.0809744	0.0967349	0.0967349	0.134853	0.130431	0.13843	0.114828	0.133619	0.0758108	0.0879585	0.17496	0.106316	0.150107	0.146586	0.085416	0.192801	0.100702	0.0870779	0.100669	0.339682	0.273658	0.0668858	0.0668858	0.0668858	0.173762	0.0668858	0.0687183	0.137156	0.137893	0.143661	0.0674801	0.0630602	0.0705036	0.0846027	0.0656805	0.0674801	0.176777	0.168342	0.127489	0.182981	0.185888	0.079519	0.087704	0.0804419	0.111462	0.103187	0.141043	0.156297	0.193645	0.111108	0.1364	0.133712	0.184519	0.133712	0.141004	0.132789	0.133712	0.158217	0.111108	0.156141	0.174264	0.0575822	0.180672	0.147381	0.182085	0.176	0.21874	0.168526	0.168526	0.181564	0.188523	0.167834	0.165744	0.157632	0.154445	0.159417	0.148673	0.152587	0.127893	0.181203	0.483548	0.181249	0.0519445	0.197639	0.128849	0.127144	0.129311	0.179273	0.130801	0.185029	0.163248	0.0980561	0.148611	0.122098	0.0980561	0.140411	0.0945649	0.109301	0.113227	0.127752	0.126589	0.141097	0.0773048	0.191087	0.19998	0.193348	0.151304	0.304086	0.185108	0.178164	0.159445	0.18342	0.170819	0.130212	0.128206	0.107165	0.110989	0.0964877	0.115137	0.0984748	0.147579	0.123308	0.0627924	0.121213	0.131087	0.158115	0.115145	0.160535	0.0836344	0.190816	0.104085	0.196205	0.123264	0.118676	0.131385	0.0577785	0.122755	0.129749	0.118938	0.200207	0.149719	0.20256	0.112292	0.130899	0.112292	0.112292	0.0996242	0.125064	0.112437	0.110497	0.117775	0.117775	0.100439	0.081323	0.0676869	0.0781564	0.0511665	0.0792889	0.0897962	0.086163	0.0853198	0.0809586	0.131137	0.116927	0.166667	0.106531	0.150939	0.150939	0.217991	0.142307	0.225568	0.0507644	0.14428	0.174771	0.152817	0.217187	0.169033	0.146948	0.0804419	0.129974	0.137122	0.149291	0.146091	0.138672	0.128871	0.130361	0.126626	0.145474	0.120446	0.145474	0.117056	0.488922	0.0536063	0.080149	0.176309	0.115163	0.165744	0.0977415	0.136079	0.433013	
0.0761045	1	0.097863	0.620788	0.120223	0.23494	0.23494	0.160849	0.155574	0.165117	0.136964	0.163926	0.104259	0.120965	0.204747	0.148412	0.161194	0.256089	0.132502	0.179419	0.115347	0.121557	0.146263	0.147157	0.0823035	0.0935368	0.0935368	0.0935368	0.0943679	0.0935368	0.0960994	0.180254	0.181224	0.188805	0.0943679	0.0881869	0.0985961	0.113199	0.0918512	0.0943679	0.16677	0.0690835	0.181365	0.0642301	0.267632	0.0886139	0.114558	0.112494	0.132379	0.118195	0.178882	0.225744	0.277759	0.187207	0.237842	0.107134	0.212789	0.172211	0.20556	0.181338	0.107134	0.284752	0.187207	0.246192	0.274768	0.0791899	0.236641	0.184284	0.199659	0.207359	0.287785	0.144434	0.144434	0.190278	0.236313	0.179985	0.191722	0.221511	0.217033	0.22402	0.132073	0.217799	0.206339	0.258646	0.145429	0.168669	0.0836088	0.277734	0.297408	0.157298	0.188706	0.221791	0.173613	0.208723	0.207211	0.120622	0.194512	0.151056	0.119372	0.186369	0.125517	0.14205	0.141457	0.165431	0.138997	0.0773858	0.130675	0.276627	0.267908	0.317777	0.230281	0.28012	0.209508	0.201649	0.1743	0.170689	0.129208	0.187398	0.154411	0.109548	0.113457	0.117463	0.117698	0.146721	0.198414	0.100418	0.0825517	0.25953	0.164098	0.274112	0.165715	0.212054	0.21056	0.261549	0.136791	0.222067	0.0999618	0.0975761	0.173549	0.0693327	0.26577	0.119015	0.0948674	0.289381	0.286922	0.239551	0.247023	0.196899	0.238037	0.236427	0.231453	0.0906433	0.236427	0.222908	0.231453	0.228721	0.230346	0.117038	0.0922904	0.112481	0.069765	0.117721	0.133321	0.127927	0.126675	0.1202	0.47826	0.281009	0.353188	0.432511	0.438532	0.430337	0.351428	0.404558	0.382896	0.211152	0.402817	0.437482	0.429721	0.426121	0.0551683	0.18452	0.112494	0.28475	0.130483	0.202699	0.101419	0.06689	0.06689	0.0655385	0.151037	0.12805	0.340432	0.12805	0.14947	0.457887	0.073722	0.224532	0.164072	0.165739	0.196851	0.238852	0.116959	0.121439	
0.128248	0.097863	1	0.0683835	0.0929604	0.0745763	0.0745763	0.0512436	0.0495631	0.052603	0.0436342	0.050985	0.0667395	0.0774336	0.174879	0.0888524	0.129304	0.124943	0.0939394	0.1715	0.114807	0.0727742	0.102573	0.172059	0.150417	0.0587679	0.0587679	0.0587679	0.179125	0.0587679	0.0603779	0.111971	0.112573	0.117282	0.05929	0.0554066	0.0619466	0.0559813	0.0577089	0.05929	0.112368	0.0401338	0.216296	0.0477547	0.13958	0.147084	0.0719755	0.0706787	0.0439572	0.117641	0.109645	0.136659	0.157318	0.123583	0.138006	0.0773447	0.134295	0.122983	0.137565	0.123989	0.0773447	0.138909	0.123583	0.117297	0.130911	0.0506921	0.14975	0.142556	0.137815	0.141458	0.189856	0.0738837	0.0738837	0.111895	0.179058	0.105842	0.128347	0.148289	0.145291	0.192452	0.0853987	0.147696	0.0882069	0.175395	0.166498	0.151179	0.052248	0.148403	0.0812922	0.103884	0.141767	0.146477	0.144251	0.151017	0.158707	0.0857163	0.14154	0.0997612	0.0848282	0.154849	0.104289	0.103877	0.117533	0.11121	0.0968583	0.0477295	0.0876188	0.166894	0.174661	0.168869	0.130914	0.26026	0.153099	0.147355	0.116684	0.152989	0.0833334	0.0734198	0.117758	0.101319	0.104934	0.0960559	0.108856	0.103948	0.137003	0.0675057	0.0292574	0.150755	0.11435	0.157018	0.0649245	0.148951	0.0675866	0.231453	0.0849726	0.162276	0.0671987	0.065595	0.121904	0.0568865	0.129567	0.26603	0.0846692	0.177149	0.169329	0.16763	0.0776214	0.109742	0.0783643	0.0783643	0.0527012	0.226295	0.055905	0.0408222	0.0761143	0.0611129	0.0761143	0.0458539	0.0601956	0.0440684	0.0455036	0.0910254	0.103088	0.0989171	0.097949	0.135186	0.106421	0.0711721	0.127342	0.0549556	0.144138	0.144138	0.164928	0.135895	0.164563	0.0532473	0.137779	0.167351	0.138752	0.172247	0.0351297	0.127365	0.0706787	0.0479389	0.0900973	0.12535	0.0706724	0.0388595	0.0388595	0.0380744	0.0481175	0.0884175	0.105682	0.0884175	0.104071	0.368815	0.047192	0.0525357	0.147058	0.0649343	0.13178	0.0812521	0.0786251	0.0880506	
0.0858506	0.620788	0.0683835	1	0.113164	0.701127	0.701127	0.890661	0.861453	0.91429	0.758403	0.883817	0.747942	0.86779	0.206124	0.121832	0.150444	0.216891	0.0887061	0.208036	0.0816161	0.0997862	0.10289	0.112684	0.383561	0.640151	0.640151	0.640151	0.645839	0.640151	0.65769	0.137956	0.138698	0.1445	0.645839	0.603538	0.674777	0.0833834	0.628616	0.645839	0.10287	0.643411	0.256492	0.526402	0.264824	0.0906317	0.78402	0.769894	0.689361	0.0836308	0.152756	0.14565	0.181225	0.154255	0.1404	0.93259	0.204123	0.121087	0.153846	0.1418	0.93259	0.203279	0.154255	0.148638	0.199239	0.568101	0.15244	0.148358	0.16003	0.1247	0.24246	0.81919	0.81919	0.124037	0.223199	0.117327	0.173055	0.199944	0.195902	0.288676	0.57465	0.138446	0.120322	0.16441	0.677746	0.195571	0.0962542	0.26591	0.70811	0.13368	0.14125	0.18849	0.129402	0.190492	0.14047	0.110671	0.139795	0.128375	0.109525	0.138909	0.0935537	0.0994573	0.105435	0.132421	0.125209	0.75283	0.0956954	0.3	0.290544	0.337049	0.301509	0.35827	0.171584	0.165147	0.157329	0.197914	0.0872779	0.124352	0.139908	0.102983	0.106658	0.108827	0.110644	0.103796	0.137465	0.080381	0.484998	0.72575	0.14782	0.282727	0.109963	0.20165	0.25158	0.244655	0.104692	0.18187	0.0800155	0.0781058	0.165034	0.0609062	0.26577	0.0831638	0.0809801	0.331531	0.328713	0.184357	0.729756	0.195438	0.73674	0.73674	0.84981	0.678426	0.8138	0.65826	0.715587	0.835148	0.715587	0.077663	0.657849	0.074639	0.497287	0.110808	0.125492	0.120415	0.119236	0.113142	0.632456	0.29381	0.88103	0.88103	0.471402	0.471402	0.377769	0.440956	0.419434	0.261555	0.433011	0.470274	0.470728	0.466783	0.376899	0.147896	0.769894	0.73437	0.0904014	0.14853	0.0913583	0.622982	0.622982	0.610395	0.836328	0.0887159	0.35594	0.0887159	0.0923254	0.61039	0.528875	0.278129	0.190241	0.10998	0.177685	0.279949	0.0936212	0.7106	
0.0809744	0.120223	0.0929604	0.113164	1	0.107953	0.107953	0.190763	0.184507	0.195824	0.162436	0.186825	0.0977397	0.113401	0.215873	0.1285	0.161104	0.182053	0.142313	0.277504	0.114157	0.105248	0.131803	0.13977	0.0835764	0.0935387	0.0935387	0.0935387	0.0943698	0.0935387	0.0961014	0.139702	0.140453	0.146328	0.0943698	0.0881887	0.0985981	0.196827	0.0918531	0.0943698	0.260574	0.0692729	0.153239	0.0770691	0.232251	0.0712179	0.114561	0.112497	0.143952	0.116975	0.17343	0.179626	0.25417	0.182406	0.18812	0.115357	0.219325	0.146231	0.164557	0.178802	0.115357	0.230931	0.182406	0.215138	0.240109	0.0742384	0.21383	0.196474	0.206707	0.185291	0.270326	0.156799	0.156799	0.172548	0.229277	0.163214	0.17671	0.204167	0.200039	0.206479	0.127469	0.188332	0.13789	0.223652	0.147678	0.260878	0.0878557	0.246933	0.127769	0.215157	0.156785	0.303372	0.191042	0.279889	0.200071	0.121509	0.210846	0.206618	0.12025	0.205078	0.138117	0.15241	0.155658	0.186456	0.153037	0.0775333	0.123185	0.243641	0.25498	0.246525	0.191116	0.348013	0.221733	0.213416	0.160652	0.264002	0.116677	0.166988	0.154466	0.131312	0.135998	0.108926	0.141081	0.140239	0.201072	0.113181	0.089882	0.112845	0.180674	0.220281	0.147667	0.236526	0.0939886	0.32097	0.106017	0.235026	0.112666	0.109977	0.193577	0.0637501	0.191408	0.113053	0.116776	0.258696	0.198066	0.276561	0.112361	0.292724	0.113436	0.113436	0.0821434	0.096932	0.148508	0.063628	0.110179	0.142631	0.110179	0.104292	0.099112	0.100231	0.0749217	0.477744	0.541055	0.519163	0.514082	0.487805	0.154761	0.145421	0.0948561	0.0948561	0.223415	0.223415	0.267986	0.210638	0.238356	0.0805205	0.213558	0.171266	0.188122	0.254267	0.0527737	0.191033	0.112497	0.158768	0.132231	0.197221	0.111663	0.0670734	0.0670734	0.0657182	0.179126	0.129766	0.167631	0.129766	0.13105	0.541078	0.0691124	0.0912702	0.253768	0.147689	0.181438	0.102142	0.131824	0.137919	
0.0967349	0.23494	0.0745763	0.701127	0.107953	1	0.90566	0.786496	0.760704	0.807361	0.669706	0.811882	0.65251	0.757066	0.185334	0.131283	0.203036	0.204872	0.0991252	0.486665	0.0921527	0.107527	0.112108	0.121937	0.404822	0.593271	0.593271	0.593271	0.598542	0.593271	0.609524	0.14587	0.146655	0.152789	0.598542	0.559338	0.62536	0.0900778	0.58258	0.598542	0.444263	0.53798	0.0970585	0.477936	0.283877	0.0972907	0.726603	0.713512	0.627632	0.0944275	0.209548	0.209548	0.207701	0.219016	0.196522	0.704744	0.209548	0.219016	0.181069	0.195076	0.704744	0.206762	0.219016	0.225197	0.211925	0.495615	0.309736	0.303945	0.444263	0.486665	0.486665	0.783389	0.783389	0.525657	0.486665	0.376904	0.365147	0.444263	0.525657	0.525657	0.575727	0.444263	0.366379	0.415223	0.715313	0.486665	0.267439	0.283877	0.70953	0.205586	0.219283	0.197084	0.22597	0.213352	0.201539	0.229411	0.206284	0.238193	0.238193	0.227185	0.106082	0.252645	0.222814	0.302982	0.300506	0.751565	0.0904986	0.427376	0.414041	0.400312	0.44237	0.393611	0.339745	0.342995	0.444263	0.444263	0.444263	0.134558	0.145187	0.103627	0.107324	0.110124	0.111336	0.104924	0.235397	0.262637	0.47138	0.695018	0.277734	0.246254	0.118989	0.161526	0.0836981	0.205267	0.110698	0.357751	0.264805	0.251218	0.132196	0.275324	0.246525	0.0906952	0.276581	0.448055	0.444247	0.352233	0.94264	0.184803	0.951662	0.951662	0.90566	0.611925	0.90566	0.691708	0.924337	0.90566	0.924337	0.0840373	0.617201	0.0807651	0.46656	0.105706	0.119714	0.11487	0.113746	0.107932	0.253402	0.292978	0.736662	0.736662	0.580948	0.612372	0.633432	0.612372	0.547723	0.0805432	0.153908	0.171658	0.154956	0.306892	0.399663	0.407277	0.713512	0.737756	0.276581	0.438284	0.247384	0.520899	0.525657	0.510375	0.738517	0.286521	0.242599	0.286521	0.101381	0.398156	0.461394	0.0853877	0.344118	0.119006	0.365147	0.0769729	0.247384	0.672558	
0.0967349	0.23494	0.0745763	0.701127	0.107953	0.90566	1	0.786496	0.760704	0.807361	0.669706	0.811882	0.65251	0.757066	0.185334	0.131283	0.203036	0.204872	0.0991252	0.486665	0.0921527	0.107527	0.112108	0.121937	0.404822	0.593271	0.593271	0.593271	0.598542	0.593271	0.609524	0.14587	0.146655	0.152789	0.598542	0.559338	0.62536	0.0900778	0.58258	0.598542	0.444263	0.53798	0.0970585	0.477936	0.283877	0.0972907	0.726603	0.713512	0.627632	0.0944275	0.209548	0.209548	0.207701	0.219016	0.196522	0.704744	0.209548	0.219016	0.181069	0.195076	0.704744	0.206762	0.219016	0.225197	0.211925	0.495615	0.309736	0.303945	0.444263	0.486665	0.486665	0.783389	0.783389	0.525657	0.486665	0.376904	0.365147	0.444263	0.525657	0.525657	0.575727	0.444263	0.366379	0.415223	0.715313	0.486665	0.267439	0.283877	0.70953	0.205586	0.219283	0.197084	0.22597	0.213352	0.201539	0.229411	0.206284	0.238193	0.238193	0.227185	0.106082	0.252645	0.222814	0.302982	0.300506	0.751565	0.0904986	0.427376	0.414041	0.400312	0.44237	0.393611	0.339745	0.342995	0.444263	0.444263	0.444263	0.134558	0.145187	0.103627	0.107324	0.110124	0.111336	0.104924	0.235397	0.262637	0.47138	0.695018	0.277734	0.246254	0.118989	0.161526	0.0836981	0.205267	0.110698	0.357751	0.264805	0.251218	0.132196	0.275324	0.246525	0.0906952	0.276581	0.448055	0.444247	0.352233	0.94264	0.184803	0.951662	0.951662	0.90566	0.611925	0.90566	0.691708	0.924337	0.90566	0.924337	0.0840373	0.617201	0.0807651	0.46656	0.105706	0.119714	0.11487	0.113746	0.107932	0.253402	0.292978	0.736662	0.736662	0.580948	0.612372	0.633432	0.612372	0.547723	0.0805432	0.153908	0.171658	0.154956	0.306892	0.399663	0.407277	0.713512	0.737756	0.276581	0.438284	0.247384	0.520899	0.525657	0.510375	0.738517	0.286521	0.242599	0.286521	0.101381	0.398156	0.461394	0.0853877	0.344118	0.119006	0.365147	0.0769729	0.247384	0.672558	
0.134853	0.160849	0.0512436	0.890661	0.190763	0.786496	0.786496	1	0.91786	0.974156	0.808062	0.856276	0.784545	0.910258	0.753763	0.708635	0.337671	0.348732	0.224853	0.440812	0.559228	0.562426	0.280684	0.0984322	0.375125	0.630957	0.630957	0.630957	0.636563	0.630957	0.648243	0.492359	0.495007	0.515713	0.636563	0.594869	0.665085	0.404675	0.619587	0.636563	0.241539	0.643167	0.303152	0.397398	0.527486	0.1185	0.772759	0.758836	0.609488	0.575698	0.177148	0.340438	0.479119	0.183095	0.360749	0.931634	0.452617	0.295455	0.29254	0.162275	0.931634	0.465471	0.183095	0.438815	0.489747	0.595903	0.457263	0.39546	0.384305	0.380476	0.500219	0.441916	0.441916	0.240688	0.468502	0.227668	0.393857	0.455052	0.445853	0.460206	0.639494	0.402051	0.100408	0.477453	0.66284	0.4144	0.0968525	0.560831	0.646294	0.365757	0.273124	0.515718	0.289305	0.472216	0.333921	0.128435	0.327475	0.351242	0.127105	0.31056	0.209158	0.233322	0.23572	0.217205	0.177984	0.707666	0.188873	0.403229	0.421995	0.408001	0.316299	0.606997	0.432935	0.416694	0.358066	0.419364	0.183353	0.113609	0.203405	0.263827	0.273242	0.192144	0.283455	0.254774	0.322587	0.131846	0.39073	0.658617	0.210125	0.464103	0.100463	0.705083	0.203579	0.409788	0.500437	0.458888	0.131246	0.128114	0.688091	0.10397	0.323781	0.0623193	0.191879	0.523677	0.369079	0.464543	0.81861	0.281113	0.826445	0.826445	0.7305	0.560031	0.711007	0.565843	0.802716	0.694406	0.802716	0.0709536	0.621083	0.0681908	0.469494	0.186792	0.211546	0.202987	0.201	0.190726	0.354503	0.0987594	0.880696	0.880696	0.471657	0.471657	0.472203	0.444683	0.501155	0.122213	0.450848	0.466544	0.286537	0.543667	0.483511	0.355165	0.758836	0.478642	0.212143	0.426349	0.129865	0.622746	0.622746	0.610164	0.891089	0.208187	0.35698	0.208187	0.254016	0.761576	0.554757	0.0584406	0.403106	0.100478	0.404393	0.182218	0.153563	0.37354	
0.130431	0.155574	0.0495631	0.861453	0.184507	0.760704	0.760704	0.91786	1	0.94221	0.781563	0.828196	0.784545	0.910258	0.753763	0.708635	0.326598	0.337296	0.21748	0.426356	0.554757	0.557115	0.27148	0.0952043	0.362824	0.610265	0.610265	0.610265	0.615688	0.610265	0.626985	0.483023	0.485621	0.505935	0.615688	0.575361	0.643274	0.402936	0.599269	0.615688	0.233618	0.622075	0.293211	0.384366	0.510188	0.114614	0.747418	0.733951	0.589501	0.575698	0.171338	0.329274	0.463407	0.17709	0.348919	0.901083	0.437774	0.285766	0.282947	0.156953	0.901083	0.450207	0.17709	0.424424	0.473687	0.595903	0.442268	0.382492	0.371702	0.367999	0.483815	0.427424	0.427424	0.232795	0.453138	0.220202	0.380941	0.44013	0.431232	0.445114	0.618523	0.388867	0.0971156	0.461796	0.641103	0.400811	0.0936764	0.54244	0.6251	0.353762	0.264167	0.498806	0.279817	0.456731	0.322971	0.124223	0.316736	0.339723	0.122936	0.300375	0.202299	0.22567	0.22799	0.210082	0.172147	0.684459	0.182679	0.390006	0.408156	0.394622	0.305926	0.587091	0.418737	0.403029	0.346324	0.405612	0.17734	0.109883	0.196735	0.255176	0.264281	0.185843	0.274159	0.246419	0.312008	0.127522	0.377917	0.637019	0.203235	0.448883	0.0971688	0.705083	0.196903	0.39635	0.486338	0.443839	0.126942	0.123913	0.688091	0.100561	0.313163	0.0602756	0.185587	0.506504	0.356975	0.449309	0.791765	0.271894	0.799343	0.799343	0.706545	0.541666	0.687691	0.547287	0.776392	0.671635	0.776392	0.0686268	0.600715	0.0659546	0.454098	0.180667	0.204609	0.19633	0.194409	0.184471	0.342877	0.0955207	0.851815	0.851815	0.45619	0.45619	0.456718	0.4301	0.48472	0.118206	0.436064	0.451244	0.27714	0.525838	0.467655	0.343518	0.733951	0.462946	0.205186	0.412368	0.125607	0.602324	0.602324	0.590154	0.861867	0.20136	0.345273	0.20136	0.245686	0.736601	0.554757	0.0565241	0.389887	0.0971834	0.391132	0.176242	0.148527	0.36129	
0.13843	0.165117	0.052603	0.91429	0.195824	0.807361	0.807361	0.974156	0.94221	1	0.8295	0.878993	0.770901	0.894427	0.740654	0.714437	0.34663	0.357984	0.230819	0.452506	0.574064	0.577347	0.288131	0.101044	0.385077	0.647696	0.647696	0.647696	0.653451	0.647696	0.665441	0.479729	0.482309	0.502484	0.653451	0.61065	0.682729	0.409018	0.636024	0.653451	0.247947	0.66023	0.311194	0.407941	0.54148	0.121644	0.79326	0.778968	0.625658	0.574064	0.181847	0.34947	0.49183	0.187952	0.37032	0.95635	0.464624	0.303293	0.300301	0.16658	0.95635	0.47782	0.187952	0.450456	0.50274	0.585539	0.469394	0.405952	0.3945	0.39057	0.51349	0.45364	0.45364	0.247073	0.480931	0.233708	0.404306	0.467125	0.457681	0.472415	0.65646	0.412718	0.103072	0.49012	0.680425	0.425394	0.099422	0.57571	0.66344	0.37546	0.28037	0.5294	0.29698	0.484744	0.34278	0.131842	0.336162	0.36056	0.130477	0.318799	0.214707	0.239512	0.241974	0.222967	0.182706	0.72644	0.193883	0.413927	0.43319	0.418826	0.32469	0.6231	0.44442	0.427749	0.367565	0.430489	0.188217	0.116623	0.208801	0.270827	0.280491	0.197241	0.290975	0.261533	0.331145	0.135343	0.401096	0.67609	0.2157	0.476415	0.103129	0.698835	0.20898	0.42066	0.500437	0.471062	0.134728	0.131513	0.69509	0.106728	0.332371	0.0639726	0.19697	0.53757	0.37887	0.476867	0.840328	0.288571	0.84837	0.84837	0.74988	0.574889	0.72987	0.580855	0.824011	0.712829	0.824011	0.072836	0.63756	0.0699999	0.48195	0.191748	0.217158	0.208372	0.206333	0.195786	0.363908	0.101379	0.90406	0.90406	0.48417	0.48417	0.48473	0.45648	0.51445	0.125456	0.462809	0.478921	0.294138	0.55809	0.496338	0.364587	0.778968	0.491341	0.217771	0.43766	0.133311	0.639267	0.639267	0.626351	0.914729	0.21371	0.36645	0.21371	0.260755	0.78178	0.547723	0.059991	0.413801	0.103144	0.415121	0.187052	0.157637	0.38345	
0.114828	0.136964	0.0436342	0.758403	0.162436	0.669706	0.669706	0.808062	0.781563	0.8295	1	0.729124	0.68333	0.792824	0.656519	0.617212	0.287529	0.296948	0.191464	0.375354	0.483187	0.500687	0.239004	0.0838156	0.319422	0.537263	0.537263	0.537263	0.542037	0.537263	0.551983	0.446966	0.449369	0.468167	0.542037	0.506534	0.566324	0.384299	0.527582	0.542037	0.205672	0.547661	0.258136	0.338387	0.449157	0.100903	0.658009	0.646153	0.518983	0.501426	0.150842	0.289885	0.407973	0.155906	0.30718	0.793292	0.385406	0.251581	0.2491	0.138178	0.793292	0.396352	0.155906	0.373653	0.417023	0.519024	0.389362	0.336737	0.327238	0.323978	0.42594	0.376294	0.376294	0.204947	0.398932	0.193861	0.335371	0.38748	0.379647	0.391868	0.544533	0.342349	0.0854983	0.406554	0.564412	0.352864	0.0824705	0.477551	0.550323	0.311444	0.232567	0.439137	0.246345	0.402095	0.284336	0.109363	0.278847	0.299084	0.10823	0.264444	0.178099	0.198675	0.200717	0.184951	0.151554	0.602582	0.160826	0.343352	0.359331	0.347416	0.269331	0.516861	0.368646	0.354818	0.304895	0.357091	0.156126	0.0967386	0.1732	0.224651	0.232667	0.163611	0.241364	0.216942	0.274684	0.112267	0.332709	0.560817	0.178923	0.395186	0.0855451	0.667892	0.173349	0.348937	0.471817	0.390746	0.111757	0.10909	0.599319	0.0885312	0.275702	0.0530653	0.163386	0.445914	0.314273	0.395561	0.697052	0.23937	0.703723	0.703723	0.622025	0.47687	0.605427	0.481819	0.683517	0.591291	0.683517	0.0604174	0.528856	0.0580649	0.399777	0.159055	0.180133	0.172844	0.171153	0.162404	0.301861	0.0840942	0.749918	0.749918	0.401619	0.401619	0.402083	0.37865	0.426736	0.104066	0.3839	0.397265	0.243988	0.462936	0.411713	0.302425	0.646153	0.407567	0.180641	0.363039	0.110581	0.530272	0.530272	0.519558	0.758768	0.177273	0.303971	0.177273	0.216296	0.648486	0.483187	0.0497625	0.343247	0.085558	0.344343	0.15516	0.13076	0.318072	
0.133619	0.163926	0.050985	0.883817	0.186825	0.811882	0.811882	0.856276	0.828196	0.878993	0.729124	1	0.698687	0.810642	0.715552	0.639761	0.32988	0.329106	0.233543	0.479483	0.573948	0.595934	0.289731	0.100183	0.384323	0.640724	0.640724	0.640724	0.646417	0.640724	0.658278	0.494116	0.482805	0.503001	0.646417	0.604077	0.67538	0.353512	0.629178	0.646417	0.241599	0.652242	0.293609	0.392396	0.547977	0.11518	0.784721	0.770583	0.625256	0.563961	0.178763	0.3373	0.516046	0.175149	0.342341	0.9464	0.482917	0.284345	0.282837	0.167269	0.9464	0.49889	0.175149	0.454816	0.507606	0.560897	0.461476	0.389421	0.382932	0.395146	0.589654	0.452167	0.452167	0.238331	0.460592	0.225439	0.413245	0.477453	0.467801	0.48286	0.657591	0.40281	0.100393	0.478354	0.679092	0.450754	0.0951825	0.582618	0.652354	0.358163	0.267476	0.505012	0.286115	0.467019	0.335227	0.123314	0.340913	0.34395	0.122037	0.307136	0.206852	0.214248	0.233122	0.195682	0.169166	0.698979	0.195259	0.39271	0.410986	0.397358	0.308048	0.61526	0.437205	0.420805	0.375692	0.456153	0.190025	0.114946	0.19371	0.266749	0.276268	0.192696	0.286594	0.271519	0.323369	0.118781	0.411405	0.69098	0.199715	0.446842	0.101646	0.734095	0.203182	0.404796	0.437542	0.463415	0.118241	0.115419	0.736498	0.10232	0.322464	0.0620049	0.186358	0.539098	0.369815	0	0.845033	0.277688	0.853121	0.853121	0.735365	0.532951	0.739226	0.569611	0.828626	0.706954	0.828626	0.0717887	0.662999	0.0689934	0.50118	0.182936	0.207178	0.198796	0.19685	0.186788	0.368071	0.0923238	0.893123	0.893123	0.487089	0.487089	0.534637	0.459232	0.482952	0.118954	0.4656	0.456555	0.280869	0.529557	0.501708	0.353897	0.770583	0.481323	0.212657	0.422777	0.123431	0.631533	0.631533	0.618773	0.804041	0.208692	0.367095	0.208692	0.269012	0.76559	0.523842	0.0540783	0.43847	0.101661	0.4243	0.189501	0.138347	0.367014	
0.0758108	0.104259	0.0667395	0.747942	0.0977397	0.65251	0.65251	0.784545	0.784545	0.770901	0.68333	0.698687	1	0.861893	0.713713	0.670983	0.159603	0.139826	0.123507	0.237314	0.525281	0.524603	0.130107	0.109767	0.212008	0.492129	0.492129	0.492129	0.496501	0.492129	0.505612	0.446833	0.464306	0.468028	0.496501	0.463981	0.518748	0.434352	0.483261	0.496501	0.119196	0.513519	0.141888	0.377245	0.287991	0.0830197	0.602731	0.591871	0.483191	0.545109	0.143237	0.152124	0.243287	0.140206	0.169379	0.778169	0.208442	0.132416	0.141772	0.146039	0.778169	0.249604	0.140206	0.20695	0.23097	0.564241	0.226157	0.205945	0.202864	0.179179	0.281787	0.615297	0.615297	0.116621	0.254916	0.110313	0.209086	0.241572	0.236689	0.244308	0.439454	0.200387	0.112948	0.237969	0.374615	0.223096	0.0824273	0.306196	0.518334	0.186535	0.133809	0.263015	0.160239	0.247303	0.167724	0.0873923	0.180843	0.179133	0.0864869	0.172011	0.115847	0.116312	0.13056	0.141675	0.113436	0.478075	0.0962073	0.210586	0.220386	0.213078	0.165187	0.403082	0.256345	0.246729	0.190086	0.225768	0.0868592	0.1302	0.137023	0.14683	0.152069	0.111601	0.157753	0.151135	0.163496	0.0859981	0.365257	0.534365	0.133921	0.229829	0.115134	0.66762	0.0945934	0.243107	0.441344	0.271712	0.085607	0.0835639	0.651531	0.0579278	0.175684	0.0811645	0.10102	0.318332	0.191082	0.247135	0.679153	0.216321	0.685653	0.685653	0.570927	0.499366	0.599766	0.442238	0.665967	0.530469	0.665967	0.0813153	0.41632	0.078149	0.314708	0.0957053	0.108388	0.104003	0.102985	0.0977207	0.190451	0.0990126	0.703167	0.703167	0.235047	0.235047	0.261119	0.221604	0.26211	0.0646404	0.224677	0.22801	0.135838	0.356841	0.272353	0.187482	0.591871	0.551471	0.10752	0.213724	0.0827681	0.497214	0.497214	0.487168	0.75701	0.105515	0.195172	0.105515	0.144645	0.580692	0.525281	0.0703171	0.217015	0.115152	0.214679	0.0815537	0.100164	0.373432	
0.0879585	0.120965	0.0774336	0.86779	0.113401	0.757066	0.757066	0.910258	0.910258	0.894427	0.792824	0.810642	0.861893	1	0.828076	0.778499	0.185177	0.162232	0.143297	0.275341	0.609451	0.597612	0.150955	0.127356	0.24598	0.570986	0.570986	0.570986	0.576059	0.570986	0.586629	0.47809	0.551679	0.47809	0.576059	0.538328	0.60187	0.385605	0.560697	0.576059	0.138296	0.595803	0.164624	0.437693	0.334137	0.0963225	0.69931	0.68671	0.560616	0.632456	0.166189	0.1765	0.28227	0.162672	0.19652	0.90286	0.241842	0.153634	0.164489	0.16944	0.90286	0.2896	0.162672	0.240111	0.26798	0.654653	0.262396	0.238945	0.23537	0.20789	0.32694	0.71389	0.71389	0.135308	0.295763	0.127989	0.242589	0.280281	0.274615	0.283455	0.50987	0.232497	0.131046	0.2761	0.434642	0.258844	0.0956352	0.35526	0.60139	0.216425	0.15525	0.30516	0.185915	0.28693	0.1946	0.101396	0.209821	0.207836	0.100345	0.199574	0.13441	0.13495	0.15148	0.164376	0.131612	0.55468	0.111623	0.244329	0.2557	0.247221	0.191656	0.46767	0.297421	0.286264	0.220544	0.261944	0.100777	0.151062	0.158979	0.170357	0.176436	0.129483	0.183031	0.175353	0.189694	0.0997781	0.423785	0.61999	0.15538	0.266656	0.133583	0.774597	0.109751	0.22925	0.47809	0.31525	0.0993244	0.0969539	0.75593	0.06721	0.203835	0.09417	0.117208	0.36934	0.2217	0.286735	0.787979	0.191623	0.79552	0.79552	0.66241	0.579383	0.69587	0.513101	0.772679	0.61547	0.772679	0.094345	0.483029	0.0906714	0.365136	0.111041	0.125756	0.120668	0.119487	0.113379	0.220968	0.114878	0.81584	0.81584	0.27271	0.27271	0.30296	0.257114	0.30411	0.0749981	0.260679	0.264545	0.157604	0.41402	0.315994	0.217523	0.68671	0.639836	0.124748	0.24797	0.0960306	0.576886	0.576886	0.565231	0.878311	0.122422	0.226446	0.122422	0.167823	0.67374	0.609451	0.0815845	0.251789	0.133603	0.249079	0.0946215	0.116213	0.43327	
0.17496	0.204747	0.174879	0.206124	0.215873	0.185334	0.185334	0.753763	0.753763	0.740654	0.656519	0.715552	0.713713	0.828076	1	0.645881	0.300517	0.284195	0.128996	0.206367	0.504671	0.529007	0.214714	0.22444	0.198615	0.395895	0.418883	0.406909	0.426045	0.422606	0.417323	0.45587	0.458322	0.477493	0.411473	0.411877	0.464232	0.437998	0.390115	0.385888	0.183822	0.181833	0.177462	0.181011	0.252387	0.172275	0.442622	0.442622	0.464232	0.523721	0.281079	0.308965	0.199763	0.276312	0.263281	0.204567	0.217414	0.234017	0.272501	0.291396	0.204567	0.198224	0.276312	0.259094	0.289166	0.565825	0.334888	0.264433	0.266086	0.256054	0.246367	0.33485	0.33485	0.238261	0.220607	0.225373	0.165084	0.190734	0.186878	0.192894	0.310699	0.196583	0.291366	0.233451	0.35095	0.194002	0.155389	0.268342	0.278197	0.180713	0.252462	0.254806	0.202155	0.235579	0.227665	0.160091	0.226712	0.173542	0.158433	0.217007	0.146151	0.152372	0.164712	0.261229	0.290157	0.242554	0.211933	0.254913	0.266776	0.25793	0.199957	0.425571	0.217963	0.209787	0.150082	0.196326	0.16972	0.299888	0.266054	0.137911	0.142833	0.227019	0.148171	0.139796	0.222866	0.158569	0.300168	0.369811	0.342555	0.219268	0.265189	0.641425	0.119433	0.228216	0.425845	0.231029	0.157848	0.154081	0.625967	0.164623	0.26206	0.212677	0.19246	0.272508	0.291741	0.261594	0.192901	0.20307	0.194747	0.194747	0.226347	0.273951	0.403525	0.175328	0.189156	0.391415	0.189156	0.187293	0.331627	0.18	0.250687	0.21138	0.239392	0.229706	0.227458	0.215831	0.166353	0.204385	0.248985	0.248985	0.266608	0.266608	0.234424	0.25136	0.234875	0.135168	0.254845	0.269694	0.251588	0.283363	0.152465	0.24591	0.442622	0.414911	0.146564	0.263688	0.211712	0.176059	0.176059	0.172502	0.727308	0.143831	0.140512	0.143831	0.114128	0.583092	0.504671	0.143625	0.188715	0.265229	0.1695	0.153704	0.184688	0.331223	
0.106316	0.148412	0.0888524	0.121832	0.1285	0.131283	0.131283	0.708635	0.708635	0.714437	0.617212	0.639761	0.670983	0.778499	0.645881	1	0.198004	0.237256	0.14906	0.261565	0.490689	0.515893	0.162869	0.132199	0.0717197	0.384455	0.408499	0.396822	0.41472	0.41213	0.406977	0.694011	0.697743	0.72693	0.401273	0.397551	0.436439	0.427139	0.380444	0.383804	0.14605	0.0749704	0.17102	0.0782624	0.243606	0.124788	0.423672	0.416122	0.436439	0.502802	0.171955	0.227887	0.228363	0.178649	0.241283	0.116721	0.207808	0.19491	0.186117	0.170633	0.116721	0.246426	0.178649	0.219917	0.245442	0.509646	0.267202	0.225303	0.230926	0.283331	0.311378	0.122904	0.122904	0.193522	0.270587	0.183053	0.206137	0.238166	0.233351	0.240863	0.132872	0.216164	0.157002	0.256704	0.126727	0.245893	0.0818195	0.259006	0.127816	0.213563	0.259037	0.301124	0.197348	0.270551	0.249109	0.121695	0.220611	0.205087	0.120435	0.211847	0.142676	0.163008	0.160795	0.18174	0.162287	0.0776898	0.133	0.262291	0.274497	0.265395	0.205745	0.434202	0.242341	0.23325	0.187405	0.248838	0.142206	0.15514	0.161414	0.148107	0.153392	0.154902	0.159126	0.160935	0.24256	0.110318	0.0555041	0.0749676	0.191593	0.260454	0.137189	0.639439	0.113338	0.271267	0.526671	0.256869	0.109817	0.107196	0.58849	0.0779459	0.192695	0.108057	0.146974	0.255363	0.243061	0.246281	0.136643	0.186088	0.137951	0.137951	0.0786739	0.0757976	0.103221	0.0609405	0.13399	0.102524	0.13399	0.0968915	0.0977944	0.0931187	0.0739257	0.125826	0.1425	0.136734	0.135396	0.128475	0.176484	0.114521	0.102658	0.102658	0.224069	0.224069	0.256506	0.211255	0.264561	0.0810396	0.214184	0.233691	0.230675	0.314211	0.0537683	0.213417	0.416122	0.103591	0.159515	0.239625	0.118412	0.07259	0.07259	0.0711234	0.683764	0.156541	0.185675	0.156541	0.14019	0.627447	0.474456	0.11054	0.239192	0.137209	0.211652	0.125187	0.12849	0.173538	
0.150107	0.161194	0.129304	0.150444	0.161104	0.203036	0.203036	0.337671	0.326598	0.34663	0.287529	0.32988	0.159603	0.185177	0.300517	0.198004	1	0.877615	0.178153	0.277349	0.155341	0.162175	0.201438	0.190024	0.237828	0.136244	0.136244	0.136244	0.140486	0.136244	0.139977	0.262138	0.263547	0.274572	0.137455	0.128452	0.143614	0.190837	0.133789	0.137455	0.305508	0.274723	0.162491	0.147243	0.293463	0.158908	0.166864	0.163858	0.258365	0.159176	0.639542	0.666663	0.854712	0.642132	0.6175	0.648289	0.675083	0.657071	0.647885	0.657343	0.648289	0.858172	0.642132	0.800663	0.893595	0.121226	0.269713	0.27627	0.3143	0.336415	0.327824	0.29937	0.29937	0.296295	0.288879	0.295353	0.277912	0.273907	0.26837	0.277009	0.259937	0.272077	0.300689	0.323103	0.28064	0.272167	0.216497	0.312015	0.297044	0.263223	0.32897	0.312097	0.330111	0.318309	0.346876	0.266119	0.307085	0.249555	0.268594	0.354461	0.239123	0.243093	0.269491	0.352837	0.336573	0.25	0.15587	0.421637	0.3849	0.403687	0.276387	0.28908	0.307148	0.288674	0.274723	0.274723	0.288673	0.263834	0.310455	0.149177	0.1545	0.218729	0.160274	0.14801	0.322657	0.235701	0.162596	0.214233	0.397354	0.310331	0.233306	0.30891	0.162661	0.341948	0.198931	0.307148	0.270224	0.239192	0.252818	0.158627	0.271325	0.157252	0.25	0.334162	0.238469	0.320148	0.195758	0.234575	0.199158	0.198834	0.198957	0.221672	0.24657	0.192451	0.199329	0.259955	0.191608	0.164775	0.200276	0.158359	0.151395	0.15775	0.178655	0.171427	0.169749	0.161072	0.239042	0.241027	0.210042	0.193494	0.294481	0.294481	0.335768	0.27764	0.332752	0.103078	0.281489	0.301259	0.230382	0.363848	0.079297	0.308057	0.163858	0.292674	0.258335	0.33151	0.303488	0.256496	0.230733	0.221472	0.317072	0.272626	0.260478	0.272626	0.156198	0.503076	0.112856	0.160561	0.272167	0.233341	0.277912	0.134781	0.324442	0.239691	
0.146586	0.256089	0.124943	0.216891	0.182053	0.204872	0.204872	0.348732	0.337296	0.357984	0.296948	0.329106	0.139826	0.162232	0.284195	0.237256	0.877615	1	0.171033	0.292353	0.177826	0.194324	0.195785	0.182646	0.237828	0.130683	0.130683	0.130683	0.133632	0.130683	0.134264	0.275217	0.276697	0.288272	0.131845	0.123209	0.137752	0.179406	0.128329	0.131845	0.312098	0.289584	0.147577	0.1394	0.284342	0.157628	0.160053	0.15717	0.281844	0.182216	0.661168	0.67082	0.866392	0.616003	0.630127	0.642363	0.657071	0.647885	0.663757	0.666663	0.642363	0.857551	0.616003	0.79487	0.887129	0.106205	0.299686	0.292063	0.325781	0.351951	0.373015	0.315565	0.315565	0.31775	0.30275	0.307927	0.292353	0.280174	0.280388	0.283347	0.273999	0.287855	0.247437	0.34184	0.270616	0.286891	0.219743	0.302317	0.313113	0.285949	0.313294	0.345966	0.310086	0.376517	0.410438	0.294749	0.363162	0.2666	0.29111	0.331573	0.227904	0.262735	0.270942	0.326659	0.336573	0.263524	0.152218	0.352767	0.322031	0.337749	0.291339	0.30429	0.323764	0.30429	0.289584	0.289584	0.300464	0.29537	0.312397	0.14109	0.146125	0.210059	0.151587	0.161784	0.372576	0.248452	0.159162	0.221506	0.397354	0.325501	0.261193	0.252977	0.143943	0.320955	0.208857	0.323764	0.267746	0.250451	0.207041	0.160061	0.273185	0.151949	0.263524	0.335315	0.262133	0.342692	0.197528	0.220173	0.200958	0.200631	0.200755	0.228711	0.261079	0.194191	0.205089	0.261062	0.19334	0.184471	0.194072	0.177288	0.146704	0.178264	0.201887	0.193719	0.191823	0.182018	0.254224	0.214471	0.221404	0.203402	0.2788	0.2788	0.326474	0.262855	0.306131	0.0979703	0.2665	0.272833	0.298439	0.363129	0.0826195	0.332742	0.15717	0.30429	0.266094	0.358074	0.319906	0.270371	0.238533	0.228959	0.327458	0.287374	0.238879	0.287374	0.171156	0.490588	0.0988722	0.164317	0.286891	0.261232	0.292353	0.142927	0.341993	0.216931	
0.085416	0.132502	0.0939394	0.0887061	0.142313	0.0991252	0.0991252	0.224853	0.21748	0.230819	0.191464	0.233543	0.123507	0.143297	0.128996	0.14906	0.178153	0.171033	1	0.146662	0.0877447	0.122087	0.100598	0.139213	0.104081	0.112649	0.112649	0.112649	0.11365	0.112649	0.115735	0.177991	0.178948	0.186433	0.11365	0.106206	0.118742	0.116423	0.110619	0.11365	0.0904035	0.0792229	0.0910814	0.103127	0.169195	0.107288	0.137966	0.13548	0.182216	0.0899107	0.185381	0.175055	0.151462	0.218805	0.165191	0.0989122	0.121764	0.145412	0.184904	0.210033	0.0989122	0.15964	0.218805	0.137378	0.153323	0.09381	0.140711	0.180023	0.139878	0.145577	0.207168	0.195944	0.195944	0.170885	0.156627	0.161641	0.143067	0.165296	0.161955	0.167168	0.138977	0.131121	0.148385	0.155712	0.18391	0.137874	0.0981141	0.179891	0.169035	0.113713	0.168829	0.160336	0.121823	0.142719	0.166955	0.124471	0.133428	0.1092	0.123181	0.130773	0.0880741	0.0891272	0.0992592	0.198709	0.174851	0.0992985	0.103863	0.187698	0.196434	0.18992	0.147233	0.221913	0.150142	0.144509	0.130066	0.139526	0.118289	0.175552	0.167501	0.0974772	0.100956	0.138031	0.104729	0.103029	0.147335	0.120618	0.119965	0.155661	0.206427	0.170519	0.155239	0.153677	0.0629699	0.252455	0.135074	0.159142	0.12007	0.117204	0.125773	0.0809853	0.139253	0.114243	0.108432	0.165873	0.158719	0.199112	0.103173	0.218482	0.10416	0.10416	0.100297	0.133167	0.206672	0.0776894	0.101169	0.194366	0.101169	0.10964	0.13909	0.10537	0.105142	0.139351	0.157818	0.151433	0.149951	0.142286	0.112588	0.123522	0.108481	0.108481	0.146646	0.146646	0.15747	0.138259	0.184534	0.079225	0.140176	0.151537	0.162414	0.183871	0.0622684	0.129272	0.13548	0.190529	0.0968919	0.125744	0.12758	0.0767075	0.0767075	0.0751577	0.211137	0.0950853	0.13387	0.0950853	0.098435	0.35751	0.0873327	0.0900762	0.134117	0.155262	0.146894	0.0823617	0.140486	0.158333	
0.192801	0.179419	0.1715	0.208036	0.277504	0.486665	0.486665	0.440812	0.426356	0.452506	0.375354	0.479483	0.237314	0.275341	0.206367	0.261565	0.277349	0.292353	0.146662	1	0.172234	0.214234	0.184317	0.232103	0.289885	0.214442	0.214442	0.214442	0.216348	0.214442	0.220318	0.317997	0.319707	0.33308	0.216348	0.202177	0.226042	0.205491	0.210578	0.216348	0.414303	0.451823	0.191055	0.179916	0.299645	0.178074	0.262637	0.257905	0.342758	0.176486	0.388297	0.452377	0.389217	0.300093	0.282089	0.300638	0.298866	0.298952	0.368383	0.406766	0.300638	0.290568	0.300093	0.238193	0.261536	0.180253	0.266804	0.267943	0.529244	0.571757	0.52357	0.498603	0.498603	0.516197	0.491829	0.50024	0.423184	0.488937	0.479053	0.494474	0.477717	0.51909	0.530221	0.616441	0.310085	0.433887	0.353302	0.350822	0.330936	0.327976	0.367638	0.410028	0.435348	0.396747	0.432354	0.335226	0.415464	0.318641	0.332003	0.467333	0.314743	0.331925	0.354714	0.490255	0.443535	0.339684	0.200466	0.368208	0.385344	0.372566	0.319801	0.416026	0.437013	0.416026	0.424971	0.439084	0.400003	0.276769	0.329435	0.141077	0.146111	0.168973	0.151572	0.138065	0.463776	0.327673	0.232893	0.343753	0.523632	0.255373	0.244745	0.181547	0.128563	0.249251	0.241321	0.425292	0.318265	0.332432	0.148582	0.215919	0.327857	0.195572	0.309949	0.368655	0.327588	0.315389	0.547723	0.219579	0.561952	0.367786	0.561952	0.28361	0.533114	0.435286	0.533114	0.547723	0.502625	0.172854	0.259737	0.166124	0.196343	0.271728	0.307737	0.295286	0.292396	0.27745	0.150386	0.327534	0.510754	0.510754	0.413001	0.400667	0.501206	0.400667	0.393178	0.120652	0.248062	0.260049	0.229664	0.264423	0.155798	0.540552	0.257905	0.339682	0.340433	0.581705	0.409676	0.361158	0.361158	0.353861	0.413921	0.36515	0.252687	0.36515	0.157824	0.535151	0.167807	0.125438	0.422062	0.244781	0.434505	0.17125	0.359935	0.291469	
0.100702	0.115347	0.114807	0.0816161	0.114157	0.0921527	0.0921527	0.559228	0.554757	0.574064	0.483187	0.573948	0.525281	0.609451	0.504671	0.490689	0.155341	0.177826	0.0877447	0.172234	1	0.401897	0.117027	0.130897	0.0934081	0.384899	0.384899	0.384899	0.392466	0.384899	0.395444	0.489152	0.491782	0.512354	0.388319	0.362885	0.405718	0.313748	0.377963	0.388319	0.108869	0.0541479	0.129203	0.0902847	0.171827	0.096362	0.486665	0.470606	0.385846	0.401841	0.183243	0.177848	0.186553	0.169628	0.198339	0.0900765	0.195039	0.129622	0.161216	0.182664	0.0900765	0.191306	0.169628	0.161243	0.179959	0.398978	0.186865	0.180263	0.179677	0.184562	0.248706	0.155367	0.155367	0.137493	0.202616	0.130055	0.160902	0.185902	0.182144	0.188007	0.107542	0.143624	0.16197	0.170559	0.16505	0.161915	0.0682462	0.182689	0.138972	0.150076	0.184411	0.211608	0.102807	0.160074	0.152837	0.115312	0.134257	0.144121	0.114117	0.110361	0.0743265	0.0945048	0.0837657	0.152827	0.128578	0.0723605	0.102444	0.195126	0.204206	0.197435	0.153059	0.329583	0.181393	0.174589	0.14628	0.163854	0.106334	0.155585	0.181346	0.0989355	0.102466	0.131221	0.106296	0.101788	0.185428	0.0927677	0.0947259	0.114506	0.151797	0.194281	0.137582	0.529547	0.0888504	0.218987	0.371207	0.192267	0.0923458	0.0901419	0.460702	0.0717053	0.145576	0.139622	0.105289	0.199196	0.216374	0.213813	0.0959155	0.194859	0.0968334	0.0968334	0.0646955	0.107319	0.154039	0.0501129	0.0940531	0.154678	0.0940531	0.0971695	0.108446	0.0933859	0.0819773	0.111781	0.126594	0.121472	0.120284	0.114135	0.14382	0.12466	0.0741453	0.0741453	0.179533	0.179533	0.206066	0.169265	0.19755	0.072231	0.171612	0.164647	0.157921	0.240697	0.041119	0.166053	0.47479	0.182099	0.121943	0.171511	0.0938164	0.0524286	0.0524286	0.0513693	0.535287	0.119669	0.127666	0.119669	0.112771	0.511759	0.37143	0.0821974	0.157502	0.137603	0.165206	0.0876402	0.108048	0.150251	
