	D00035	D00110	D00136	D00195	D00219	D00225	D00227	D00228	D00234	D00252	D00274	D00283	D00293	D00294	D00303	D00319	D00326	D00329	D00331	D00332	D00335	D00336	D00338	D00340	D00345	D00349	D00351	D00354	D00358	D00364	D00367	D00373	D00379	D00380	D00392	D00394	D00418	D00437	D00438	D00451	D00456	D00464	D00474	D00477	D00480	D00495	D00499	D00504	D00512	D00513	D00519	D00521	D00524	D00528	D00530	D00533	D00536	D00537	D00538	D00539	D00542	D00543	D00544	D00545	D00546	D00547	D00548	D00549	D00550	D00552	D00553	D00560	D00563	D00574	D00593	D00594	D00607	D00611	D00615	D00616	D00617	D00618	D00619	D00629	D00631	D00633	D00636	D00638	D00639	D00640	D00642	D00647	D00648	D00649	D00650	D00651	D00654	D00656	D00658	D00677	D00678	D00694	D00697	D00704	D00708	D00709	D00711	D00726	D00732	D00733	D00735	D00738	D00739	D00740	D00741	D00759	D00760	D00761	D00765	D00771	D00775	D00779	D00791	D00798	D00799	D00809	D00812	D00816	D00823	D00831	D00960	D00963	D00964	D01071	D01108	D01111	D01118	D01242	D01243	D01253	D01256	D01275	D01287	D01295	D01350	D01448	D01450	D01453	D01575	D01599	D01603	D01712	D01768	D01799	D01828	D01854	D01969	D02041	D02086	D02087	D02088	D02092	D02098	D02101	D02163	D02173	D02204	D02207	D02234	D02237	D02253	D02261	D02262	D02272	D02347	D02356	D02360	D02362	D02409	D02461	D02485	D02546	D02566	D02630	D02914	D03037	D03180	D03274	D03365	D03450	D03580	D03742	D03826	D03830	D03878	D03991	D04034	D04048	D04370	D04790	D04985	D04999	D05024	D05077	D05156	D05453	D05458	D05461	D06106	D06172
D00035	1.000000	0.319819	0.339596	0.301194	0.216536	0.236928	0.244143	0.275271	0.244143	0.301194	0.216536	0.223130	0.223130	0.142274	0.329559	0.283654	0.329559	0.197899	0.203926	0.637628	0.210136	0.160414	0.216536	0.142274	0.175520	0.229925	0.197899	0.236928	0.319819	0.244143	0.292293	0.236928	0.223130	0.229925	0.301194	0.267135	0.236928	0.210136	0.175520	0.236928	0.301194	0.301194	0.301194	0.349938	0.216536	0.267135	0.275271	0.382893	0.339596	0.418952	0.133989	0.406570	0.310367	0.223130	0.236928	0.267135	0.394554	0.180866	0.210136	0.418952	0.349938	0.371577	0.349938	0.371577	0.382893	0.349938	0.360595	0.339596	0.244143	0.444858	0.418952	0.251579	0.275271	0.349938	0.160414	0.244143	0.244143	0.382893	0.165299	0.175520	0.192050	0.192050	0.210136	0.203926	0.349938	0.486752	0.236928	0.349938	0.339596	0.360595	0.329559	0.165299	0.197899	0.251579	0.133989	0.130029	0.146607	0.126186	0.130029	0.283654	0.292293	0.223130	0.210136	0.349938	0.339596	0.444858	0.349938	0.259240	0.329559	0.301194	0.301194	0.319819	0.275271	0.371577	0.371577	0.122456	0.186374	0.192050	0.251579	0.349938	0.275271	0.418952	0.283654	0.216536	0.216536	0.259240	0.310367	0.339596	0.319819	0.486752	0.301194	0.275271	0.329559	0.229925	0.251579	0.516851	0.216536	0.155673	0.382893	0.197899	0.138069	0.275271	0.310367	0.371577	0.165299	0.236928	0.329559	0.216536	0.259240	0.223130	0.186374	0.210136	0.292293	0.229925	0.236928	0.371577	0.203926	0.319819	0.301194	0.223130	0.339596	0.216536	0.292293	0.203926	0.283654	0.259240	0.283654	0.203926	0.267135	0.259240	0.244143	0.319819	0.192050	0.192050	0.203926	0.229925	0.339596	0.329559	0.197899	0.216536	0.283654	0.582748	0.382893	0.292293	0.319819	0.175520	0.267135	0.203926	0.371577	0.406570	0.160414	0.301194	0.155673	0.197899	0.444858	0.283654	0.210136	0.329559	0.301194	0.339596	0.210136	0.637628	0.223130	0.236928	0.371577	0.360595	0.394554	0.223130	0.251579	0.371577
D00110	0.319819	1.000000	0.360595	0.458406	0.203926	0.236928	0.310367	0.244143	0.310367	0.301194	0.371577	0.267135	0.301194	0.160414	0.310367	0.339596	0.310367	0.301194	0.151072	0.275271	0.155673	0.170333	0.244143	0.142274	0.155673	0.329559	0.360595	0.175520	0.251579	0.292293	0.259240	0.339596	0.175520	0.160414	0.406570	0.339596	0.223130	0.301194	0.283654	0.197899	0.486752	0.223130	0.267135	0.244143	0.259240	0.406570	0.310367	0.267135	0.267135	0.292293	0.160414	0.360595	0.229925	0.360595	0.251579	0.382893	0.292293	0.216536	0.186374	0.349938	0.216536	0.244143	0.259240	0.244143	0.251579	0.229925	0.382893	0.319819	0.259240	0.310367	0.229925	0.267135	0.349938	0.349938	0.203926	0.371577	0.180866	0.301194	0.155673	0.319819	0.259240	0.259240	0.360595	0.275271	0.349938	0.251579	0.382893	0.310367	0.283654	0.283654	0.349938	0.236928	0.210136	0.175520	0.151072	0.130029	0.146607	0.180866	0.155673	0.339596	0.444858	0.236928	0.319819	0.229925	0.319819	0.394554	0.329559	0.292293	0.310367	0.339596	0.458406	0.319819	0.418952	0.329559	0.275271	0.283654	0.486752	0.418952	0.360595	0.275271	0.244143	0.394554	0.210136	0.310367	0.244143	0.292293	0.292293	0.236928	0.283654	0.236928	0.251579	0.394554	0.292293	0.418952	0.175520	0.360595	0.259240	0.236928	0.210136	0.382893	0.146607	0.329559	0.275271	0.349938	0.175520	0.301194	0.275271	0.349938	0.310367	0.186374	0.165299	0.360595	0.329559	0.151072	0.319819	0.394554	0.371577	0.618783	0.223130	0.267135	0.223130	0.349938	0.329559	0.329559	0.251579	0.418952	0.267135	0.394554	0.339596	0.151072	0.310367	0.360595	0.244143	0.244143	0.216536	0.394554	0.301194	0.310367	0.382893	0.310367	0.283654	0.319819	0.283654	0.329559	0.283654	0.301194	0.283654	0.349938	0.418952	0.360595	0.259240	0.516851	0.236928	0.301194	0.394554	0.382893	0.339596	0.275271	0.382893	0.382893	0.339596	0.444858	0.319819	0.301194	0.472367	0.339596	0.275271	0.301194	0.251579	0.244143
D00136	0.339596	0.360595	1.000000	0.339596	0.170333	0.251579	0.216536	0.394554	0.394554	0.267135	0.418952	0.339596	0.319819	0.170333	0.349938	0.283654	0.444858	0.382893	0.170333	0.418952	0.165299	0.192050	0.394554	0.151072	0.146607	0.170333	0.360595	0.223130	0.267135	0.394554	0.418952	0.301194	0.186374	0.151072	0.236928	0.319819	0.267135	0.175520	0.197899	0.197899	0.339596	0.267135	0.301194	0.292293	0.275271	0.236928	0.229925	0.251579	0.267135	0.292293	0.151072	0.618783	0.259240	0.210136	0.223130	0.319819	0.244143	0.133989	0.175520	0.275271	0.292293	0.310367	0.292293	0.310367	0.301194	0.310367	0.283654	0.283654	0.275271	0.275271	0.203926	0.382893	0.329559	0.329559	0.151072	0.349938	0.170333	0.236928	0.186374	0.251579	0.229925	0.170333	0.382893	0.180866	0.394554	0.360595	0.360595	0.349938	0.267135	0.382893	0.349938	0.210136	0.210136	0.197899	0.160414	0.175520	0.146607	0.170333	0.146607	0.251579	0.349938	0.210136	0.267135	0.329559	0.283654	0.329559	0.394554	0.310367	0.329559	0.339596	0.582748	0.301194	0.501576	0.329559	0.310367	0.210136	0.360595	0.329559	0.339596	0.292293	0.244143	0.637628	0.406570	0.310367	0.349938	0.310367	0.349938	0.283654	0.431711	0.406570	0.267135	0.275271	0.259240	0.275271	0.165299	0.283654	0.292293	0.210136	0.210136	0.319819	0.146607	0.275271	0.329559	0.472367	0.122456	0.339596	0.349938	0.203926	0.310367	0.165299	0.155673	0.175520	0.292293	0.203926	0.197899	0.371577	0.371577	0.382893	0.267135	0.283654	0.197899	0.418952	0.292293	0.259240	0.360595	0.371577	0.301194	0.349938	0.382893	0.203926	0.216536	0.406570	0.229925	0.229925	0.192050	0.371577	0.319819	0.418952	0.186374	0.229925	0.548812	0.236928	0.360595	0.860708	0.301194	0.319819	0.210136	0.329559	0.329559	0.382893	0.203926	0.431711	0.165299	0.236928	0.275271	0.382893	0.339596	0.349938	0.251579	0.339596	0.236928	0.418952	0.360595	0.283654	0.292293	0.548812	0.292293	0.360595	0.210136	0.192050
D00195	0.301194	0.458406	0.339596	1.000000	0.151072	0.223130	0.292293	0.292293	0.349938	0.251579	0.292293	0.301194	0.251579	0.142274	0.275271	0.236928	0.310367	0.251579	0.126186	0.275271	0.138069	0.151072	0.216536	0.142274	0.146607	0.244143	0.339596	0.155673	0.223130	0.292293	0.310367	0.360595	0.146607	0.142274	0.319819	0.339596	0.251579	0.197899	0.210136	0.223130	0.406570	0.210136	0.223130	0.244143	0.329559	0.301194	0.244143	0.175520	0.223130	0.310367	0.142274	0.431711	0.229925	0.267135	0.236928	0.251579	0.203926	0.180866	0.165299	0.259240	0.180866	0.203926	0.216536	0.203926	0.210136	0.203926	0.283654	0.283654	0.229925	0.229925	0.216536	0.301194	0.394554	0.244143	0.170333	0.329559	0.192050	0.283654	0.146607	0.339596	0.216536	0.192050	0.458406	0.180866	0.371577	0.319819	0.382893	0.292293	0.283654	0.301194	0.444858	0.251579	0.223130	0.155673	0.133989	0.138069	0.146607	0.170333	0.138069	0.301194	0.444858	0.175520	0.267135	0.216536	0.236928	0.275271	0.292293	0.259240	0.259240	0.339596	0.431711	0.339596	0.472367	0.275271	0.259240	0.301194	0.458406	0.565525	0.458406	0.275271	0.244143	0.444858	0.301194	0.349938	0.349938	0.349938	0.329559	0.301194	0.319819	0.319819	0.267135	0.310367	0.244143	0.310367	0.165299	0.267135	0.310367	0.236928	0.210136	0.236928	0.146607	0.329559	0.310367	0.371577	0.165299	0.406570	0.329559	0.292293	0.329559	0.175520	0.155673	0.267135	0.329559	0.133989	0.267135	0.394554	0.444858	0.431711	0.223130	0.267135	0.186374	0.310367	0.329559	0.677057	0.319819	0.718924	0.283654	0.600496	0.486752	0.203926	0.259240	0.548812	0.371577	0.371577	0.151072	0.472367	0.236928	0.349938	0.283654	0.259240	0.339596	0.267135	0.339596	0.329559	0.251579	0.267135	0.223130	0.394554	0.394554	0.382893	0.532592	0.657047	0.319819	0.319819	0.394554	0.431711	0.406570	0.310367	0.301194	0.319819	0.236928	0.349938	0.382893	0.267135	0.444858	0.382893	0.259240	0.319819	0.223130	0.192050
D00219	0.216536	0.203926	0.170333	0.151072	1.000000	0.126186	0.165299	0.146607	0.138069	0.216536	0.165299	0.133989	0.118837	0.319819	0.210136	0.151072	0.186374	0.111917	0.319819	0.236928	0.637628	0.582748	0.122456	0.319819	0.371577	0.175520	0.133989	0.160414	0.192050	0.138069	0.155673	0.160414	0.637628	0.657047	0.160414	0.142274	0.160414	0.180866	0.151072	0.310367	0.160414	0.133989	0.229925	0.210136	0.130029	0.142274	0.267135	0.349938	0.216536	0.138069	0.339596	0.203926	0.155673	0.160414	0.151072	0.229925	0.267135	0.236928	0.329559	0.210136	0.175520	0.175520	0.175520	0.175520	0.180866	0.165299	0.151072	0.170333	0.115325	0.210136	0.210136	0.160414	0.155673	0.267135	0.458406	0.175520	0.267135	0.203926	0.216536	0.126186	0.138069	0.155673	0.151072	0.165299	0.155673	0.180866	0.111917	0.236928	0.160414	0.180866	0.155673	0.349938	0.394554	0.170333	0.360595	0.310367	0.329559	0.319819	0.349938	0.203926	0.155673	0.160414	0.105399	0.165299	0.216536	0.197899	0.236928	0.175520	0.155673	0.151072	0.160414	0.192050	0.146607	0.175520	0.165299	0.203926	0.133989	0.138069	0.118837	0.138069	0.165299	0.197899	0.151072	0.146607	0.155673	0.138069	0.155673	0.160414	0.180866	0.203926	0.160414	0.175520	0.186374	0.236928	0.275271	0.292293	0.130029	0.126186	0.192050	0.160414	0.349938	0.165299	0.186374	0.186374	0.203926	0.170333	0.186374	0.155673	0.146607	0.565525	0.292293	0.151072	0.155673	0.516851	0.192050	0.186374	0.155673	0.170333	0.180866	0.192050	0.203926	0.155673	0.155673	0.165299	0.170333	0.130029	0.151072	0.138069	0.142274	0.283654	0.236928	0.170333	0.251579	0.251579	0.197899	0.165299	0.203926	0.138069	0.151072	0.138069	0.180866	0.170333	0.203926	0.155673	0.142274	0.170333	0.244143	0.130029	0.155673	0.180866	0.197899	0.160414	0.203926	0.133989	0.210136	0.180866	0.126186	0.186374	0.216536	0.192050	0.192050	0.267135	0.126186	0.203926	0.165299	0.192050	0.223130	0.151072	0.275271	0.223130
D00225	0.236928	0.236928	0.251579	0.223130	0.126186	1.000000	0.244143	0.418952	0.349938	0.382893	0.192050	0.548812	0.516851	0.292293	0.292293	0.236928	0.216536	0.406570	0.160414	0.180866	0.146607	0.118837	0.444858	0.203926	0.223130	0.259240	0.267135	0.486752	0.267135	0.329559	0.472367	0.339596	0.146607	0.126186	0.186374	0.406570	0.283654	0.210136	0.146607	0.197899	0.431711	0.382893	0.223130	0.259240	0.394554	0.175520	0.151072	0.210136	0.267135	0.229925	0.229925	0.223130	0.160414	0.319819	0.516851	0.319819	0.192050	0.133989	0.223130	0.192050	0.275271	0.259240	0.259240	0.259240	0.251579	0.229925	0.360595	0.236928	0.860708	0.259240	0.229925	0.360595	0.472367	0.192050	0.105399	0.170333	0.133989	0.236928	0.108609	0.223130	0.170333	0.192050	0.210136	0.192050	0.310367	0.210136	0.251579	0.151072	0.236928	0.155673	0.180866	0.130029	0.122456	0.301194	0.192050	0.223130	0.186374	0.216536	0.210136	0.360595	0.394554	0.301194	0.339596	0.216536	0.283654	0.244143	0.229925	0.203926	0.259240	0.236928	0.223130	0.267135	0.216536	0.244143	0.203926	0.115325	0.197899	0.203926	0.165299	0.310367	0.310367	0.244143	0.283654	0.349938	0.349938	0.349938	0.394554	0.301194	0.210136	0.283654	0.486752	0.180866	0.532592	0.192050	0.146607	0.175520	0.394554	0.301194	0.236928	0.406570	0.197899	0.142274	0.244143	0.371577	0.096328	0.251579	0.229925	0.292293	0.394554	0.165299	0.186374	0.251579	0.192050	0.170333	0.223130	0.259240	0.203926	0.319819	0.267135	0.197899	0.267135	0.180866	0.192050	0.180866	0.223130	0.216536	0.236928	0.203926	0.319819	0.160414	0.151072	0.267135	0.151072	0.151072	0.244143	0.203926	0.382893	0.216536	0.267135	0.160414	0.251579	0.175520	0.283654	0.259240	0.175520	0.283654	0.165299	0.259240	0.418952	0.165299	0.142274	0.283654	0.165299	0.165299	0.292293	0.223130	0.267135	0.244143	0.360595	0.146607	0.186374	0.244143	0.251579	0.197899	0.259240	0.339596	0.275271	0.251579	0.130029	0.259240
D00227	0.244143	0.310367	0.216536	0.292293	0.165299	0.244143	1.000000	0.267135	0.360595	0.310367	0.360595	0.259240	0.310367	0.165299	0.339596	0.216536	0.223130	0.292293	0.146607	0.186374	0.259240	0.197899	0.301194	0.186374	0.180866	0.251579	0.310367	0.216536	0.292293	0.251579	0.301194	0.275271	0.192050	0.186374	0.292293	0.292293	0.292293	0.180866	0.160414	0.229925	0.444858	0.259240	0.310367	0.283654	0.267135	0.275271	0.301194	0.292293	0.310367	0.301194	0.175520	0.244143	0.210136	0.600496	0.329559	0.349938	0.251579	0.146607	0.203926	0.251579	0.130029	0.130029	0.138069	0.130029	0.133989	0.130029	0.329559	0.192050	0.267135	0.186374	0.301194	0.418952	0.319819	0.267135	0.236928	0.360595	0.165299	0.180866	0.160414	0.349938	0.197899	0.175520	0.244143	0.175520	0.267135	0.259240	0.275271	0.360595	0.244143	0.244143	0.339596	0.192050	0.160414	0.275271	0.210136	0.203926	0.192050	0.236928	0.180866	0.371577	0.458406	0.259240	0.394554	0.122456	0.418952	0.339596	0.186374	0.319819	0.223130	0.371577	0.244143	0.310367	0.251579	0.223130	0.236928	0.216536	0.329559	0.319819	0.229925	0.223130	0.210136	0.223130	0.259240	0.267135	0.267135	0.223130	0.301194	0.229925	0.229925	0.259240	0.275271	0.165299	0.251579	0.339596	0.118837	0.244143	0.251579	0.501576	0.292293	0.329559	0.160414	0.267135	0.319819	0.283654	0.192050	0.292293	0.319819	0.618783	0.339596	0.229925	0.192050	0.600496	0.251579	0.186374	0.371577	0.360595	0.251579	0.310367	0.292293	0.310367	0.275271	0.360595	0.251579	0.283654	0.292293	0.267135	0.180866	0.319819	0.275271	0.197899	0.301194	0.310367	0.223130	0.223130	0.283654	0.251579	0.203926	0.251579	0.600496	0.319819	0.203926	0.216536	0.216536	0.223130	0.259240	0.371577	0.292293	0.319819	0.283654	0.229925	0.223130	0.259240	0.275271	0.371577	0.267135	0.310367	0.310367	0.319819	0.371577	0.180866	0.349938	0.251579	0.310367	0.310367	0.319819	0.216536	0.197899	0.444858	0.229925	0.283654
D00228	0.275271	0.244143	0.394554	0.292293	0.146607	0.418952	0.267135	1.000000	0.458406	0.329559	0.319819	0.637628	0.394554	0.210136	0.251579	0.216536	0.283654	0.418952	0.155673	0.236928	0.170333	0.165299	0.406570	0.165299	0.160414	0.197899	0.349938	0.310367	0.292293	0.382893	0.486752	0.329559	0.192050	0.122456	0.160414	0.349938	0.349938	0.180866	0.170333	0.160414	0.349938	0.329559	0.203926	0.319819	0.319819	0.142274	0.155673	0.203926	0.229925	0.236928	0.175520	0.329559	0.186374	0.244143	0.275271	0.310367	0.175520	0.108609	0.160414	0.146607	0.197899	0.210136	0.197899	0.210136	0.203926	0.197899	0.275271	0.203926	0.431711	0.223130	0.251579	0.444858	0.486752	0.210136	0.115325	0.267135	0.175520	0.203926	0.151072	0.275271	0.210136	0.165299	0.244143	0.165299	0.360595	0.275271	0.275271	0.251579	0.229925	0.259240	0.283654	0.170333	0.151072	0.275271	0.155673	0.216536	0.151072	0.175520	0.160414	0.329559	0.319819	0.259240	0.275271	0.186374	0.244143	0.236928	0.283654	0.319819	0.301194	0.310367	0.329559	0.349938	0.360595	0.283654	0.267135	0.160414	0.275271	0.319819	0.244143	0.267135	0.267135	0.382893	0.444858	0.339596	0.360595	0.283654	0.406570	0.292293	0.275271	0.418952	0.229925	0.155673	0.267135	0.210136	0.105399	0.203926	0.339596	0.259240	0.259240	0.329559	0.160414	0.223130	0.360595	0.431711	0.105399	0.292293	0.339596	0.223130	0.382893	0.192050	0.133989	0.216536	0.267135	0.197899	0.244143	0.283654	0.236928	0.329559	0.292293	0.310367	0.229925	0.301194	0.267135	0.236928	0.349938	0.283654	0.216536	0.319819	0.371577	0.223130	0.165299	0.371577	0.197899	0.197899	0.210136	0.236928	0.329559	0.382893	0.216536	0.186374	0.329559	0.170333	0.292293	0.406570	0.259240	0.310367	0.142274	0.283654	0.301194	0.229925	0.186374	0.349938	0.160414	0.216536	0.236928	0.329559	0.292293	0.339596	0.329559	0.180866	0.151072	0.339596	0.292293	0.310367	0.223130	0.418952	0.210136	0.444858	0.142274	0.223130
D00234	0.244143	0.310367	0.394554	0.349938	0.138069	0.349938	0.360595	0.458406	1.000000	0.292293	0.431711	0.472367	0.349938	0.186374	0.267135	0.216536	0.360595	0.394554	0.138069	0.210136	0.170333	0.197899	0.382893	0.165299	0.170333	0.223130	0.418952	0.310367	0.275271	0.382893	0.382893	0.394554	0.160414	0.115325	0.203926	0.371577	0.394554	0.170333	0.170333	0.216536	0.472367	0.259240	0.229925	0.267135	0.319819	0.192050	0.197899	0.180866	0.216536	0.301194	0.165299	0.329559	0.197899	0.329559	0.310367	0.292293	0.197899	0.138069	0.180866	0.197899	0.186374	0.210136	0.223130	0.210136	0.216536	0.223130	0.329559	0.229925	0.406570	0.236928	0.223130	0.637628	0.458406	0.236928	0.146607	0.339596	0.155673	0.216536	0.133989	0.292293	0.186374	0.165299	0.310367	0.165299	0.360595	0.259240	0.329559	0.319819	0.259240	0.259240	0.339596	0.216536	0.170333	0.229925	0.186374	0.192050	0.170333	0.210136	0.160414	0.329559	0.406570	0.192050	0.418952	0.175520	0.292293	0.301194	0.283654	0.339596	0.301194	0.349938	0.349938	0.329559	0.339596	0.267135	0.267135	0.216536	0.329559	0.360595	0.292293	0.283654	0.382893	0.360595	0.394554	0.382893	0.431711	0.267135	0.406570	0.259240	0.329559	0.371577	0.292293	0.186374	0.301194	0.236928	0.099261	0.192050	0.319819	0.349938	0.216536	0.329559	0.160414	0.223130	0.339596	0.406570	0.133989	0.371577	0.319819	0.301194	0.431711	0.180866	0.151072	0.292293	0.283654	0.175520	0.244143	0.301194	0.301194	0.394554	0.259240	0.310367	0.203926	0.406570	0.283654	0.301194	0.329559	0.339596	0.229925	0.339596	0.310367	0.197899	0.186374	0.418952	0.251579	0.251579	0.210136	0.319819	0.329559	0.431711	0.292293	0.223130	0.349938	0.180866	0.310367	0.458406	0.216536	0.329559	0.180866	0.360595	0.382893	0.229925	0.236928	0.418952	0.216536	0.259240	0.223130	0.418952	0.371577	0.319819	0.349938	0.229925	0.216536	0.319819	0.418952	0.329559	0.283654	0.329559	0.210136	0.472367	0.180866	0.210136
D00252	0.301194	0.301194	0.267135	0.251579	0.216536	0.382893	0.310367	0.329559	0.292293	1.000000	0.229925	0.360595	0.431711	0.259240	0.394554	0.283654	0.259240	0.319819	0.180866	0.292293	0.175520	0.142274	0.418952	0.216536	0.267135	0.275271	0.210136	0.382893	0.382893	0.371577	0.329559	0.339596	0.210136	0.192050	0.301194	0.458406	0.301194	0.283654	0.186374	0.210136	0.382893	0.406570	0.301194	0.329559	0.371577	0.267135	0.259240	0.458406	0.382893	0.259240	0.244143	0.283654	0.244143	0.431711	0.406570	0.786628	0.394554	0.160414	0.251579	0.292293	0.349938	0.349938	0.329559	0.349938	0.360595	0.310367	0.406570	0.339596	0.394554	0.418952	0.310367	0.382893	0.444858	0.310367	0.151072	0.244143	0.151072	0.267135	0.115325	0.251579	0.170333	0.244143	0.210136	0.244143	0.275271	0.267135	0.210136	0.203926	0.283654	0.175520	0.216536	0.165299	0.165299	0.339596	0.229925	0.197899	0.223130	0.216536	0.236928	0.319819	0.310367	0.301194	0.301194	0.292293	0.406570	0.329559	0.244143	0.229925	0.275271	0.301194	0.267135	0.339596	0.229925	0.292293	0.244143	0.146607	0.210136	0.229925	0.165299	0.349938	0.394554	0.329559	0.283654	0.310367	0.310367	0.371577	0.394554	0.339596	0.236928	0.301194	0.339596	0.259240	0.472367	0.349938	0.223130	0.283654	0.349938	0.283654	0.283654	0.431711	0.210136	0.180866	0.329559	0.444858	0.108609	0.283654	0.310367	0.394554	0.371577	0.210136	0.223130	0.360595	0.229925	0.180866	0.360595	0.349938	0.203926	0.339596	0.339596	0.267135	0.431711	0.216536	0.229925	0.203926	0.267135	0.229925	0.236928	0.216536	0.339596	0.192050	0.229925	0.267135	0.170333	0.170333	0.244143	0.229925	0.360595	0.192050	0.360595	0.192050	0.251579	0.223130	0.319819	0.275271	0.186374	0.197899	0.283654	0.229925	0.329559	0.197899	0.160414	0.339596	0.197899	0.210136	0.394554	0.301194	0.236928	0.310367	0.360595	0.186374	0.360595	0.329559	0.175520	0.301194	0.229925	0.360595	0.394554	0.210136	0.236928	0.472367
D00274	0.216536	0.371577	0.418952	0.292293	0.165299	0.192050	0.360595	0.319819	0.431711	0.229925	1.000000	0.310367	0.349938	0.138069	0.339596	0.275271	0.319819	0.444858	0.175520	0.223130	0.192050	0.267135	0.339596	0.155673	0.180866	0.155673	0.532592	0.203926	0.329559	0.319819	0.267135	0.310367	0.180866	0.146607	0.216536	0.292293	0.275271	0.192050	0.229925	0.170333	0.310367	0.259240	0.259240	0.360595	0.236928	0.229925	0.267135	0.229925	0.203926	0.283654	0.155673	0.329559	0.283654	0.259240	0.216536	0.275271	0.267135	0.138069	0.133989	0.236928	0.146607	0.165299	0.175520	0.165299	0.160414	0.175520	0.259240	0.192050	0.223130	0.236928	0.283654	0.349938	0.267135	0.360595	0.197899	0.548812	0.138069	0.203926	0.216536	0.349938	0.301194	0.197899	0.371577	0.197899	0.382893	0.259240	0.394554	0.431711	0.310367	0.394554	0.360595	0.292293	0.229925	0.244143	0.165299	0.180866	0.151072	0.210136	0.151072	0.329559	0.339596	0.244143	0.371577	0.155673	0.259240	0.339596	0.339596	0.548812	0.458406	0.394554	0.418952	0.444858	0.406570	0.406570	0.360595	0.229925	0.444858	0.360595	0.310367	0.197899	0.197899	0.283654	0.310367	0.319819	0.301194	0.223130	0.360595	0.216536	0.329559	0.259240	0.170333	0.175520	0.165299	0.301194	0.093481	0.292293	0.251579	0.310367	0.292293	0.371577	0.142274	0.360595	0.431711	0.283654	0.151072	0.310367	0.431711	0.251579	0.382893	0.160414	0.151072	0.259240	0.458406	0.186374	0.292293	0.301194	0.382893	0.349938	0.349938	0.418952	0.259240	0.941765	0.458406	0.236928	0.310367	0.301194	0.216536	0.382893	0.292293	0.146607	0.267135	0.371577	0.210136	0.210136	0.223130	0.360595	0.275271	0.339596	0.259240	0.339596	0.329559	0.216536	0.244143	0.406570	0.371577	0.394554	0.244143	0.406570	0.267135	0.259240	0.186374	0.349938	0.203926	0.349938	0.197899	0.600496	0.418952	0.431711	0.310367	0.244143	0.275271	0.301194	0.394554	0.394554	0.283654	0.275271	0.186374	0.418952	0.216536	0.251579
D00283	0.223130	0.267135	0.339596	0.301194	0.133989	0.548812	0.259240	0.637628	0.472367	0.360595	0.310367	1.000000	0.516851	0.244143	0.292293	0.236928	0.275271	0.516851	0.118837	0.203926	0.155673	0.133989	0.444858	0.170333	0.175520	0.192050	0.319819	0.382893	0.301194	0.418952	0.418952	0.516851	0.175520	0.126186	0.155673	0.516851	0.360595	0.197899	0.197899	0.197899	0.406570	0.339596	0.223130	0.329559	0.472367	0.146607	0.192050	0.186374	0.210136	0.192050	0.192050	0.301194	0.216536	0.267135	0.360595	0.301194	0.180866	0.105399	0.146607	0.170333	0.229925	0.216536	0.229925	0.216536	0.210136	0.192050	0.267135	0.197899	0.565525	0.244143	0.259240	0.458406	0.718924	0.229925	0.118837	0.275271	0.133989	0.267135	0.130029	0.301194	0.244143	0.192050	0.283654	0.180866	0.371577	0.210136	0.267135	0.192050	0.210136	0.197899	0.229925	0.186374	0.165299	0.283654	0.160414	0.210136	0.155673	0.216536	0.175520	0.360595	0.371577	0.251579	0.319819	0.180866	0.236928	0.244143	0.292293	0.275271	0.329559	0.301194	0.339596	0.431711	0.329559	0.310367	0.292293	0.175520	0.301194	0.329559	0.223130	0.216536	0.244143	0.310367	0.382893	0.532592	0.565525	0.418952	0.565525	0.382893	0.267135	0.319819	0.301194	0.192050	0.329559	0.259240	0.115325	0.197899	0.472367	0.319819	0.267135	0.431711	0.165299	0.160414	0.418952	0.501576	0.090718	0.406570	0.394554	0.244143	0.532592	0.175520	0.165299	0.223130	0.259240	0.170333	0.210136	0.292293	0.275271	0.360595	0.301194	0.301194	0.251579	0.292293	0.259240	0.244143	0.301194	0.292293	0.319819	0.329559	0.516851	0.203926	0.192050	0.339596	0.180866	0.180866	0.180866	0.275271	0.431711	0.259240	0.223130	0.180866	0.339596	0.155673	0.382893	0.349938	0.223130	0.360595	0.175520	0.349938	0.472367	0.186374	0.192050	0.406570	0.186374	0.223130	0.229925	0.360595	0.360595	0.371577	0.360595	0.175520	0.197899	0.310367	0.301194	0.301194	0.292293	0.486752	0.259240	0.360595	0.175520	0.244143
D00293	0.223130	0.301194	0.319819	0.251579	0.118837	0.516851	0.310367	0.394554	0.349938	0.431711	0.349938	0.516851	1.000000	0.259240	0.329559	0.267135	0.275271	0.697676	0.160414	0.192050	0.146607	0.151072	0.763379	0.203926	0.236928	0.203926	0.360595	0.319819	0.406570	0.371577	0.472367	0.360595	0.146607	0.126186	0.283654	0.382893	0.267135	0.210136	0.165299	0.175520	0.431711	0.582748	0.301194	0.310367	0.418952	0.267135	0.203926	0.251579	0.339596	0.244143	0.229925	0.236928	0.229925	0.406570	0.406570	0.431711	0.216536	0.105399	0.175520	0.275271	0.244143	0.244143	0.259240	0.244143	0.236928	0.216536	0.339596	0.267135	0.565525	0.259240	0.310367	0.406570	0.418952	0.292293	0.118837	0.275271	0.111917	0.223130	0.122456	0.406570	0.203926	0.192050	0.251579	0.192050	0.275271	0.236928	0.301194	0.216536	0.267135	0.197899	0.229925	0.165299	0.130029	0.339596	0.180866	0.210136	0.186374	0.244143	0.197899	0.360595	0.394554	0.431711	0.458406	0.216536	0.382893	0.349938	0.329559	0.310367	0.310367	0.319819	0.301194	0.406570	0.292293	0.275271	0.259240	0.165299	0.283654	0.275271	0.210136	0.329559	0.259240	0.244143	0.319819	0.371577	0.371577	0.349938	0.394554	0.301194	0.267135	0.267135	0.301194	0.216536	0.329559	0.292293	0.130029	0.223130	0.371577	0.406570	0.319819	0.740818	0.175520	0.192050	0.371577	0.349938	0.108609	0.301194	0.349938	0.371577	0.371577	0.146607	0.155673	0.319819	0.259240	0.151072	0.267135	0.310367	0.244143	0.360595	0.406570	0.283654	0.360595	0.329559	0.259240	0.192050	0.267135	0.259240	0.223130	0.275271	0.360595	0.142274	0.203926	0.301194	0.160414	0.160414	0.292293	0.244143	0.382893	0.216536	0.339596	0.229925	0.267135	0.186374	0.267135	0.329559	0.210136	0.382893	0.223130	0.349938	0.371577	0.175520	0.151072	0.339596	0.175520	0.319819	0.244143	0.360595	0.360595	0.329559	0.360595	0.186374	0.283654	0.259240	0.251579	0.283654	0.259240	0.319819	0.244143	0.267135	0.186374	0.349938
D00294	0.142274	0.160414	0.170333	0.142274	0.319819	0.292293	0.165299	0.210136	0.186374	0.259240	0.138069	0.244143	0.259240	1.000000	0.175520	0.203926	0.175520	0.192050	0.319819	0.138069	0.292293	0.283654	0.251579	0.618783	0.394554	0.197899	0.133989	0.292293	0.151072	0.175520	0.251579	0.203926	0.259240	0.283654	0.160414	0.180866	0.192050	0.203926	0.133989	0.259240	0.192050	0.292293	0.229925	0.138069	0.236928	0.142274	0.186374	0.203926	0.229925	0.155673	0.786628	0.133989	0.115325	0.244143	0.216536	0.292293	0.175520	0.223130	0.371577	0.175520	0.210136	0.210136	0.210136	0.210136	0.203926	0.175520	0.180866	0.192050	0.267135	0.197899	0.138069	0.192050	0.197899	0.186374	0.197899	0.122456	0.197899	0.160414	0.180866	0.160414	0.122456	0.175520	0.126186	0.175520	0.138069	0.160414	0.126186	0.155673	0.170333	0.111917	0.108609	0.229925	0.180866	0.275271	0.582748	0.637628	0.565525	0.618783	0.718924	0.180866	0.186374	0.292293	0.180866	0.165299	0.203926	0.146607	0.175520	0.138069	0.146607	0.142274	0.160414	0.151072	0.155673	0.138069	0.122456	0.192050	0.142274	0.146607	0.093481	0.236928	0.283654	0.146607	0.203926	0.210136	0.236928	0.155673	0.175520	0.160414	0.170333	0.192050	0.192050	0.155673	0.236928	0.197899	0.229925	0.142274	0.223130	0.259240	0.142274	0.275271	0.600496	0.130029	0.146607	0.175520	0.180866	0.203926	0.146607	0.223130	0.186374	0.275271	0.244143	0.203926	0.122456	0.283654	0.229925	0.138069	0.122456	0.192050	0.151072	0.192050	0.203926	0.130029	0.122456	0.146607	0.180866	0.122456	0.118837	0.146607	0.160414	0.197899	0.186374	0.160414	0.197899	0.197899	0.175520	0.122456	0.216536	0.146607	0.203926	0.115325	0.151072	0.111917	0.160414	0.175520	0.126186	0.170333	0.203926	0.210136	0.165299	0.099261	0.175520	0.180866	0.203926	0.118837	0.197899	0.151072	0.203926	0.146607	0.180866	0.142274	0.203926	0.186374	0.133989	0.192050	0.122456	0.180866	0.197899	0.160414	0.203926	0.197899
D00303	0.329559	0.310367	0.349938	0.275271	0.210136	0.292293	0.339596	0.251579	0.267135	0.394554	0.339596	0.292293	0.329559	0.175520	1.000000	0.275271	0.319819	0.329559	0.146607	0.360595	0.259240	0.165299	0.301194	0.155673	0.192050	0.236928	0.259240	0.259240	0.444858	0.301194	0.339596	0.371577	0.203926	0.251579	0.292293	0.444858	0.259240	0.229925	0.229925	0.310367	0.418952	0.244143	0.394554	0.458406	0.360595	0.275271	0.406570	0.371577	0.292293	0.301194	0.155673	0.472367	0.382893	0.329559	0.418952	0.349938	0.319819	0.175520	0.229925	0.382893	0.251579	0.251579	0.251579	0.251579	0.259240	0.251579	0.349938	0.292293	0.301194	0.339596	0.431711	0.329559	0.360595	0.458406	0.210136	0.319819	0.146607	0.371577	0.160414	0.259240	0.223130	0.236928	0.329559	0.236928	0.339596	0.275271	0.244143	0.283654	0.292293	0.229925	0.251579	0.203926	0.229925	0.259240	0.165299	0.160414	0.160414	0.175520	0.151072	0.418952	0.339596	0.192050	0.259240	0.251579	0.371577	0.431711	0.301194	0.339596	0.319819	0.472367	0.329559	0.472367	0.283654	0.360595	0.339596	0.170333	0.275271	0.283654	0.244143	0.223130	0.236928	0.406570	0.259240	0.339596	0.301194	0.360595	0.382893	0.292293	0.292293	0.329559	0.444858	0.251579	0.339596	0.406570	0.160414	0.418952	0.339596	0.292293	0.394554	0.310367	0.142274	0.223130	0.458406	0.431711	0.142274	0.259240	0.431711	0.301194	0.431711	0.180866	0.244143	0.275271	0.301194	0.175520	0.292293	0.319819	0.319819	0.329559	0.394554	0.275271	0.349938	0.319819	0.301194	0.223130	0.229925	0.210136	0.371577	0.267135	0.292293	0.186374	0.360595	0.292293	0.197899	0.197899	0.197899	0.360595	0.329559	0.210136	0.275271	0.301194	0.310367	0.244143	0.394554	0.319819	0.259240	0.229925	0.394554	0.267135	0.431711	0.229925	0.175520	0.394554	0.192050	0.229925	0.319819	0.418952	0.275271	0.431711	0.472367	0.203926	0.418952	0.431711	0.292293	0.310367	0.301194	0.394554	0.431711	0.244143	0.329559	0.382893
D00319	0.283654	0.339596	0.283654	0.236928	0.151072	0.236928	0.216536	0.216536	0.216536	0.283654	0.275271	0.236928	0.267135	0.203926	0.275271	1.000000	0.292293	0.223130	0.203926	0.275271	0.138069	0.170333	0.229925	0.192050	0.165299	0.444858	0.236928	0.301194	0.283654	0.371577	0.216536	0.223130	0.122456	0.160414	0.267135	0.267135	0.165299	0.486752	0.382893	0.146607	0.251579	0.301194	0.319819	0.229925	0.275271	0.267135	0.259240	0.283654	0.251579	0.259240	0.203926	0.251579	0.244143	0.251579	0.236928	0.267135	0.394554	0.192050	0.165299	0.292293	0.292293	0.329559	0.349938	0.329559	0.319819	0.329559	0.406570	0.339596	0.259240	0.472367	0.275271	0.210136	0.216536	0.275271	0.142274	0.292293	0.142274	0.283654	0.301194	0.251579	0.349938	0.501576	0.267135	0.532592	0.259240	0.283654	0.283654	0.310367	0.382893	0.267135	0.216536	0.165299	0.165299	0.283654	0.170333	0.175520	0.175520	0.203926	0.197899	0.197899	0.259240	0.301194	0.301194	0.310367	0.283654	0.229925	0.292293	0.275271	0.349938	0.251579	0.319819	0.267135	0.292293	0.310367	0.310367	0.175520	0.301194	0.244143	0.210136	0.275271	0.229925	0.244143	0.186374	0.229925	0.203926	0.310367	0.229925	0.319819	0.283654	0.236928	0.236928	0.259240	0.244143	0.292293	0.186374	0.301194	0.259240	0.223130	0.283654	0.301194	0.186374	0.310367	0.275271	0.275271	0.165299	0.251579	0.275271	0.244143	0.244143	0.115325	0.210136	0.267135	0.292293	0.133989	0.301194	0.229925	0.259240	0.267135	0.283654	0.251579	0.339596	0.259240	0.292293	0.180866	0.223130	0.192050	0.210136	0.244143	0.301194	0.118837	0.259240	0.251579	0.151072	0.151072	0.151072	0.259240	0.360595	0.292293	0.267135	0.192050	0.236928	0.339596	0.251579	0.275271	0.582748	0.186374	0.283654	0.275271	0.259240	0.197899	0.142274	0.267135	0.138069	0.186374	0.371577	0.267135	0.267135	0.275271	0.197899	0.267135	0.301194	0.418952	0.236928	0.251579	0.259240	0.283654	0.329559	0.267135	0.223130	0.329559
D00326	0.329559	0.310367	0.444858	0.310367	0.186374	0.216536	0.223130	0.283654	0.360595	0.259240	0.319819	0.275271	0.275271	0.175520	0.319819	0.292293	1.000000	0.259240	0.175520	0.406570	0.160414	0.236928	0.267135	0.155673	0.133989	0.197899	0.244143	0.229925	0.310367	0.251579	0.283654	0.275271	0.151072	0.223130	0.216536	0.310367	0.216536	0.180866	0.216536	0.229925	0.329559	0.229925	0.275271	0.319819	0.283654	0.229925	0.236928	0.329559	0.259240	0.382893	0.146607	0.371577	0.319819	0.203926	0.203926	0.292293	0.301194	0.146607	0.203926	0.319819	0.382893	0.431711	0.458406	0.431711	0.444858	0.458406	0.259240	0.394554	0.236928	0.382893	0.339596	0.275271	0.301194	0.301194	0.138069	0.267135	0.165299	0.310367	0.170333	0.244143	0.210136	0.186374	0.418952	0.186374	0.301194	0.472367	0.349938	0.360595	0.444858	0.444858	0.283654	0.292293	0.216536	0.180866	0.175520	0.160414	0.170333	0.175520	0.142274	0.216536	0.283654	0.180866	0.244143	0.382893	0.244143	0.251579	0.406570	0.360595	0.319819	0.371577	0.472367	0.259240	0.431711	0.339596	0.382893	0.203926	0.310367	0.319819	0.216536	0.301194	0.360595	0.382893	0.292293	0.267135	0.319819	0.406570	0.360595	0.501576	0.913931	0.394554	0.259240	0.319819	0.251579	0.223130	0.192050	0.310367	0.251579	0.216536	0.329559	0.259240	0.118837	0.283654	0.251579	0.339596	0.133989	0.275271	0.236928	0.186374	0.251579	0.142274	0.203926	0.180866	0.339596	0.146607	0.216536	0.236928	0.406570	0.329559	0.292293	0.203926	0.259240	0.301194	0.339596	0.236928	0.244143	0.339596	0.349938	0.301194	0.275271	0.155673	0.223130	0.310367	0.197899	0.197899	0.165299	0.431711	0.418952	0.382893	0.180866	0.197899	0.501576	0.244143	0.532592	0.458406	0.275271	0.229925	0.229925	0.267135	0.319819	0.229925	0.186374	0.444858	0.180866	0.216536	0.267135	0.349938	0.275271	0.223130	0.229925	0.329559	0.216536	0.458406	0.292293	0.216536	0.236928	0.329559	0.431711	0.244143	0.216536	0.267135
D00329	0.197899	0.301194	0.382893	0.251579	0.111917	0.406570	0.292293	0.418952	0.394554	0.319819	0.444858	0.516851	0.697676	0.192050	0.329559	0.223130	0.259240	1.000000	0.126186	0.192050	0.146607	0.142274	0.718924	0.151072	0.175520	0.151072	0.431711	0.236928	0.406570	0.444858	0.418952	0.431711	0.155673	0.126186	0.210136	0.431711	0.283654	0.155673	0.165299	0.175520	0.431711	0.431711	0.267135	0.394554	0.349938	0.236928	0.244143	0.197899	0.251579	0.216536	0.170333	0.283654	0.229925	0.301194	0.360595	0.319819	0.180866	0.105399	0.138069	0.244143	0.192050	0.192050	0.192050	0.192050	0.186374	0.180866	0.301194	0.210136	0.472367	0.216536	0.329559	0.486752	0.418952	0.310367	0.151072	0.349938	0.118837	0.210136	0.146607	0.406570	0.216536	0.151072	0.301194	0.160414	0.349938	0.210136	0.382893	0.244143	0.236928	0.251579	0.244143	0.186374	0.165299	0.251579	0.151072	0.186374	0.146607	0.180866	0.146607	0.360595	0.394554	0.319819	0.458406	0.180866	0.319819	0.394554	0.310367	0.371577	0.394554	0.406570	0.360595	0.431711	0.349938	0.349938	0.275271	0.186374	0.339596	0.292293	0.267135	0.244143	0.203926	0.275271	0.382893	0.444858	0.418952	0.329559	0.418952	0.267135	0.251579	0.267135	0.251579	0.229925	0.244143	0.292293	0.096328	0.251579	0.418952	0.339596	0.339596	0.516851	0.138069	0.180866	0.472367	0.394554	0.090718	0.339596	0.444858	0.275271	0.444858	0.155673	0.138069	0.236928	0.329559	0.151072	0.210136	0.349938	0.292293	0.339596	0.406570	0.339596	0.283654	0.418952	0.329559	0.203926	0.319819	0.275271	0.267135	0.292293	0.382893	0.160414	0.244143	0.301194	0.170333	0.170333	0.216536	0.292293	0.319819	0.259240	0.251579	0.292293	0.360595	0.175520	0.283654	0.394554	0.251579	0.406570	0.223130	0.371577	0.349938	0.197899	0.160414	0.360595	0.175520	0.319819	0.192050	0.406570	0.382893	0.444858	0.360595	0.210136	0.251579	0.229925	0.319819	0.339596	0.244143	0.339596	0.203926	0.360595	0.210136	0.275271
D00331	0.203926	0.151072	0.170333	0.126186	0.319819	0.160414	0.146607	0.155673	0.138069	0.180866	0.175520	0.118837	0.160414	0.319819	0.146607	0.203926	0.175520	0.126186	1.000000	0.210136	0.310367	0.382893	0.175520	0.458406	0.444858	0.186374	0.180866	0.216536	0.180866	0.138069	0.165299	0.133989	0.275271	0.319819	0.170333	0.126186	0.142274	0.180866	0.151072	0.259240	0.142274	0.192050	0.170333	0.165299	0.146607	0.170333	0.130029	0.203926	0.192050	0.186374	0.406570	0.142274	0.146607	0.142274	0.151072	0.203926	0.236928	0.267135	0.394554	0.155673	0.165299	0.175520	0.165299	0.175520	0.170333	0.175520	0.203926	0.160414	0.155673	0.223130	0.175520	0.142274	0.108609	0.155673	0.236928	0.155673	0.301194	0.142274	0.310367	0.151072	0.165299	0.175520	0.133989	0.175520	0.175520	0.203926	0.160414	0.186374	0.180866	0.160414	0.130029	0.292293	0.292293	0.229925	0.382893	0.371577	0.418952	0.360595	0.418952	0.133989	0.165299	0.229925	0.170333	0.165299	0.180866	0.165299	0.165299	0.175520	0.223130	0.111917	0.133989	0.142274	0.138069	0.197899	0.175520	0.192050	0.133989	0.115325	0.118837	0.223130	0.210136	0.146607	0.180866	0.138069	0.146607	0.122456	0.138069	0.142274	0.180866	0.180866	0.160414	0.115325	0.165299	0.108609	0.229925	0.160414	0.138069	0.160414	0.180866	0.170333	0.371577	0.210136	0.146607	0.138069	0.259240	0.180866	0.155673	0.146607	0.146607	0.292293	0.229925	0.151072	0.186374	0.360595	0.216536	0.186374	0.130029	0.151072	0.192050	0.203926	0.216536	0.175520	0.186374	0.138069	0.203926	0.115325	0.105399	0.130029	0.118837	0.186374	0.115325	0.133989	0.165299	0.165299	0.197899	0.130029	0.160414	0.155673	0.142274	0.165299	0.160414	0.203926	0.133989	0.175520	0.192050	0.170333	0.142274	0.186374	0.130029	0.170333	0.165299	0.111917	0.192050	0.142274	0.197899	0.151072	0.180866	0.155673	0.126186	0.170333	0.126186	0.165299	0.133989	0.192050	0.165299	0.142274	0.165299	0.151072	0.142274	0.210136
D00332	0.637628	0.275271	0.418952	0.275271	0.236928	0.180866	0.186374	0.236928	0.210136	0.292293	0.223130	0.203926	0.192050	0.138069	0.360595	0.275271	0.406570	0.192050	0.210136	1.000000	0.203926	0.186374	0.210136	0.146607	0.142274	0.186374	0.180866	0.229925	0.329559	0.236928	0.236928	0.229925	0.203926	0.251579	0.244143	0.275271	0.216536	0.192050	0.180866	0.216536	0.244143	0.244143	0.349938	0.382893	0.197899	0.244143	0.319819	0.444858	0.292293	0.339596	0.138069	0.501576	0.339596	0.170333	0.203926	0.275271	0.458406	0.197899	0.203926	0.382893	0.382893	0.406570	0.382893	0.406570	0.418952	0.406570	0.292293	0.371577	0.186374	0.516851	0.382893	0.216536	0.251579	0.406570	0.146607	0.251579	0.267135	0.418952	0.170333	0.151072	0.175520	0.186374	0.275271	0.197899	0.283654	0.532592	0.216536	0.339596	0.349938	0.394554	0.301194	0.192050	0.244143	0.229925	0.138069	0.133989	0.151072	0.130029	0.133989	0.216536	0.236928	0.192050	0.160414	0.458406	0.275271	0.382893	0.406570	0.283654	0.360595	0.292293	0.329559	0.275271	0.283654	0.406570	0.382893	0.133989	0.203926	0.186374	0.244143	0.267135	0.251579	0.486752	0.292293	0.210136	0.223130	0.283654	0.301194	0.371577	0.394554	0.418952	0.275271	0.360595	0.267135	0.251579	0.275271	0.501576	0.197899	0.118837	0.349938	0.180866	0.133989	0.319819	0.283654	0.360595	0.170333	0.244143	0.301194	0.165299	0.267135	0.180866	0.229925	0.160414	0.319819	0.175520	0.229925	0.339596	0.267135	0.275271	0.310367	0.216536	0.329559	0.223130	0.319819	0.186374	0.292293	0.267135	0.329559	0.197899	0.259240	0.267135	0.283654	0.275271	0.175520	0.175520	0.155673	0.301194	0.329559	0.301194	0.151072	0.210136	0.371577	0.472367	0.501576	0.360595	0.310367	0.151072	0.292293	0.186374	0.283654	0.394554	0.146607	0.310367	0.133989	0.170333	0.382893	0.275271	0.192050	0.301194	0.229925	0.418952	0.229925	0.582748	0.229925	0.229925	0.267135	0.371577	0.486752	0.216536	0.292293	0.360595
