0,1,2,3,4,5,6,7,8,9,10,11,12,13,14,15,16,17,18,19,20,21,22,23,24,25,26,27,28,29,30,31,32,33,34,35,36,37,38,39,40,41,42,43,44,45,46,47,48,49,50,51,52,53,54,55,56,57,58,59,60,61,62,63,64,65,66,67,68,69,70,71,72,73,74,75,76,77,78,79,80,81,82,83,84,85,86,87,88,89,90,91,92,93,94,95,96,97,98,99,100,101,102,103,104,105,106,107,108,109,110,111,112,113,114,115,116,117,118,119,120,121,122,123,124,125,126,127,128,129,130,131,132,133,134,135,136,137,138,139,140,141,142,143,144,145,146,147,148,149,150,151,152,153,154,155,156,157,158,159,160,161,162,163,164,165,166,167,168,169,170,171,172,173,174,175,176,177,178,179,180,181,182,183,184,185,186,187,188,189,190,191,192,193,194,195,196,197,198,199,200,201,202,203
1.9600099145792166e-07,1.0526932795252301e-07,0.034713577200725265,6.212188443210336e-05,7.032252009810974,0.00014533453008382788,0.0004704561556983584,0.003449003593200246,0.0030806776064024825,5.4717263897504704e-05,0.0008390164772902885,0.000835872435885835,8.585161800254464e-07,0.0024126328860132945,1.1412986549060965e-06,0.0022313934402689874,0.034967106125909864,0.0006072236847839751,0.0003254792301832969,3.370272994465745e-08,0.00024324729356016832,0.000242617021314265,1.4275333456634528e-08,8.844394287538949e-08,9.937364757892051e-08,0.0004105210296628657,1.8001852291529296e-05,0.00022278120294155025,9.230576273305168e-05,0.0002232039602155295,0.00022231966518313582,1.9552283003117976e-06,1.955614651782817e-06,1.9621610683292216e-06,1.9075474351908532e-06,1.5149842573467806e-06,1.5160345630333372e-06,1.6845719086443376e-06,1.930902257848517e-06,4.934548503850674e-07,1.5736155459419335e-07,3.800542609731879e-08,0.03471359087409977,4.609330621870422e-08,8.744125155033661e-05,5.2785356934713874e-08,6.214254969398075e-07,5.0728474935918595e-05,4.917288391058713e-07,0.0002857458270108779,3.275449864308596e-06,3.3087698879344435e-06,3.110605276157008e-06,2.7893207199359862e-06,8.449144576304093e-08,0.009636094055938276,0.009782001364944847,0.009715529025503714,0.009391121888190102,0.009391997131604855,0.0005813737213372058,0.0004493564275231748,0.0005815416471725485,0.0005814561694038213,0.000581430773950693,0.0028276983855136896,0.034775536626557316,0.034775500983717435,0.001032183948416857,0.0010319911920775382,3.886043288249876e-05,8.953185253857593e-05,0.00029217152224395867,4.828754406053195e-06,0.0011034627993855705,1.1374059181427449e-05,7.57110624766554e-08,0.001019105088993457,2.6780616946510075e-06,1.335456734893101e-06,2.9098038781612793e-06,2.416314038420518e-07,7.177313337023711e-07,0.00019285405915332995,8.809954105360239e-08,4.1578141542048145e-08,7.015388820611718e-08,8.74305783168649e-05,4.88703491787083e-05,0.002800435790779864,5.075975997273873e-07,4.08615349769399e-07,3.80926635084535e-07,2.911483585641036e-06,0.0008955143611824047,9.574634238689418e-07,2.405510239107433e-06,9.465536585188051e-07,0.0004955722220746145,5.199344852233228e-07,1.1746267509064143e-07,8.39569042393721e-07,1.2019676932973302e-07,1.0482668976820202e-06,8.742812191248447e-05,8.369797002582364e-05,7.472486580809704e-08,1.8325717867033361e-06,5.791142187332114e-05,0.00010473786643080683,0.00024205196808176806,0.00010585416820041492,2.6025045767474975e-08,2.2470298168182625e-08,4.325340580425073e-08,4.7699966629727637e-08,3.918044209743849e-08,5.9627286234284894e-05,5.607002567521885e-05,2.451889041870318e-08,1.519623860976255e-08,1.8992552160934086e-08,1.3419663678514289e-08,8.796814583289907e-09,8.54748215443565e-08,6.464556171129399e-08,0.03451405495035701,0.03452606539758636,8.736530778914022e-05,0.034525916162926135,0.03452239471033627,0.0030712983743009354,0.03452595014663799,0.03453357039927521,1.9235809984794816e-06,2.5224962591442774e-08,9.612003939318729e-08,3.6017833403106184e-08,0.00307126348838449,9.617485446821803e-09,1.679737222469643e-08,0.03452633648020351,8.285052270153637e-08,0.035370728339777155,0.035520827439687104,0.03553143696376646,0.004862925494447908,0.03453307560170731,0.005439091784359878,0.03757608423258099,0.037435534793197625,0.03451374603418031,0.0359061738195249,0.03460135483700468,0.003601559848971136,0.0038731623081983296,0.03607487173441365,6.686323229922464e-06,4.44846556152876e-06,0.03451415761639147,0.03451416088635054,0.05496131903517442,0.04671552341137904,0.04327601827328448,0.03245999633084352,7.03226739901017,9.4492927920607e-05,1.3055555094589441e-08,0.0348079950311796,0.034761527832472106,0.03469512223695254,0.0005358631783028273,0.0346629255533551,0.03469341360616122,0.000310973405219744,0.034605413919291124,0.03484798660434536,0.034813878883421204,0.03484168457294606,0.034999981890506085,0.03452643001297985,2.8597578851885702e-08,1.6091700671973367e-07,9.464845455445481e-07,1.5951411750507847e-06,3.875346683030239e-08,0.0011927977959077477,0.034676974056968714,0.034701259726013844,0.035114861630876015,0.0029867714346586173,2.467785847962299e-07,0.034516814368870996,9.475132909875991e-07,1.7626815913421626e-08,1.7607708978618712e-05,0.00028543584317578007,0.034604407853924525,3.53158750299853e-08,0.03452262758631105,0.0001107396855401646,0.000239112492972036,8.818524064832296e-05,1.0811749343793396e-07
2.0000819723279712,2.0000883315886098,6.051569963713276,0.002348739293866083,0.051957860590040574,0.11846735021882793,0.017004329997470757,1.0667844754773463,0.03693807666565783,0.011106827742243208,0.02264574709286159,0.02216679906345624,1.9543795116626415e-05,0.018832667402635634,0.00016196010515858144,0.014056220756281122,4.040858236462993,0.007247229070505813,0.0001427788008773263,2.0003632348267106,0.12771491770018928,0.12453211764945918,8.750591486407241e-05,2.000363161673584,2.0003632326583354,0.0380775734329032,0.01837418953910021,0.016470520134745134,0.018818852042376127,0.026414612747667373,0.02532797091867335,0.01749647405770567,0.01758916649257833,0.017527584084048132,0.007480080740439843,0.013347292509075064,0.014880201780816971,0.007060767358572927,0.01684947496255425,0.005039797179820797,2.0003634644546597,2.0003635820629713,6.051569990619883,2.000363080363262,4.001554215232029,2.0003631192166567,0.030695788124829305,0.12357869662621865,0.026220871232798384,0.13054793110152865,1.0003594633594202,1.0003602307303876,1.000360025417001,1.0003601824805786,1.000075500893255,1.0005387789019573,0.0002128489025530706,1.000287239786201,1.0002848206110724,1.0002848261560977,0.007223368576911621,0.0008811942894592654,0.007224841149546854,0.007226137269287207,0.007225690752215733,0.18023246977608232,6.038683280569997,6.034793651993258,2.005836710105114,0.005755063674622613,2.0079457417691433,3.008787474317472,5.0154395400701075,2.0004304408246942,4.002660724465241,2.001427891918512,2.0003939992609046,2.0056680637393094,2.0004582686680763,2.000372793494436,2.000384636621417,2.000381386577716,2.0004227394221292,3.005045518989629,2.0003632257076,2.000363482035818,2.000363489875026,4.001273935466475,2.010724443105866,2.0463058468732065,2.000389169767517,2.000385380415527,2.0003819550892157,2.0005398045678975,3.0190017695892113,2.0004658800998656,2.0005103486610833,0.00032046873111110484,0.015484454185063633,2.0003902101290905,2.000365200867475,2.0003972363484563,2.0003678466669146,0.0003043493386839517,2.0014498910114766,2.002452172383925,2.000363121675401,2.0023387469023635,2.0077177512929736,2.009429183465518,2.0038817451888984,2.0024033124351313,2.0003644300907126,2.0003634128765517,2.000363482168343,2.00036381955108,2.0003638190216724,1.9255435499714895e-05,1.8112515428043764e-05,8.749663937680483e-05,4.4945570038174206e-08,8.750569817318158e-05,8.746748339746295e-05,8.746006045001298e-05,2.0003632818463997,2.0003631508648567,13.016019606549733,4.038417641666199,4.001547527457229,6.0191141010791185,13.016022250597434,0.03714630207068296,4.0384290628723924,13.016025625747767,0.016811197269910757,2.0003650167747784,2.0003630822619405,4.5121717379999737e-07,0.03714701092021143,1.996550521772662e-07,2.0000815962566536,6.038499433015546,2.0003631826826975,8.047547356434043,8.064153641466529,6.063964619474527,31.468194642085987,9.015211798209547,29.496776698305084,44.49961071044921,43.384690863070915,12.015737099176603,26.314169583588196,9.053023743884529,32.41057687570607,31.43940939758687,26.3121425444389,11.01599247485703,11.015992445990264,12.002155416922312,12.002155449077831,10.065583880645274,12.135911686693007,2.747732522424578,12.128800003366326,0.08164183431314592,0.001849466049806561,1.9279907556903894e-07,4.0827907652886095,4.051430385705915,6.093079726699107,4.095919544065829,4.052873156456717,6.100150238275179,2.0450611194788872,6.059858282547989,4.050081323676046,6.065841924501482,4.050574560704634,6.02227120809024,4.065511582180587,2.000364461332829,0.006749425562101246,2.000392616606304,3.000695887025889,2.0003644665132194,24.05257787802343,7.046588618411765,7.042283006637397,5.061729641989927,0.029821482051112656,2.442671687617761e-07,6.050719501988785,2.0003955035956933,5.574677963795085e-08,2.003944521178377,0.12746495809289304,6.0514599441277355,2.0003631064940093,13.016022327855056,2.0112029509080163,4.06575879577316,4.001569613527353,3.601091504671757e-07
0.004290961699641786,0.005256509730597528,0.2319400659981947,0.061844569552577666,8.770786178359673e-05,0.002120087307932745,0.01877830620656716,0.043168704007544335,0.021865547221479254,0.007538399430929273,0.01872743708120425,0.020052778310818965,1.0287593952276619e-05,0.016341718713816206,0.0021559366576644145,0.0035437891233083317,5.0588137270385,18.010285805117196,0.0015779058792939542,0.005316581966089818,0.015210166569777488,0.014159939317196843,5.1455581589621366e-05,0.005315441851475417,0.005315359777612812,5.130561385738817,0.06041540654311869,5.061380367648078,0.06214019148768366,5.073029180185459,5.057172795032685,0.055954665390622146,0.056320383762969495,0.05607708491937728,0.05076697488815757,0.03995563951463886,0.029993485693943906,0.042479975583536195,0.05351214827058455,0.01872596628492733,0.005322682041181375,0.005318370825196927,0.23194035376106675,0.005315423039547684,0.011281572476985267,0.005315416623808011,0.014671525102466706,0.017574860491610018,0.014302271855530223,0.05590775878543359,0.002251589582415519,0.002218867694615926,0.002156623421985101,0.002165411272189093,0.0010101888763022029,0.0012325833609405682,0.00033299647266491725,0.0011522666263163227,0.0011014866181101928,0.0011127242591831101,18.01042480777529,5.112025363509941,18.03436780834278,18.058875405705834,18.051762456422175,0.07335587728045574,0.23244731370392618,0.2324371648611985,0.022916813211747593,0.01866720972532714,0.038646953869007905,0.011892279882291754,0.06345305199908291,0.005807451900675271,0.025884323417590133,0.050510441576769524,0.0054077896151849885,0.021820479576677813,0.009375494235077273,0.005377433520164774,0.005471117923137179,0.005444409658290558,0.005684312821536593,0.021064184487378353,0.005315433646229505,0.005317867782456632,0.005323144680625112,0.010265294386746907,0.40267049672978106,0.16120913447765722,0.005596854112894942,0.005585597488964621,0.00551877140142139,0.00783714714138743,5.162880138535888,0.006379684655907045,0.007380322525904798,0.0012314173967460911,0.09253103718995603,0.005608158257995206,0.005326763331323626,0.005481004955375873,0.005356939747135983,0.0024494539088268895,0.01645936134343435,0.013799936045817045,0.005315334199099899,0.06864419539260089,0.14526593259792317,0.2520694117297411,0.0075477079342265545,0.04226642064231948,0.005338882813877986,0.00532211905384403,0.0053213634768092665,0.005327066480150678,0.005325460828872731,0.0002880893348196465,0.0002861916727958665,5.144770575330334e-05,1.984506227995647e-08,5.145124562966569e-05,5.144404848691624e-05,5.1435354859036434e-05,0.005319481105551575,0.005318105373746821,0.03163835711884899,0.22622162731410342,0.011178966526961577,0.23023788538296736,0.03164279962838925,0.022289495566818408,0.22410418083171202,0.031388153214507795,0.05333494175703133,0.005348005458121458,0.005319805094591828,2.0673500172717012e-05,0.022289694552510696,0.0002560621310046037,0.004290919830420622,0.23025858037059715,0.005318221562117253,0.24610186033702827,0.24291269978782373,0.23854203853847497,0.4122748756963842,0.01807800268772669,0.42392262092354993,0.4436464105897671,0.3955872097120002,0.03121736088555824,0.4199289890426593,0.020162319111607603,0.3863663901024486,0.3921596843183022,0.2121623272758303,0.031075772091072266,0.03107461094025922,0.03000338704668254,0.0300034405196028,0.0010109299870765707,0.14888747857412715,0.07144272651197295,0.1437575028759873,0.0001435459316087436,0.06318029395625666,0.00025604892385134063,0.23373351429472441,0.22375607736983866,0.2586145997136109,0.23924321202384968,0.04468944046090413,0.2514115021600859,0.2503985062880558,0.232420050514718,0.19231553924072703,0.23240344107145744,0.040040258121451476,0.2324773921862744,0.22609651949497725,0.005377850240106623,0.0009600975308024695,0.007505005479823202,0.006802397393146171,0.005377863828313445,0.20702784311577127,0.3370165303447422,0.3437312294669785,0.33988335128793606,0.015496344524508682,1.485970316378731e-06,0.04537519017377395,0.007830066473461754,1.582379557583854e-08,0.03307632317937932,0.06141590499244107,0.23098423290033623,0.005315807429923406,0.03164302188822339,0.028639518450929102,0.23177137417596325,0.01258175225140179,1.4874431842928396e-07
0.0003328719837456481,0.00034059964984878294,0.00238090329080413,0.003889900699234208,7.010760349342728e-05,0.0002690212571810188,49.42822488910951,74.72413961734627,69.4997569877875,47.24581429743275,59.41908546812886,53.32587292192275,0.040464882618569446,19.144456118372872,5.032558499459612,9.025183413443706,1.1235865234363593,0.006581162053866813,0.00029207646491459743,0.0009912785354783344,0.021701996499872426,0.019180825827986962,0.0006849175718471057,0.0009913699938715816,0.0009911960252808906,12.018689934259848,12.007544411211217,12.01187180326025,5.003709825948316,12.012760769170242,12.01197920208504,5.005028883093447,5.005053838904695,5.005026091248595,5.004518818418299,5.0041335008141985,5.003795316005373,5.004074869893859,5.004845397188276,0.002855139361617117,0.0009920710845512913,0.0009920073999057852,0.0023808757435775448,0.00099106189915546,0.006612268718045424,0.0009911772350450797,0.0027753425284050763,0.007062735206453476,0.0027164197959170947,5.025198553885754,0.0012455417701004604,0.0012448371987994328,0.0012437390057058963,0.0012445906539670004,0.0005683132074044207,0.001273972384241511,0.00019699529163355,0.0007567990380949738,0.0007522049216081199,0.0007522262970051923,0.006462035952336938,0.00037345635321103126,0.006463020834092328,0.006464328739939401,0.0064639741484486535,9.056337371429976,0.0021141789658890254,0.0020507780582509315,0.00418537437001696,0.0038559709925564552,0.025467261141271767,0.005052778221663715,0.022807900917090097,0.0011301588709788186,0.008619985335827732,0.0028723636265200066,0.0010851876413708998,0.0038462515600076633,0.0013062554474410665,0.0009963976613517568,0.0010037817706377464,0.0010670545680992421,0.0012398907074093178,0.014398288080031598,0.0009911815475919538,0.0009917918675964028,0.0009922629618033946,0.005957506218868922,0.010458148580332872,0.011809826882510222,0.0010122097005488074,0.0010161151102718211,0.001006838805621079,0.0012591236438901066,0.025875610200102837,0.0010164926454897891,0.0012055695560935153,0.0006669941627426828,0.004834642101488282,0.0010126828923901546,0.0009914533280480223,0.0009973477437561539,0.000993674918831142,0.0006810035113695712,0.005669847603757189,0.004967721464839165,0.000991721132644315,7.003822435133725,7.007357199132927,0.005408387803474227,0.004147975570272976,0.004488759693382867,0.0009917430012133706,0.000991158365990174,0.0009920001379208445,0.0009928642715438137,0.0009929269318016561,4.504477655684285e-05,4.4993394141328456e-05,0.0006852987075311375,3.201887303077256e-07,0.000685400984353773,0.0006850195326495789,0.0006848271972648681,0.0009925753381107775,0.0009912507994638436,0.002277176109531351,0.0018237620010481178,0.006554105000924738,0.0017436425271187123,0.0022772984296205835,74.4558345437854,0.001990865419249374,0.0022332911566656055,5.004825527209248,0.0009919567334657992,0.0009909567307232843,1.53998610862732e-06,74.45565272662662,4.4320831663590774e-05,0.00033215586531619754,0.0021118640188766452,0.000991382950917126,0.012188609998226149,0.010584933269739808,0.008789319314656503,0.07088349800193734,0.0017328095377918283,0.08281595866204579,0.08478742764845666,0.0780463509188442,0.0019915350700698982,0.05698728591802006,0.0019959220717618636,0.07940473405079343,0.07959552551205656,0.06460541215226763,0.0021776427593723172,0.002177588110857863,0.0019056665808967587,0.0019056311393032697,0.004399398622087324,0.011426095697725656,0.004411273713727441,1.1304751530609836,9.275466466757761e-05,0.002344863841696241,4.4288121794187935e-05,0.004243889827660359,0.002259547304322432,0.006114023948488351,0.004127245661018004,0.0031623059999520147,0.005781789136148477,0.004356416982173766,0.0030119188305852227,0.001707928941196202,0.0034347846568191487,0.0019505758696134609,0.0017867062948719592,0.0031006167140167585,0.0009966664042808456,0.0002564821911266575,0.0010189683163221845,0.00283198313837299,0.0009967846137989367,0.0631743227529941,0.00292060326662238,0.0040762265443468814,0.004243437455673085,62.591391293486254,6.247978684165967e-07,0.002072012384806943,0.001021571341141318,3.1566269311651154e-07,0.0027685091845499285,5.027328267334376,0.002379794299666729,0.0009910546140740066,0.0022773818725879405,6.024367950722233,0.0033348898500570774,0.006570688927033787,5.010890318063914e-07
1.0000936712127138,1.0058132366133383,1.0045148579081868,1.278820968938339,0.00023478332182173605,0.0008674342298627628,0.016355025610215096,0.04339534750982362,0.025405332091072843,0.005290359678106227,0.017216817536804267,0.018375156768456594,1.1149203638266448e-05,0.014178337142555923,0.0017726373519608366,0.008147110521446135,0.01962786361840145,0.016331756262223968,5.6746846418809636e-05,2.0044632224280274,0.028831062126205304,0.02827765425899746,2.0770817635434797e-05,2.0044622670796115,2.004462477024477,0.016575690271404923,0.004493398235557958,0.01158482865033987,0.006019186427711019,0.012605942108699154,0.012107639042367746,0.0037837069349083187,0.0037916707259525893,0.0037863971378969447,0.0032833953732465345,0.002884852035224795,0.002726097159761854,0.0027443151675517587,0.003731700105642833,0.0017230914874915208,2.00446886667535,2.004464453364261,1.0045148596477762,2.004462344306436,2.0058847983708277,2.0044624142888203,0.0014051798611793443,0.004045531496491725,0.0013613527034981197,0.038185386194462524,1.0047087527930365,1.0047526340473727,1.0047440375190528,1.0047507554014594,0.000244616579030059,0.0005161137372485903,2.105721812639046e-05,0.00026288296153061027,0.00026097874490241745,0.0002609854717369569,0.016322217180152646,0.0004389499531945775,0.01632523712773565,0.0163295270118408,0.016328406348213587,0.0771579736139839,1.0043858248324442,1.0043550151435408,2.0179205320663893,1.0178243330236973,2.0088243573547646,2.005643732954851,2.0263841657711907,2.004704628873004,2.018440644429541,2.007661420192964,2.004505121001354,2.0173498571255024,2.0046708144566736,2.0045186262821053,2.004594605541703,2.004592155189373,2.004839422386909,2.0215276984172754,2.0044622881210143,2.004463939188864,2.0044692013213696,1.0015726265333795,2.0451143760821644,7.717153703977889,2.0321044162502857,2.019205113186063,2.024531318701009,2.0304618923038102,2.0617949549718073,2.060448786393752,2.0321631443743486,1.0637517718471414,4.034179455204867,2.0333690660751684,2.0104332736146016,2.058455218285367,2.012443754393854,1.0046024012116057,0.00513526943515713,2.0217552839556836,2.0044622629079427,2.006208372115328,2.0096726927851356,2.009647075808381,2.0055456130689584,1.0168883596522778,2.004466276806975,2.004464000592198,2.004467307342395,2.0044721258747726,2.004470908066885,0.00016590755033463515,0.00016567020437961304,2.0756592068603603e-05,1.4240365331809172e-08,2.076123493247268e-05,2.075835487633027e-05,2.0746885482969013e-05,2.0044635608840395,2.0044648849073123,1.0070523492820118,0.004444671977719726,2.00588037282566,1.0041960324202197,1.0070529113482294,0.025357840054173547,1.004239816190641,1.0068919808601933,0.0037259281305619617,2.004466822136278,2.004462281867899,1.530896517731086e-05,0.025357754238559963,0.00016163830332777192,1.0000936159783393,1.004376708833853,2.0044649212988035,1.0068902191479958,1.0065249996967365,0.006399727307034756,0.20570853239392967,1.0062918350996426,0.22108300860047375,1.2253058968812969,1.2031531683147738,1.0049721968857068,1.1578751999523094,1.0071482840360533,0.20747294609784772,0.2062862382866925,1.1519037578703193,1.0066682402068703,1.0066681672469897,1.0041910347102103,1.004191039077847,0.005101628678409615,0.016075200617039667,0.025224652843530655,0.0289762014756951,0.00024175293641561782,2.2832239267561425,0.00016163922038352804,1.0056883258003924,1.004371701989171,1.0068016795075987,1.0053886401555114,1.0024596152794747,1.006526091929894,0.004915249787524813,1.0048234221589711,1.0031173448716673,1.0046796824391049,1.0022196040657112,1.0042257344491232,0.004601159364188797,2.004521359382237,6.965462815219245e-05,2.0047417822641487,2.005013402656899,2.0045213653553966,2.1422565017380224,1.0061118045644777,1.0064705405286167,0.007645838453736482,0.021328411832033267,1.1608683835486118e-06,1.002353145288807,2.0047604537209858,1.5964555760921528e-08,2.0065711622038758,0.03849617098060369,1.00451086368025,2.004462688388857,1.0070529657135827,2.0157321215844437,1.004295479989633,2.006109330362927,2.0465448769225292e-07
0.002395208072464043,0.0026699780741119483,1.0363514942928702,0.023787973424470178,8.544246765783565e-05,0.0003195439082870609,5.006730896815489,19.01404432368143,19.010086675347516,19.003860888786928,5.006647282512823,5.0071889118067245,0.00018642704090824144,14.015062487866297,0.0009092134556805641,0.0036011449485418546,4.0341434608166775,4.023815666839132,5.2781360692350514e-06,0.011848713023027703,0.030394208567106708,0.028668592459453413,0.0008072735540581478,0.011847518097245572,0.011847357901212864,150.70300193222175,130.34452176512286,127.42580579722684,129.46764116336678,139.0100561355897,112.77671176002116,117.70108682811737,127.03622584885873,117.81555031661726,113.98473179450144,111.49425490386002,101.49377950348553,101.85243066961681,123.97678824852967,41.08627169485606,0.011866409857487107,0.01185179164245694,1.0363510199360815,0.01184669744547978,0.013601153476654663,0.011846828965026186,51.59378411896357,38.6017781992458,38.51533224246536,0.07947815881661668,25.01142169315478,0.011548466263749932,0.011522274326765771,0.01154275922133199,0.0016715973746383476,1.0016901062790444,4.953081732169945e-05,0.001689154682241955,0.0016826456330467062,0.0016827085605662226,4.023795991999917,0.011158022467422559,4.023813690588599,4.023809498877218,4.023806797206112,0.11629436093674213,1.0362567561113436,1.0362210967974634,25.020436025628833,0.018068569615970663,0.025297625131581066,0.015764243469411292,0.036515620374332404,0.012170871804054158,0.021036972549770452,0.026264467396391225,0.011894390456939696,0.019774738200684823,0.014194704202579948,0.011916833442667795,0.01203371780070613,0.011981609284038996,0.012114493601694747,0.012671031902327554,0.011847515231455606,0.011850018227782347,0.011867444210944824,0.004309565253790174,0.05736223902516941,0.03465337244811217,0.012119339073684881,0.011991400204567652,0.012014990734128027,0.013181441369275007,0.10032265608031811,0.011920856726573092,0.01293449027724424,0.009536316316866921,0.004905509577981115,0.012139463611700905,0.011851102162425638,0.01191717092254737,0.011866955084252293,0.009686472162662179,0.005363014915996413,1.0452567011929388,0.011846952527690698,5.057506707365214,5.130461742306671,0.2618319523492151,1.0249110953626006,0.028726260201854235,0.011862636217470428,0.011852576467267084,0.011860765145403308,0.011876080934027327,0.011872128447762875,9.435300139492932e-05,9.185123086779702e-05,0.0008079298196405204,5.44878689263428e-07,0.0008081160387320643,0.000807523516400263,0.0008072543803306666,0.011848199744712615,0.011854702185775104,0.03967710513969507,1.0337449777964705,0.013572106900281624,1.035901073282059,0.039682931964589344,19.010338018499823,1.0199691200672045,0.03962829144636283,123.92992980352604,0.01186615030161031,1.0118467319705142,1.0000501812238625,19.01028068889157,5.256205081821783e-05,0.002393971515059668,1.0360868989931733,0.011854801631585317,0.056834998369429776,0.05266243010976372,0.04862870956717908,1.0730603417809383,0.01324636555246571,0.07216412714502726,0.10332735428036784,0.10448952495608083,0.03771815830915486,0.13128284412058233,0.013515731772562378,0.06772286385579826,0.0679256935824,0.05318196966647915,0.03968139898574714,0.03967987031913293,0.03854426236277047,0.03854431209473014,0.0015163831685612913,0.1672108099904278,0.09337624204113548,0.11492798010622274,0.00014047051658934277,0.02971457064148193,5.238806405866844e-05,1.0353512757511252,1.0200747143579036,1.051479062636934,1.0428665647884745,1.0199087646590155,1.0500074597939626,1.0483630304391776,1.0368379113391353,1.0128324486639366,1.0367760081018624,1.0103968494689544,1.036053802413072,1.0342729064789136,0.012037618681791623,0.15846247219458817,0.012145947565237894,0.01270606327622138,0.0120376487056855,0.04031313415242647,1.0357901745359819,0.04544023835194309,1.0432308723077484,14.007615279153917,1.6099005090596403e-06,1.0264725367881185,0.012170903689521114,3.413646533385718e-07,0.022838030406588217,0.08125267673837301,1.0362765783340795,0.011847641023099247,0.03968313092745368,0.017345287511579877,1.0367419532805568,0.01380049565582828,2.0000532163441175e-06
3.0017329627793505,3.001971707682785,17.003995200605218,18.07404299726064,4.600608874804994e-07,2.0483086026673822e-05,0.002584741847765241,0.005005503117799428,0.0034189525535538914,0.0022971674636152527,0.0018439239701849809,0.002513158015634442,9.250710054421154e-07,0.0042599915470606904,0.001197023780251388,0.0012359795857293677,2.0018873147203995,0.0004098863155475065,8.607035464969454e-06,4.001986638922421,0.002976821239386487,0.002928112206675071,2.032336884566199,4.001986118640831,4.001986116315008,1.0163776988751794,0.010820931896750367,0.010229664018910463,0.00995934772227675,0.012212257936478408,0.009701635149886924,0.009059196890803674,0.009088599545551808,0.009069153832200213,0.008480909351287784,0.008223772907726763,0.006110385957944253,0.006927750931799957,0.008863899570354343,0.003695527922108563,4.001988537475367,4.001987175315648,17.003995195013218,4.001986121774642,4.002864298831661,4.001986166243686,0.002169182654001372,0.002274219669611874,0.0021472404746884005,0.006270661776665652,1.0003415940762836,1.0003423907334055,1.0003422064057905,1.0003423485721237,8.614020525295818e-05,0.00019158650006345095,1.8532845745793e-06,8.741982310156595e-05,8.71209224097869e-05,8.712509059113728e-05,0.00040946256759903025,0.00017698049061855937,0.00040950963621191666,0.00040950391173469753,0.0004094946086068916,0.010630372482718291,15.00372500707148,16.003832997235424,4.005444705683192,1.0037333515912885,4.00784713157533,4.002918625953818,4.006943866817935,4.002041209110115,4.009259782326111,4.004073998668323,4.001991143739026,4.005341897149604,4.003605877765036,4.001996908988685,4.002015366228997,4.001999158380492,4.002012371977467,4.002458600647281,4.0019863040826475,4.001986974508208,4.001988299430949,3.002612035284277,4.007931900290122,5.003867347748222,4.002006317398244,4.001992561330047,4.001997747544561,4.002033631082844,4.007656787279389,4.001989563458169,4.002026215263384,1.000259309391979,0.0003980038936527551,4.002008130558255,4.001986319724988,4.00198803151528,4.001987283198247,1.000394603539026,0.001705010288079777,5.003859236756235,4.001986174798686,4.016591482163539,4.019187170524349,4.031012001483292,20.075708158172574,3.0027321957026007,4.001987539283812,4.001987171618993,4.001987983796541,4.001991183219632,4.0019896728554025,0.00016204394149651316,0.0001618723646509886,2.032425029763548,4.709973720892461e-05,2.032447636705043,2.0323694410781554,2.032339708042191,4.001986869907242,4.001987142833876,7.00501777837545,12.00214253246945,4.002845590193566,13.003538266002304,7.005018195666338,0.0036798769523605666,13.003668971158087,7.004859784757888,0.008846359176864178,4.001987501573189,5.001986218072923,1.0000051818654887,0.003679907858302899,0.00015895904570056437,3.0017328046166503,15.003716417816976,4.001987918219435,30.53783167283859,30.54183804328758,30.068942888032254,2.009610993318491,5.004433151290907,2.0094188820467487,9.014893204721094,9.0141927412625,7.004605723411098,9.017190150567021,5.004449034507971,2.0103626054625674,2.0098820734685803,9.011259025100456,5.00501676273489,5.005016662607716,7.004735589508979,7.004735601112604,4.230836390832575e-05,0.0036164185384765127,0.00046366502250391744,0.0024846740458996674,7.238330276984985e-07,2.0039176701230894,0.00015895188742947718,15.008643259192048,15.003949547935992,17.01342586565619,15.00708127476634,13.005087116859968,17.010369730494734,8.010422762078994,17.004698298626717,13.00388119862582,17.00499186723533,13.002421673205909,14.003566107314898,14.003250032853233,4.002002944490675,6.192591701645144e-05,4.0021311390769405,4.002719798134526,4.002002938464769,6.00707701897956,13.004981695049045,12.007902503510916,12.006407581191493,0.002910138408073582,3.778089342591421e-07,15.002467104789213,4.002132764541568,3.182290875359594e-05,4.002113039558663,0.0073391728396639275,17.00399169886379,4.001986270538138,7.0050182377435695,4.0028735243092255,15.004989032207133,4.00298474644112,1.8636139108022342e-07
0.002360354971903513,0.002620907724780967,0.07989818372799483,0.018653152155943143,0.03157331014401184,0.0009598409350776431,0.0286189057867608,1.0493185948712622,0.03409414999826619,0.010999923629465136,0.031529300220531964,0.030937252369797698,1.7575986927428426e-05,0.0073205513659361935,0.00036475707432617434,0.003091863628397552,1.0355420723557742,0.07054929495947247,5.724650294225671e-05,0.0066911735018247605,0.04263216093140968,0.027190462126891597,8.966455972922219e-05,0.00668972040032181,0.00668976673996682,0.3260833237197098,0.17335010823058242,0.13703155600673378,0.1664367074248744,0.18832089185045633,0.15710285703958607,0.1687833071091278,0.17034333234101026,0.16931006129880716,0.1553229887845001,0.11067748850401671,0.1014205551220521,0.10932019549091915,0.15821159861869732,0.051749482455183196,0.006698997191838081,0.006693168961753247,0.07989826612288993,0.0066898262874911935,0.01127953072961208,0.0066898440028382265,0.049257006976102614,0.058617836007005444,0.047514691312628185,0.44437483792389876,0.006073244035578056,0.006126119111302025,0.006115509573789581,0.006123778824004858,0.001624553159247739,0.0016411749467480116,4.6906598182620666e-05,0.0016401108222448054,0.0016350358991676145,0.0016350875702585538,0.07053148377085464,0.011076248375696547,0.07056536365106099,0.07058538131957993,0.07057663225731037,0.5418285711012492,0.07940213940042509,0.07984485734382751,0.013962533992541442,0.011663678355273255,0.024578545578532774,0.011238261886583627,0.13502611727031438,0.007271336793714461,0.017946510582602195,0.02128121039926377,0.006795592302704799,0.013049968105189502,0.008919487280945758,0.006724752638213012,0.006782789520150304,0.006765891422150094,0.0068626635749505635,0.011587750198626451,0.006689744336251077,0.006692231083072743,0.006699557689223463,0.007006510302663038,0.09683243000351022,0.07242339446406823,0.007010189302058993,0.007085239493581316,0.006931973395398202,0.010954515727568134,0.230966014514579,0.00697783512560494,0.01009542825407341,0.004443790180666315,0.021694794404766682,0.0070167604086858485,0.0066972014054271,0.006778985312283804,0.006731427369144406,0.0044137031264880645,0.005646536699522642,0.04196343734294785,0.0066897297695867304,0.023830216655482385,0.13527621737003123,0.1870089374152947,0.008323913614707577,0.032910318493396575,0.0067058623975611515,0.006694793258943212,0.006696929061635194,0.006703969007031033,0.0067023045164776186,0.00021181928635732135,0.00020872210284288362,8.96584718285619e-05,3.225778205648119e-08,8.966087435336019e-05,8.96316833858426e-05,8.962507666489611e-05,0.006691099159690518,0.0066933008539122735,0.04254023760763485,0.07669702618738775,0.01121627700272468,0.07802293102565122,0.04254748249784703,0.03462008128097473,0.06378319928967548,0.04238183865789976,0.15748623660017105,0.006711384216147551,0.006690195986877985,2.1947619646254438e-05,0.03462732282725397,0.00015980867055152953,0.0023601096202157455,0.07889791264783921,0.006693335188729371,0.09111321413778115,0.08359831287375408,0.0810902090889578,0.1847416028528802,0.008243918069386715,0.19404243930301104,0.2269357520535223,0.21098528043687334,0.04048757669147385,2.28790274718747,0.00912751642263895,0.17739352251527724,0.17955343081511851,2.0837928334121636,0.04242964900334978,0.04242771388423477,0.04198991537749051,0.04199000012560472,2.0665192384908413,9.287324941542085,2.7026010223676513,9.248975918620067,0.047352913309645785,0.026875766677605578,0.00015980729541602596,0.07547632170195137,0.06430861112386463,0.09272966497897243,0.08627950020053463,0.031530076355750426,0.09075090757827257,0.08664813562270869,0.08009350949904266,0.043475716568822306,0.08036550078893158,0.025810700286678312,0.07922936740243311,0.07760648216082784,0.006772434293236785,0.004734292372563733,0.0069066469886531895,0.00868332533691325,0.006772433466607128,0.05346287594060962,0.0793272570395734,0.08534439578702457,0.08386552063964546,0.02510555584802127,8.226881859772151e-07,0.0407719562647813,0.006962045164036907,3.544139979074268e-08,0.02501995375208098,0.445753087068858,0.07967768568458358,0.006690314148737882,0.0425477251721538,0.03229637421249752,0.08022807607206854,0.011294999947072292,2.7541234677817514e-07
1.0048567488752767,1.005614423898677,1.440945992354005,0.05237824000267728,5.458128874287366e-05,0.0008801516598638148,0.020421131501036246,0.04098984943998317,0.02285736639252698,0.015671158441424887,0.020748539337379742,0.02156121924631697,1.0105311455951621e-05,0.013393807765659085,0.0014962409271073289,0.0024840483366438413,0.021636875227307374,0.06086758386676517,0.00039086715160166637,2.005632271331873,0.019915482246710553,0.018400338807023884,0.00016248729876687737,2.005630855409955,2.0056308474843645,0.09213673703037532,0.0632528553639272,0.06319689351740976,0.05423557111228144,0.07089432324420893,0.04915468916934312,0.05060058603282927,0.05094339200582319,0.0507161735740715,0.04636728514217197,0.040456020389794276,0.0188208621385901,0.041057651557652806,0.048225120253617665,0.01145121978845276,2.0056390068655054,2.0056342329209036,1.4409466371570483,2.0056309528287164,2.020930619137053,2.0056309500292437,0.008435774040104331,0.014078725318476181,0.008159928033395472,0.0757718291779579,1.0021672296122175,1.002165525213294,1.0021630858820552,1.0021649699223694,0.001351877998222136,0.0013873181646562058,5.029880071466323e-05,0.0013778891357930912,0.0013744195539024293,0.0013744640350756591,0.06085768441786437,0.0026679166703027467,0.06087850693591165,0.060905641396400596,0.06089831758336311,0.09898756891011652,1.4419758390511608,1.4420458526969862,2.030184127900427,1.0253992641066656,2.0559892077034005,2.014279592470373,2.0667358893423566,2.006262344430103,2.033754272554432,3.047264453030398,2.0057277915219416,2.0287284733324302,2.01230678305609,2.005723895410101,2.0058668061146263,2.005701914459272,2.005798876452221,2.011248605100042,2.005630851334936,2.0056338119569608,2.0056394964593602,1.0203530062023163,6.2501389499386715,2.1192379747550607,2.0058101341514667,2.005767175974636,2.0057526342345517,2.006856619842571,2.0921226525372703,2.005956254561526,2.0066328001160882,1.000916208572519,1.0325241425379732,2.0058195560831455,2.0056383769262616,2.005741262830421,2.0056534299196622,2.001053397914644,1.0243531878803906,2.0125802434945763,2.005630854452523,2.044342770547038,2.12567805532119,2.15005722032386,2.0097458020358205,1.022140088338327,2.0056443361259846,2.0056350795863396,2.0056376615388896,2.0056437439414,2.0056420032604216,0.00011688091725726372,0.00011623474377043868,0.0001625350892963646,4.209200556040123e-08,0.00016255270679823097,0.00016249996231288766,0.00016247909441859153,2.0056370450708774,2.0056338963133657,1.0150512332619217,0.4323063143274423,2.019583434118492,1.4369297086407906,1.015052748323931,0.02327278920420953,1.4398622283439295,1.0149480983780106,0.04813055125967274,2.0056490383669496,2.005631064244898,1.783047367691788e-05,0.023273456026698697,0.00010596766535342291,1.0048853766516117,1.4370618080466122,2.0056340072215684,1.4627600583614457,1.4641357433559976,0.45786956392118683,0.20832661865575092,1.0114149480002412,0.2124858354595184,1.2229800360420222,1.203053314742735,1.0145773933772102,1.2361419964830531,1.0122928594894867,0.1973534826635445,0.19984842362297703,1.0845714205826384,1.014852489899201,1.0148520923984632,1.014477702303905,1.014477720317567,0.00127319949713051,0.1036146575775913,0.035917567007308956,0.09119261852577058,8.467689572937511e-05,1.0533709337294208,0.0001059665223586133,1.459696353604638,1.439204147665142,2.483266437473353,1.4569187323687924,1.064034141519622,1.4736258384568641,0.47357833830143364,2.439280211636067,1.3989563734806956,1.4422583242697002,1.053905309077107,1.4419936850900457,0.43277506252593567,2.005698974232054,0.0005775364046703675,3.0867513325460356,2.0148056554208913,2.0056989733880144,2.1027038608462534,1.4708296386465294,1.4850057521635798,0.480064296062538,0.009411893318960618,1.8945108771511172e-06,1.0492085771673378,3.114194750205128,2.3045073578944616e-08,2.0217510500980653,0.07750199812596661,1.4387977958866365,2.0056313724901087,1.01505284920161,2.0307038290604296,1.4418815730050891,3.019828084125433,1.652605678419844e-08
13.002093752486036,13.002157047885413,37.02856635847123,0.005785644322283015,6.170817335211874e-05,0.21741466214701988,0.002515032272289878,0.005158387131789711,0.0037083643075020716,0.0012352679973420913,0.002382182534530022,0.002888734669878406,1.161679356809107e-06,0.004448253530493968,0.0005970087287384679,0.0013881414177747923,23.034485549670055,0.02690702674208838,3.9047233418921305e-07,13.00362648154702,0.009967395729951084,0.009636779544801416,0.0001651950127385675,13.00362720465547,13.00362679569286,0.1565047982385486,0.08816519410214531,0.07530655316885201,0.09112222415605187,0.09602929793087948,0.08489150094216903,0.0876149032061642,0.08826531497870138,0.08783480049373392,0.07860041127328209,0.054998324607907156,0.06500253960158008,0.06367520858118875,0.08344062333621918,0.04490261536545532,13.003629758321528,13.003627235559206,37.02856642131672,13.003626250696463,19.004168354004886,13.003627076194755,0.030398423823677394,0.03266593228138161,0.029560453879929637,0.024438578367076795,12.002851783413709,12.002869836780125,12.002866302905922,12.002869015629072,12.001278916935737,12.001288285505154,3.1680447281058255e-05,12.001288246773003,12.00128502118299,12.001284996813828,0.026886012621674196,0.020774193546283702,0.026922111788305586,0.026905985388717243,0.02690157275679616,0.061738521676358564,37.02839199814652,37.0285633365425,15.011728032026303,2.0096639613431027,13.014634875231632,16.004890878612354,22.01743109395116,13.003757812286986,21.013528211545,13.008182948000659,13.00363529300226,15.011442581278589,13.005578909092609,13.003652772812588,13.00369359055225,13.003651899164879,13.003679487674933,16.004646555804534,13.003627123716019,13.003626947841834,13.003629738248637,19.002648086792128,13.020055966634285,13.024238480590892,13.003715929947782,13.003719817781318,13.003690581856459,13.004620025647506,16.07778186632238,13.003687059961907,13.004421439901465,0.0015643749733541602,0.006277496283302024,13.003718814277383,13.003627747502511,13.00364727960921,13.003636296983775,0.0015922512616723527,6.001423783707221,13.018872612803204,13.003626612633365,13.021900675034667,13.074946588424929,13.291818923775041,13.005749724820635,13.048411847083479,13.003631691876263,13.00362794376195,13.00362877755314,13.00363160769964,13.003630873929781,5.092617083624231,5.090089938559797,0.00016521840963313412,2.1560912444761833e-07,0.00016524805823047903,0.00016519816321322438,0.00016507618838676024,13.003626441714212,13.003627449406649,98.09029209220043,29.026935013657386,19.00414772549987,37.02796707090226,98.10645366691665,0.0037705811146573347,24.01146925057995,94.08759808397353,0.08290365066847184,13.003632954484855,13.003625966205533,8.963087349487698e-06,0.003771134884514514,5.00076920787246,13.002092315730826,37.02825884887854,13.003627605004377,41.033949296005765,41.03207870893617,28.0294953600582,83.63736757982164,70.07889968892384,72.07522253697984,147.23323906844837,145.87147286247796,84.08364801224252,126.84454271389575,70.19242067080025,77.5228408089864,74.75537662723109,118.60625954441898,88.10734572648951,88.10228019464735,85.1013871713942,85.10258501991683,2.0005921358457344,2.1511052155527546,0.019153132458080546,2.1195458555100273,0.00010300713270305529,0.00998929933862386,5.000769153803234,24.0184533249299,24.011789839272016,37.04359975043733,26.03396392532293,24.01200155149996,37.04151523817952,13.03805291370534,37.0286543424938,24.004677807973195,37.028650041459684,24.009805592681133,37.028320003010634,24.026486560232176,13.003659903479742,0.0024031724576836265,13.003699265655897,16.003778646017448,13.003659954396719,63.03577280758902,48.026615128727144,53.02924122840783,40.02752398011886,0.002868144680522175,4.967651950160963e-07,37.02656816184836,13.003705082488674,1.4360766956627066e-07,13.009906992741707,0.02741244926036645,37.02850762559366,13.003626276946004,98.10760271378635,13.005606265338786,26.02861524321648,19.004205247384725,1.979428511471077e-06
1.0146159783899602,1.0156695376869198,1.0634384282387253,0.06968491999182709,4.124472565986692e-05,0.001237256359212389,0.05960473871299819,0.0773919653694633,0.06418217212078116,0.01197779766819094,0.018711065418866357,0.062027631581395064,5.858209098322122e-05,0.049746738710943074,0.04488993214092637,0.04548541513149068,0.018054921390703867,0.12026619486956751,0.0015009142015992743,2.0150942417385997,0.02887179258475283,0.02720167605397008,0.00020440000478438053,2.0150902053489297,2.0150901835104196,0.0977743698686716,0.05356636146771126,0.05671614102672087,0.059187676226083605,0.06624028070197563,0.04745383735646383,0.04950516873967467,0.04982444571879791,0.04960986953247769,0.04498829965414118,0.037133638831305577,0.022462033104069978,0.03829746620651609,0.047385864310324384,0.013148627118554157,2.0151183979233873,2.0150992265149905,1.0634384810461042,2.015090588444516,2.0267051354619454,2.0150905616714923,0.011503165854233567,0.015856597919632412,0.011135582261102952,0.09343048663279231,1.0023823412759536,1.0022861832926357,1.0022834052422838,1.0022855289220325,0.0017672828641024196,0.002202930707555833,7.069047457706061e-05,0.0018028005827033188,0.0017963999534855305,0.0017964672260468288,0.12025973819158023,0.002198006111791824,0.1203045470132418,0.12036926588969617,0.12035267975407565,0.11660394334151246,1.063291189530812,1.0632383978511575,2.0570543970679815,1.0426735708016255,2.081917518608351,2.024619021262922,2.069545285863147,2.0161582916370144,2.0749318732689415,3.066555331379424,2.015221149723241,2.0547239179387686,2.034522704659587,2.0153061875972673,2.0156847908179345,2.0153292218143086,2.015638488727792,2.0277527287200265,2.015090188436466,2.0150972305898147,2.015119802191963,1.0264373822409278,10.927946071627076,2.1931328141111375,2.0155302967470297,2.015320982328773,2.0153666360062474,2.016946034528386,2.1313566238641104,2.0157710829919457,2.016636849693859,1.0007427601684908,1.065760542731547,2.0155619342710334,2.0151032102225814,2.0152710361448603,2.0151333909939964,2.001161027259314,1.0188521084951836,2.03155636543522,2.0150902156248605,2.050335370827929,2.1317913864348204,2.144484719121632,2.017998893356591,1.0527885733234652,2.0151177757102317,2.0151002387027566,2.01511192632746,2.015132722121857,2.015127005856515,0.002405088932709395,0.0024031578014709672,0.00020447111018890074,5.454745587600989e-08,0.00020449470438668166,0.0002044212794794115,0.00020439254845695625,2.015095777772987,2.0151013779993,1.0332409044122928,0.05066714786014189,2.025196383834257,1.062765520858697,1.033246046370193,0.06447464304650637,1.0626537725873055,1.0308884969738443,0.04727381949396332,2.0151249384754633,2.01509226599405,6.806866560109669e-05,0.06447313728012982,0.0023611805984491527,1.014644824603358,1.062922252669448,2.0151015149243805,1.0791831642257654,1.0783447477665427,0.06260139585415068,0.2902251993387446,1.0260127879984502,0.29362053494042895,1.321234517834135,1.2947875452734108,1.0306733657946463,1.2972576179158684,1.0271984555563192,0.2771023417468073,0.2774883233201456,1.1881548091047796,1.0331460779344122,1.0331449353092184,1.0302683694914718,1.0302684230172336,0.002657833203355311,0.07213381794456074,0.021597507135845285,0.0914920838850991,6.155949377341228e-05,1.0752930606749955,0.0023611794581838313,1.0808036561518715,1.0628968710665128,2.126867392276027,1.0752495636086827,1.0300760174319625,1.0990807140121728,0.10699629055335334,2.0640861369096215,1.0566155585576265,1.0643171115763892,1.0222428222529185,1.0630717965930017,0.049341537953806615,2.0153454869039993,0.0007152493185231051,3.111271449511565,2.0192621150084324,2.0153454860625346,2.175185391135091,1.089152434452256,1.099700405624264,0.08549687859291322,0.0556388865677345,2.765922527167606e-06,1.0223704910438363,3.144960039855814,3.1460124366023826e-08,2.0371478677397596,0.09594536157033097,1.0632773969995013,2.015092063484162,1.0332479007229578,2.0393367746284268,1.0641928538552272,3.0258560176365594,4.680684591004166e-08
0.003623477879096304,0.003976643369187691,0.08328564147803244,0.026638047989768255,0.0005554928997125961,0.001406299891781306,3.0300175008157724,4.056681954676829,4.037858124907288,0.014224307599482854,0.03366888782737732,3.0322725924896448,0.001272417863631154,4.013483400826822,3.0016762505945356,4.006734289241517,0.054524713018029136,0.06956048606844704,5.2945670467464326e-05,0.007277976180405852,11.812531956920694,11.127615231458677,0.00024811679446760113,0.00727638062858326,0.007276319352214903,0.4676785179500851,0.25637150837014294,0.20081764850616002,0.24235363695690315,0.2762987033273621,0.23035631485334107,0.2514609901434905,0.25403632227706413,0.25232519539987114,0.22920282495286914,0.16322107743639117,0.15111952044791652,0.16260418719435393,0.23425418546318263,0.07822970472301444,0.007286518191375421,0.007280235280064971,0.08328572599268538,0.007276412844851676,0.013864005853239082,0.007276455573444681,0.07399810029675442,3.088507333510305,0.07109373064711655,18.074380688649548,0.005155150445747314,0.005190613504509363,0.0051822286176709444,0.005188755222936154,0.001401336503095908,0.00141499677008982,3.7768632897244996e-05,0.0014140028264518739,0.00140994307499273,0.00140998472026519,0.06952851620428677,0.00973113030899751,0.06955900283982001,0.0695793083392392,0.06957113576233429,19.2256160058913,0.08313840369591598,0.08271403282854646,0.017469321475242067,0.013938794991230036,0.03402314366052846,0.014072998817378456,0.18593024523419255,0.008143544475248031,0.02317016046453494,0.03689422538708198,0.007392459605971742,0.01608855429949732,0.01067843672120704,0.007320621215339002,0.007394243430842284,0.0073733777330974104,0.007511225357826459,0.015173676887120804,0.007276430356203392,0.0072793531488986206,0.0072871690521123045,0.010255438471228387,0.1414713998913751,0.09545657751447378,0.007714944958989682,0.007859258640952979,0.00761579548809872,0.013627131748093754,0.32128423978778703,0.007638640700890239,0.012339873514048702,0.003811510341630389,0.022732505908964935,0.0077207260036814595,0.007286761804948326,0.0073963242242985686,0.00733616754357548,0.0037887773340436995,0.008316860941777193,0.02747760410801584,0.0072764132283293466,0.033734053969914655,0.25454643313299785,0.2753633528497954,0.009908341969167492,0.048370988510421924,0.007299886304583206,0.007283388505042182,0.007284469804171757,0.007292279246005847,0.0072902672339538056,0.00018474545605432315,0.00018211978250150688,0.0002482407853039738,8.342094584075477e-08,0.0002482621792406776,0.000248160225243399,0.00024811458502404415,0.007278437621515448,0.007280173056908434,0.039090917903518436,0.07913251765125706,0.013756127603108481,0.08223678977630162,0.03909704885786957,4.039501057150256,0.06967804303384531,0.03895213711294794,0.23300858369510688,0.007308463645325949,0.007276935771683323,2.384739559092548e-05,4.040575547812748,0.0001407589518728647,0.0036229777342749567,0.08261545952947434,0.007280255631652868,0.09158941434930012,0.08877573444497269,0.08476872665736958,0.2658063208466056,0.009770633948719687,0.2827580222268763,0.3108624242405701,0.28377651389495595,0.03827757192616141,0.3826980588520136,0.011107376957165366,0.25827128499325935,0.2611351857441885,0.10790502602927139,0.038995273197657866,0.03899362949444793,0.03803524660724648,0.038035334941356386,0.003615515385918995,0.7126124032464647,0.23341990624108697,0.6030778775466924,0.0008970715284868092,0.03254697470143511,0.00014073732459068725,0.0841570198049342,0.06990194201897079,0.10053791950982621,0.09063238910630385,0.04410317728117777,0.09760300162424657,0.09479061755150006,0.0834907333508493,0.03995517740623591,0.0840477861656371,0.03584463070778838,0.08248207442768431,0.0800224343930603,0.007365686104862461,0.007905713040468528,0.007627482340920351,0.010013157166212773,0.00736567078866587,0.08253107110293621,0.07075581313050561,0.07942355100448012,0.07626783437270025,4.0308306458136585,1.2028554526312222e-06,0.04863418740458177,0.0077181782116803105,1.1236672332837039e-07,0.033522560062232136,19.077313673022555,0.08305646713021403,0.0072769562260571845,0.03909726047570629,0.035430544112986614,0.0839569947080122,0.01388274005645366,2.4176072013451347e-07
0.0030339581069719424,0.0032823789387773773,1.067389623347864,0.024598662933669548,0.00013928504669646267,0.0006594745579751068,5.012811682067891,19.02878574820025,19.023184806407574,19.004889533051827,5.012591418429447,5.0133907082640965,0.0003067528688990136,14.026703991213994,0.0012539445199260663,0.010627492547323715,7.044642833886596,4.045002408397128,7.168833025133266e-05,0.009437090336744837,1.0383785790020525,1.0358626805545366,0.0011008917381622914,0.009437208056787752,0.009436539539474363,167.5067787288989,140.64619552282772,139.69558494875582,136.69897957621887,147.29340161212076,120.84050348334317,127.82105495410983,138.13807632832714,127.92937934284623,125.23011791251676,121.1419679467797,112.0710508543778,114.5301967305687,135.68106388492023,53.67632116737169,0.009449464095510271,0.00943948839591974,1.0673892584689795,0.009435631992139117,0.011171339203246962,0.00943587714806083,69.35302764047887,56.333674222511064,55.16590351856256,1.108292880313013,32.00916535408294,0.009240694950056106,0.009223272608047286,0.009236885686255424,0.0025555827701084837,1.0025810135866795,7.428225199557139e-05,0.0025797737080147974,0.0025716354923619607,0.0025717252153752436,4.044978465882765,0.015210800987690442,4.045008311491296,4.045007215384865,4.045001914412242,1.155641807664873,1.067319072215851,1.0672711466078253,32.03834657771709,0.0353585091663126,0.043830866242420365,0.0145158326659516,0.058942321926548406,0.010012352189070844,0.018455374023973688,0.02228527455482586,0.009485057105420443,0.0369035212525332,0.012456347829777883,0.009563838733497478,0.009742951328381865,0.009528794505765886,0.009620605112052566,0.010387823719075854,0.009436838353713426,0.009438644366271964,0.009450194060119562,0.004861905170134736,0.05776808530908862,0.03947565887531859,0.009670475473442377,0.009616811826394045,0.009591602388694546,0.011267996886433642,0.1341783379667435,0.009537858494259328,0.010910601920956352,0.006477594426815174,0.008093326896608907,0.009683494228174291,0.009439747461729087,0.009493338557207735,0.009457382738148085,0.0066716528291519,0.006432852001442271,1.0469337276215063,0.009436046854972596,5.067349784125565,5.175994251051644,0.369265137958551,1.0200359967414956,0.04358479096251872,0.009451202034842055,0.009440796656113318,0.009445863519462992,0.009456440084231538,0.009453658337081025,0.00019948709043882454,0.00019155789902920505,0.0011019875628332342,7.524377125635632e-07,0.0011022299802982232,0.0011013027829544545,0.001100851708924532,0.009437003392905177,0.009441047924888932,0.09053831829570436,1.0639473786778235,0.01113510980696764,1.066677328601981,0.09055678355965938,19.023356954870525,1.021364848140551,0.09047606459738429,135.1554153987605,0.009455499305980077,1.0094378158358317,1.000036467982898,19.02326669793279,6.692922957645463e-05,0.0030322581156414325,1.0669135502784661,0.009441042940190082,0.10313848907772924,0.0829064124569095,0.07835522865870126,1.096793356416125,0.016636245576029534,0.09900974064893411,0.1794044752597627,0.1761181675604155,0.08937829823703279,0.24671085569837337,0.017106624672092577,0.09048195620864682,0.09110964160591674,0.1125737633597511,0.09055254728206302,0.09054761780405583,0.08893116377303315,0.08893137127076257,0.0038361775005565364,0.2454469163489411,0.1388467527921815,0.16688000463984806,0.00022903696322525702,0.027455084034048668,6.674317054755868e-05,1.0362579010206832,1.0212973838798995,1.1032715486235873,1.0759879201083054,1.0212606651648584,1.102208678902479,1.099238275487315,1.0676618331835703,1.011927278871317,1.067620615008627,1.0138040212341743,1.0669461439990688,1.064377805066072,0.009565235510067611,2.9883492007525105,0.009764848503117554,0.010071609319490811,0.00956529482907651,0.049423182960322165,1.0626279388960584,0.07048333008429697,1.068060453012066,14.019880161292944,1.3792949798004097e-06,1.0592699724511334,0.0097888751040273,5.73362421159078e-07,0.024125771323996948,1.110846681456891,1.0672113553691724,0.009436193949155656,0.0905573571742096,0.01908214394153997,1.0674880544647825,0.01139675649034399,2.081077490731821e-06
66.00129844604234,66.47605546851955,69.00304106041469,6.005713453339213,3.569899990173417e-06,0.00022834904138869513,3.0045338015420464,3.009963423267225,3.0071036573401666,2.0013694483017224,3.0026409560918648,3.005191797535669,4.031658032562166e-06,0.007838059104168195,0.0026819747429088453,0.0044448009916444615,4.029899301281765,1.0063729287527785,1.912198367321163e-06,144.04347983496154,0.011775593771956245,0.011433375175325444,0.0011573241168107502,144.00059992987315,144.00065419268955,15.070465691764415,4.0323310351125,6.038404783065508,4.040708498610955,4.048010852762497,2.0451938129021117,2.0315695127411892,4.031749240391438,2.0316301545157476,4.028768002658386,4.023888054754697,4.0190854907318245,4.021050856711362,4.03034708511223,0.009669888509274692,144.1553953743839,144.07672942858034,69.0030412814778,144.0057492408328,156.0260892161318,144.00507767285853,10.008210556101265,2.010044384863577,2.0080139910500803,0.026189810100281086,88.54527169506895,84.15180679284936,84.03488094774886,84.12555250087883,4.0211572905812805,4.062045619608172,0.053825372719453216,4.063106108202895,4.0367975130130995,4.036707158702318,1.0068757708234084,1.0005626667954552,1.0063591966521792,1.0064133699700888,1.0063437140990847,0.03701788765055877,69.00270869017527,69.00260957218192,162.69905477809206,92.7040832770226,159.60388724641095,150.90356265585626,167.8119120256462,145.13627340225412,164.14170766282072,149.94151148734363,144.24195380622464,155.90942153479548,148.73487716837064,144.34084438121053,144.78385585604673,144.71652808488233,145.26994652122545,148.17336901054492,144.00068475940506,144.06009957777155,144.16551814529228,80.82556704160788,149.19390598468172,145.31105547336193,145.15638127921034,144.3498785229907,144.72846983302506,145.2224479475518,158.40067436586983,144.2208088062181,145.1554504266897,79.3998750366897,7.725477396933134,145.25185476384277,144.04615631729266,144.3766766656262,144.12378527590565,83.02527904985955,15.119745718304758,146.18453120321965,144.00148599848023,151.48381049004487,152.64481409847232,151.46637647112038,146.03253686598512,66.02286549762418,144.08687852303842,144.04820148455215,144.13554922239416,144.22811311084604,144.20475309277504,0.000607063688246998,0.000602658934683508,0.00115738739954431,1.7416703656526498e-06,0.001157919983280644,0.0011576019144474436,0.0011557825746505014,144.01757794784612,144.06153142101184,70.05138647229889,3.002820642894151,156.01637404828253,69.00221280995389,70.05139649202404,3.007100064046617,69.00224702574432,70.05087894152473,4.030273970047469,144.09025936052376,146.0032611996222,3.2612879097481393,3.0071007995944803,0.0005344314108311875,66.00053960285513,69.00270791148733,144.06201136906924,71.00837248184283,71.00815185238075,3.006535902350151,32.06328256796953,70.04888285744913,32.04277851190813,103.08749580955897,103.08967458252442,70.02692810400637,94.0651196252038,70.04905027523388,33.04149450471066,33.03936581754526,79.05458248508586,70.05139382914123,70.05139145997836,70.04538101346844,70.04538088201349,0.0002898206373467756,0.011759985303017964,0.005654773123242382,0.012187609132248062,5.5819929220368015e-06,80.01085049802586,0.000534444926587437,70.0047779923492,69.0025795441454,89.00707507074456,70.00493632484884,69.00275837057637,80.00644292074963,19.004635459368338,74.00349632534518,69.0024519206238,69.00366979517572,69.00180548716055,69.00228255414396,3.003263017855959,144.87150178964433,0.00043165712874733176,148.14779534216953,150.0134984125054,144.87150217257823,159.0240438808995,69.02722265979523,66.02855947179327,3.02862952189991,1.0056302107907271,0.017175155473331184,69.00226228776143,148.17297203730632,1.33965642959189e-06,144.11311556616297,0.03543809989328785,69.00303720998056,144.01954007635564,70.05139739221507,146.2396291782588,69.00366817923693,160.02684053236698,0.0009161394550155269
15.012440091202892,15.012551257192733,41.035075389931315,0.018625194108010293,2.7154561908741834e-05,0.22819926421564707,0.01775049090508968,0.023036156274556158,0.01963151295831786,0.003456612130873837,0.0032566671886198858,0.017579008869848804,1.6742647648057213e-05,0.03120957489187609,0.014911284650734671,0.015569460812730258,27.051152771436552,0.015272720084619355,1.4404208894847351e-05,15.012937841175257,0.008919637857793596,0.008522910630643931,0.001203397931876715,15.012935729413247,15.012935277077533,0.12709620510029954,0.07993131261601921,0.09072925085395409,0.08799312398011261,0.10527917738796916,0.08712326432852174,0.07806865378173522,0.07862734039231417,0.07825672265132222,0.06318182922057043,0.06574520725215291,0.0528043724805436,0.060728235125993936,0.07446793553306523,0.03867995139029653,15.012959639838245,15.01294198498756,41.03507553316071,15.012934977573966,21.0142396288368,15.012936194983212,0.02386477343702216,0.024738314379084834,0.023319058873775004,0.030182628573692704,14.000953343613114,14.000940358192995,14.000939604599631,14.00094013148041,14.000432737198304,14.000613915009492,8.927625696424524e-06,14.000436753873647,14.00043560841331,14.00043555951623,0.015233698178638741,0.004140942494685889,0.015240105194785311,0.015241591388608488,0.01524021639526314,0.048728074967294324,41.03347513443286,41.03393189672547,17.054012245361307,2.0418849590976023,15.065224455966417,18.027290299249948,24.06038974197078,15.013894809941364,23.047704121553924,15.026990315134674,15.012983033145298,17.05184664133163,15.024660291470843,15.013155514330524,15.013497089236694,15.013120675614697,15.013331072189954,18.01888241541945,15.012935572877783,15.012940392320296,15.012960615892384,21.013746594127415,15.063885524105329,15.073449900453967,15.01326133167684,15.013087586727272,15.013133290439871,15.014239283096813,18.09662437999744,15.013104279286473,15.014009981233828,0.0006251931993340518,0.01613785876679029,15.01328632284342,15.01293996821968,15.012998320533498,15.01295966275661,0.002021675185165748,6.0130907727828085,15.024953581396298,15.012935086383981,15.060755218633972,15.10230483303516,15.190847121793423,15.024076781874248,15.022646520183304,15.01295941322107,15.012943226391897,15.012953444401834,15.01297190720496,15.01296689546651,5.091955862472724,5.089428681638939,0.0012043945768769617,7.807127483546225e-07,0.0012047134923406865,0.001203803575784527,0.0012032687015424471,15.01293871111872,15.012944433784778,110.06596765549733,31.020999201382143,21.014034252759068,41.03208105411554,110.08212915088384,0.019628188535399473,28.024117870774006,106.09751225740021,0.07405184730536055,15.012966329126924,15.01293453520651,6.010895072449082e-05,0.01962815877627405,5.000109927293936,15.012438375555988,41.03332856524876,15.012944680459336,45.05927081489128,45.059783360271695,30.044229302503254,85.8197426731192,82.05097948437388,72.26065046028889,159.41229214978168,158.01930972320508,94.06130142136496,134.11627008707111,82.16486695392918,77.69903599367777,74.96058783119318,128.7118065715981,98.08301893119126,98.07795339243735,95.0768580262297,95.07805586779521,2.000940111176712,2.0849074154071445,0.015544180270014687,2.044126440295856,4.4746427967570374e-05,0.014182921525540616,5.0001098584330785,28.06114390903261,28.026053713152088,41.11090966181288,28.06717346396481,28.032197219795066,41.10495188607101,13.091915788496577,41.038322454360625,28.0208779944791,41.04076925287923,28.02158960221805,41.03235362982169,26.028206340742788,15.013165116968354,0.0015235114139603946,15.014539699161684,18.013372072829252,15.013165162454488,65.1323092654718,54.03551743425721,59.04625528776405,44.03519246530909,0.01858090922537067,2.233238312024886e-06,41.03077226943219,15.01456963364715,5.220792653672528e-07,15.032610355911448,0.03657137255005225,41.03501238220544,15.012936091715723,110.08327789394006,15.014656630979246,28.040732417999468,21.015537741381923,2.92998922617233e-06
4.000298405446601,4.0003010934522,35.83757725437757,0.00253832371456722,6.825569264328039e-06,0.0007279076546525776,0.005806171738030817,0.013496229826702075,0.011929182039665864,0.007871889766844385,0.004543621430604449,0.006358012817885416,3.655137979377243e-06,0.009129489961856859,0.0022979657559918445,0.002964224062593549,3.018558748350583,0.0022630132068063337,4.131442029513938e-05,4.000791602088026,0.005999556825064849,0.0059112706618862365,0.001197403118528351,4.000791155599178,4.000791193052317,4.037368268632237,0.02530106436305613,0.021494420072984282,0.012399033100870866,0.02830614383540529,0.025803900109319163,0.02493503592214357,0.02509025469430485,0.024986458125599003,0.017923711204860256,0.023309327515469366,0.021809382384792787,0.017362905108764398,0.02398579051232982,0.014947370417866392,4.0007921036385605,4.000792018499407,35.837579430400424,4.0007911465204895,4.000913271212002,4.000791150177445,0.027939010551448384,0.03116888490979234,0.027232397918654987,0.010642847394722025,0.0007163176833179341,0.000660960154668756,0.0006604792714913256,0.0006608504259822378,0.00016048425496539896,0.0002752252196713444,4.692113811140719e-05,0.00020618226078270005,0.00020571532076170182,0.0002057177990023777,0.0022543500584867016,0.00031764505994405967,0.002254642850553457,0.0022548905510540646,0.002254803739718117,0.014134583224849007,31.40328592520136,30.907547518744312,8.008147062749556,4.007694289036588,9.007906784533448,7.174534699644448,8.015572238493379,4.001296801722419,5.003305555096116,5.001918343630751,4.000792582835973,8.006796168980593,5.0013125293667215,4.000804129370452,4.000820812802855,4.000804810557885,4.000830474123499,4.0038718957002315,4.000791166204885,4.000792501073976,4.000792279290339,4.000423127078007,5.003307513677207,4.003184937757339,4.000797868436569,4.0007960582709625,4.000795558187275,4.0008403467251865,5.008746352726971,4.000793426129668,4.000830793397384,0.0004949113133378826,1.000367481793929,4.000798262210896,4.0007912600939814,4.000792755047673,4.000791743661406,1.000562222586496,0.00053839637669447,8.00391399980851,4.000791146849768,4.003108323358481,4.005960716415436,4.011504871421164,8.003385880246324,4.001123219956583,4.0007914345729265,4.000791261834591,4.000792346468703,4.000792641747205,4.000792630748048,3.849985550748708e-05,3.828290644092171e-05,0.001198468028256142,5.770516833868133e-07,0.0011987417537627956,0.0011977965654404882,0.001197431656368335,4.000791264819579,4.000791324644614,10.00575546146937,27.393549368362727,4.000912127612771,26.931753545485044,10.00575597430193,0.011961123996816508,28.423171891419656,10.005721789466179,0.02383417635972787,4.000791472869182,8.000796028112225,4.000005910179804,0.011960968058016276,3.4847172013276534e-05,4.000298369358482,31.39383360478215,4.0007913315685935,26.97123514112726,31.896111780996485,27.894817492720748,0.08689447229399842,7.005337302518392,0.07909737924294767,10.097371956344126,10.08978799497214,10.005224975748458,10.09961499749965,7.005825227932456,0.09014037425216315,0.08874022834887216,10.09267309223693,7.005755440754129,7.005755416860853,10.00200345277024,10.002003458075597,0.011169965442615925,0.016206172101267957,0.004695819992746089,0.016201949067585965,1.1950785874779215e-05,0.0010530081113798826,3.4838869076207674e-05,42.36178964931722,33.051992439010874,49.68914712556964,47.90586349670403,29.946489767764998,51.70335204135332,37.55005756431459,41.579321045869825,28.84567302011171,42.795977125087575,28.836355647305542,26.508656406688914,39.77821267263174,4.000795042125453,0.0019051234891318347,5.000861703665262,4.000817922272798,4.000795042542174,4.056351028784289,31.153329794766517,28.12388762584671,32.583509692936936,0.011028759240779926,2.0989742138717083e-07,31.821219615195474,5.000862145011902,3.880064769331957e-07,4.0012346256094204,0.01422700543131004,35.83119192883244,4.000791167318295,10.005755990950162,4.001026288585234,39.79388274100406,5.000981292641942,4.1648057129161736e-08
4.011571102776885,4.0116813007323,4.051841383780114,0.013649293302955954,3.0118937195455206e-05,0.0012807034055199369,2.0073450399955366,2.0134491974528514,2.0089595424932707,2.0026845693267545,2.0040920703898712,2.007382327396475,4.8128500018042945e-06,0.018452790847784378,0.003636844638349889,0.004730943642679001,0.041971912974475195,1.038970878435593,0.00014542232632187258,8.012364267007337,0.010397269592436085,0.010098126943268894,0.00028698477375375974,8.012360381959386,8.012360631504945,2.261507479569832,2.126201234244009,2.1055101673908663,0.12835014213143786,2.140924323728471,2.1091391363707754,0.12300733140652689,0.12558334045090092,0.12332389943096769,0.09903396779310755,0.09083987980965554,0.07457755863221395,0.08409317766172285,0.11832547410223541,0.03771195784293302,8.012383871416999,8.012368130350243,4.051841444788598,8.012360606118522,8.01442195284695,8.012360606872958,0.03612029176323928,0.03467432826451309,0.031181374344872597,0.026906847061660525,4.022578841875274,4.018321557670014,4.018267195769251,4.018307503325866,0.01669910269971616,0.01697927634238908,0.0009914961603079114,0.01697957141141647,0.016881075070164592,0.016882306899207104,1.0389496091023487,1.0035693302934154,1.0389617480908462,1.0389739537536176,1.0389701818729595,0.03785760594831997,4.051591305837354,4.051495002752647,8.078026916884005,4.062255215221452,9.085046758182685,8.022545559054064,9.074058995166792,8.013694900760271,9.062049978512926,9.03643791045416,8.012415844697532,8.070283925125027,9.02370332042492,8.012655412027115,8.013075051225195,8.012509082699049,8.012653306023102,9.013892591407595,8.012360490111426,8.012366993167364,8.01238473793221,4.013637659269145,8.106361296677076,8.06895584715418,8.067633393328911,8.100821160670948,8.060698183791374,8.745704810246,22.42277891866153,8.049693005928239,8.60911387275687,4.013403519835196,0.052674401069521246,8.066949431538765,8.014614544957103,8.021280400304995,8.0246370614088,4.002113451303896,0.03325091476907686,8.053323016357616,8.012360333403947,23.91529338230879,25.239945595968976,24.140061782102606,8.04806052005524,4.033583306002448,8.012393855546202,8.012371862829957,8.01237879888102,8.012396975363464,8.012390583905356,0.000251038396495071,0.0002456768399169427,0.0002870131661433226,1.6923279981199072e-07,0.00028709661478652597,0.0002869229981573549,0.0002868509746226119,8.012370318429275,8.01236961200461,4.07286143116241,0.03993040251333208,8.014277909117942,4.051143624251756,4.07287398120891,2.0090236411118707,4.035637757896618,4.072721533100108,0.11791534375956746,8.012405362909917,8.012645470115448,0.00033746719683134423,2.0090239005739683,0.00016102488642931722,4.011570796644853,4.051340486410199,8.012369645546187,4.06744938320688,4.065711668814206,0.05353105442052638,1.2640947731645862,4.051772898188635,1.2649916267088908,5.329852313572775,5.3060150792793985,4.071915614663066,4.323955119029123,4.053003352035076,1.2461260319211078,1.2485023112981621,5.131720609636046,4.0728707931102495,4.072867475423555,4.069944315204184,4.06994445702949,0.0006890222281338707,0.08124497175465693,0.02067667178345491,0.0784975109460603,5.058260555647008e-05,4.013168044281517,0.00016099879659950615,4.0664975001246955,4.035993942946007,5.133499538459339,4.06928155905598,4.0411016368286345,4.123444152925472,1.119945611600869,4.053204960531081,4.02319023898779,4.052517269212284,4.0258980949447905,4.051206491879594,0.04076107762673822,8.0125628378932,0.0023290448435334126,8.013821638650906,8.01270457375094,8.012562843450418,9.121536537690877,4.0715297335526435,4.08689219517156,0.07579895090998148,0.007148233145310225,2.2446474704269843e-06,4.041534475316985,8.013877276830046,8.871981620567017e-08,8.043972264546596,0.03437197011770408,4.051732366027299,8.012361744650935,4.0728743754094525,8.018441644396594,4.052480389676396,8.015539055816411,3.3726534408365287e-07
0.015476306362916905,0.015644127382499026,1.0479770519371132,0.015963586976924137,8.158042788355103e-05,0.0016833481228333833,4.026289453571666,17.033691546839172,17.028687824766983,17.006347926271264,4.007949247602658,4.026568056214099,0.00018547944137456516,13.028984346004306,0.019491129818101378,0.020002569706258983,3.178431702180123,3.037335817302443,0.0014107114773910313,0.017457669707973418,0.03646433759910123,0.034529545541791454,0.0009041192005900777,0.017453830242799187,0.017453474876283324,137.23574206159626,119.73670311675475,116.96640424812225,118.88527446842373,125.44917369189551,105.49344195135878,109.16731791410689,118.47666009620296,109.27318462669069,106.64156693342673,104.34079850147694,94.15671915222403,96.53960392174103,115.6286810158139,37.8478298338655,0.017488444091233513,0.017463574256079088,1.0479766983687835,0.017453206683828618,0.019605665759421204,0.01745330586340351,49.37812622767019,36.38308869681331,36.31724100573864,0.09415115287719535,25.003859832492083,0.003839980775982951,0.0038349102373607946,0.0038388663560288564,0.0017806876483037874,1.0018204443007432,5.4667269000644415e-05,0.0018023664169428404,0.0017975399139396337,0.0017976116196150192,3.0371613079407496,0.005887460167160574,3.0371750175860495,3.0371833164332003,3.0371796755311062,0.14291580836000067,1.0473066963956683,1.0475209360246651,25.096137716563923,0.0810617269075979,0.10976653499918788,0.030311563685239247,0.12022832336834423,0.01940343208506025,0.0762384625482967,0.04350623302006426,0.017526216099963993,0.09145762360733788,0.03240372443152865,0.017883969483611067,0.018504699909898656,0.017716396244155455,0.018015304789224952,0.02553693255801657,0.017453806256415832,0.017462120072842317,0.01749009370789446,0.017647120542291127,0.09964226948645355,0.05667146660325538,0.017997609162939354,0.017848863758512853,0.017809471628269808,0.021430160204370566,0.23393530012004532,0.01762258743526948,0.02065615018573602,0.002139835045668574,0.005235690586109139,0.018029476849393506,0.01746054591543385,0.017525899583403157,0.017500685379473305,0.0029010434735257406,0.011278773145123882,1.0315302393404642,0.017453247046002287,4.081144538289088,4.232695758339718,0.44940689279549306,1.0244379123503764,0.047459618462479924,0.01747956693380899,0.017463125192975423,0.01748059939002776,0.017506214226488726,0.017498881057106393,0.00029436639314173375,0.00029029667396495643,0.0009048966258188786,5.976220484735178e-07,0.0009051121282787914,0.0009044107739047759,0.0009041027963509783,0.017456810342163516,0.017466686056200807,0.05738178207054966,1.0318228766542912,0.019318587800393774,1.0465490319606143,0.0573912827856755,17.028919101336513,1.0341502055482996,0.05717005760136066,115.59072726469282,0.01748524003866916,1.0174569786315872,1.0000877763697016,17.0288649957613,0.00022609927394576934,0.015475112999377979,1.0470724390139976,0.017466837245329922,0.08969035580775735,0.08624224048031116,0.06838258837794725,1.337455851745553,0.03537336378906797,0.3108304299980217,0.3907810750642353,0.3521404875586501,0.05626295232468742,0.4292148925568579,0.036878687504089874,0.3195008178973391,0.32238856886718453,0.26117981113582234,0.057375323651870654,0.05737282309048078,0.05587917124431828,0.05587927633477195,0.0009194292813086622,0.18083801833485116,0.06260948897219323,0.11706793468326661,0.00013440002754678312,0.019894923473051117,0.0002259375014612733,1.0860069611090166,1.0350688892201525,1.1542965671294203,1.0732564314060555,1.0501612895783086,1.144258787601285,1.1359052599043018,1.0490082896258286,1.0308906254018375,1.048834370625771,1.0215948436612547,1.0468386764500273,1.0331574248525888,0.01777415086716101,0.11508639490240333,0.018510205969192603,0.018367216573995926,0.01777417725473332,0.17419213039012052,1.0494575148097511,0.07853777435855822,1.0643265811734515,13.026373818584377,3.0007034562406177e-06,1.0344427545871266,0.018561806463674443,3.800344610040877e-07,0.033002630610543766,0.09853709707667675,1.0478743515834588,0.017454889596335756,0.05739162798713414,0.022055557552727752,1.0487696249448,0.02022307854474508,1.8917502316388778e-06
0.00080679361900888,0.0012198653961602017,1.0035375883557909,0.009392936712845851,6.514261294879982e-05,0.0001570478150247496,4.003707029433675,9.00483636095499,9.004145788166904,9.001466423402533,4.00206389674086,4.003739719108002,7.108039946537514e-05,5.003742696771765,0.0019813095330114884,0.002092903794555752,4.0059559170323285,4.008397437717989,0.00015896068399527967,0.012153953192987753,0.0056852105083046445,0.005441717240659232,0.00010180945998381884,0.01215120470216634,0.012151795451579387,61.297508877779535,54.202333941625184,55.14655448663797,51.46856450716936,59.285299730319394,49.709720242048405,39.04837576219734,43.048916171835344,39.04844535255339,39.04363196936757,38.05163717562885,34.14299190262207,35.10925915978027,43.03952031889991,14.023283950668514,0.01217433221836239,0.012157379287076775,1.0035373814232833,0.01215156956881853,0.014152754447138167,0.0121514475659929,19.039184403596874,12.041030298388774,12.016353131555686,0.017171422311234974,10.013633061779894,0.013801910221028566,0.013768170712603035,0.013794540227016,0.001909800405406161,1.002290066439448,0.00013608646042724993,0.002005113944512725,0.001995545133231807,0.0019956027677279276,4.008395911465283,0.006938880456613513,4.008404575509982,4.008400525398759,4.0083994503819715,0.023494781128205865,1.0034813693299012,1.0034665163431626,10.017005615940917,0.016203088830990017,0.017519137907643673,0.01500383269062479,0.020023392871471233,0.012410131891764195,0.018114629367482444,0.014681036995877559,0.0121966296781674,0.0164895865659796,0.013611532367540344,0.012219832266023212,0.012336562697524993,0.012306860302114864,0.012459160523891321,0.012699424262547172,0.012151242798109101,0.012155169929583697,0.012175497378808037,0.003015353044667985,0.022633272324360663,0.03463068785914816,0.012412420698821987,0.012221301100117047,0.012299515728939461,0.012580914799046198,0.03220044647916856,0.01222896451361772,0.012526693934896329,0.011429565430632999,0.009837640189686482,0.012436889317277907,0.01215572171585094,0.012229430421967004,0.012166508111687525,0.01195868071135891,0.006076370598821427,1.3024014052449346,0.012151480992105038,4.020150130470878,4.027389868178719,0.03792569113645115,1.0143970602343766,0.08234282771140312,0.012166128030601471,0.012157917559859139,0.012167677312714844,0.012185239095804731,0.012180789135422128,0.000536722871272371,0.0005339980000555202,0.00010184515818613064,9.949585716109552e-08,0.00010187036650148937,0.00010184585400866005,0.0001017936291534928,0.012153389954231588,0.012160830072349865,0.035343463038257306,1.0031586792326799,0.014137845826870063,1.0034485357098133,0.03534988633497239,9.004198435746758,1.0024434374052609,0.03486671784047735,43.02975485585487,0.01216715251321501,1.0121514502602293,1.0000577345922048,9.004186682601073,0.0004897980967749098,0.0008063576330955864,1.0034753383364325,0.01216082789715934,0.007870134065669353,0.006683256888833383,0.005248696295797714,1.0543834965487666,0.028266038627225012,0.03283919358194728,0.06268696492822437,0.06370812862643262,0.010902411718657187,0.047023125088772676,0.028384560904954184,0.030539167258605476,0.02910306937146809,0.04299870156735538,0.03521338656086656,0.03521169421273777,0.03440516102413125,0.034405216919354484,5.134493228419257e-05,0.019122704818378747,0.005785179917956747,0.025077511200566276,6.915414873230374e-05,0.03876750453494531,0.0004897731678388444,1.0081071213981585,1.002508903140403,1.01249334383598,1.008322533326637,1.0026481050686853,1.0109956068141859,1.0091195510384372,1.0042351487275643,1.0018131288870684,1.0036483824399685,1.001795142298303,1.003409885079089,1.0028640528956971,0.01237278826442368,0.032579613690172836,0.012793672955417959,0.012508494770111666,0.0123727933195081,0.024026034711554477,1.0274189093701975,0.0288041355720458,1.0280219619108515,5.003603679650683,1.5375547100767962e-06,1.002825204723932,0.012802321903403798,6.33815579756843e-08,0.013384678097897172,0.023019674806897067,1.0035349656583517,0.012152691292817042,0.035350300223624516,0.013486548697008154,1.0035121654837968,0.014744919313569943,3.190762501710737e-07
36.00000453227781,36.00000173156702,245.2139228229242,10.000236841572821,0.03453224446500109,0.22752869500256862,0.0021812274541618912,1.0041054745243978,0.002612556569414574,0.00016876994684546822,0.0024078414767404483,0.002397637941520676,9.840289083009015e-07,0.0012474232299914789,5.952640573551595e-06,0.00016558635124225252,58.00150278207253,1.0432243302678696,0.0026037859152684994,36.000001924421575,0.00015412928312911743,0.0001543123524067449,3.000000490483692,36.0000035227841,36.00000298083002,24.001659804362998,9.229480390647022e-05,1.0011840569638448,0.00024362483417294357,1.0011854257928972,1.0011637660792645,2.5872196993260228e-05,2.600250107981404e-05,2.596231767380478e-05,2.553202395295356e-05,2.5690861236617334e-05,1.2219372283269348e-05,2.5677059507906332e-05,2.6006431300334106e-05,9.978776269553218e-07,36.00000175724063,36.00000196862382,245.21405975352508,36.00000205237845,42.000331875012755,36.000003295344875,1.000009590588047,1.0000365040188246,1.0000094877214318,0.0002444876055183224,13.000023129980827,13.000021124434756,13.0000171820964,13.000016442803338,13.000012124056383,13.001298628966605,0.0011930560297534036,13.001184298670788,13.001155352892736,13.00115653306377,1.0019180059624673,0.00035900220121764365,1.0018502410269607,1.001843461459715,1.00181700333954,0.0005899248053123907,226.2727812315446,222.27278122677342,42.00133798547443,6.001336023265409,41.00008344633949,41.00033304616121,49.00149294049854,36.0000092680324,45.001604022750165,37.000168179998376,36.000004905083195,42.00131803844468,37.000006441221686,36.00000347782037,36.000005992017904,36.00000347596842,36.00000794338847,39.00092701333727,36.000003930536344,36.00000215539917,36.00000156835341,42.00033188987343,38.000729050903125,36.01322987278532,36.00000461458281,36.000002989889836,36.000003444906696,36.00000990952972,40.00163024447527,36.000005489581575,36.00000881475803,7.446508148537589e-06,2.0012607345314803,36.00000432385044,36.000001897027644,36.000007683260776,36.000002209092884,2.000004188931899,6.000332050216654,59.00004345000728,36.000002889785804,36.000009998103145,36.000713831390605,36.001075988711975,69.00253538861452,36.00026126761615,36.00000139206574,36.00000124540853,36.00000158761758,36.00000194545052,36.00000185740451,6.091492171327801,6.089076420516155,3.0000003826806845,4.004635446413783e-07,3.0000004506407274,3.0000004009299,3.000000192985904,36.00000180193611,36.0000015768349,173.00187951267122,196.00037040739232,42.00033078026868,202.00037221045116,173.01809157795114,0.0026071195287841686,195.00339673825707,168.03366490683806,2.5700415539020844e-05,36.0000013861733,59.000001461145615,23.000000531340476,0.002607012461065955,6.000000636517155,36.000001277376626,226.00195440890647,36.000001806147566,218.84949566270038,241.98720104471667,204.9966766624059,90.5718293881811,127.03366672644698,75.02303145294552,224.10526770546062,222.74909976966978,155.0000572693644,199.73189400622311,127.1466443114447,80.46762219451851,77.73054895804609,194.50938341702656,135.0158138535824,135.01075205448703,159.00212987336775,159.00215637179292,2.0000589030476084,2.0014130429302996,0.000356888474228867,3.0009009891090144,0.034532245985310205,0.0003421066991403845,6.000000447790855,224.30107295001181,214.2917275359887,266.1715901282162,230.54374281264364,194.19327537207832,264.16761707440094,145.32458588195243,255.1030956865471,192.40087277829448,255.3618758023408,191.39338919256264,203.5522264932534,222.0004265980648,36.000001446083324,5.204055305674556e-07,38.00000412154832,39.00000573959512,36.0000014748758,89.0067209391396,228.10312165982063,209.12483542995187,220.11352989850351,0.002394785703422452,5.741289233982004e-07,222.00017207437725,38.00000416244842,2.3925541181496874e-07,36.000373266933835,0.00027105380564380584,245.10327196570213,36.0000021524785,173.01919592429454,36.00185109075429,219.25050059780125,44.000333926017326,4.523396371334663e-06
1.0006080500905432,1.0277741227589063,1.01743044014792,2.0532456005867945,6.76184117834296e-05,0.0006978747571676981,0.009872014454289238,0.024082050880244718,0.014314443706586423,0.0055418944673459826,0.009264250349618313,0.010896530269880708,4.914326174995446e-06,0.009219327715099656,0.0021437320101965395,0.005141435745703352,0.006879909704343152,0.037197798690403586,0.00013376442303923003,2.0028894973391194,0.018168325430690878,0.017767552580547828,0.00022680124794387347,2.00288906911839,2.0028899460762797,0.032948358731994934,0.014132451658612837,0.017636088613222144,0.018890865351275456,0.02175955506776775,0.01970038907917677,0.012870021301253056,0.012916690817762689,0.01288579910232356,0.009989080935269505,0.01028412073189372,0.009027099609202255,0.008526625503368952,0.01255978646008755,0.00495438538152046,2.0028921454749145,2.002890104052181,1.0174304626024275,2.002889060747156,2.006167200885894,2.0028891786832537,0.002583567182742798,0.00543037037302417,0.0025175430878838587,0.033629131407399086,1.0025243783634203,1.0025421928425826,1.0025386586133116,1.0025414231728464,0.00020381624946279778,0.00044128405622548294,2.6096560602775548e-05,0.00022788680984893935,0.00022666721233925252,0.00022667971401786437,0.037195964063587224,0.001243001190038591,0.03720690900489645,0.037222032397489065,0.03721805899653091,0.06667795817792892,1.0173229870297187,1.0172970217602775,2.013331689732117,1.0127265520205948,2.0111742186533483,2.005923489377384,2.0275866913454705,2.003054862744468,2.0147866366075116,2.0109057202631213,2.002907343603702,2.0129534800296667,2.0035174468150814,2.0029196463686336,2.0029607433804957,2.002976232339845,2.0031542801664988,2.016404656175209,2.0028891619063827,2.0028899016160655,2.0028922928827146,1.0039089513738932,3.103145654847868,9.911011912804003,2.061026233993164,2.0374094966545786,2.0460607894869938,2.059005118287487,2.121549286748328,2.4477487002508753,2.0796544931493424,1.0744000458794294,8.358714259329313,2.0644296690250714,2.0103221112185823,2.0666081154945113,2.0200201974414354,2.002998599538232,0.018077709880700253,2.019453223539884,2.0028890807722544,2.014473044669006,2.0285136251893383,2.0468963291281073,2.005148182226095,1.034855646268912,2.0028938299666152,2.002890701879662,2.0028914464687952,2.0028936801705117,2.0028930746472224,0.00034290483031666633,0.00034198806713590485,0.00022686994670144734,9.64469018541368e-08,0.00022689427399652078,0.0002268025677355539,0.00022675857619202175,2.0028931524996363,2.0028903850350974,1.017042236613636,0.01697186095808776,2.0061609469217068,1.0171778474926791,1.0170443887773188,0.014417698071063748,1.0166893188835255,1.0167196108602827,0.012532621189373429,2.0028950738039306,2.0028891305893564,7.10745794218825e-06,0.014417833913937047,0.0003269588864716827,1.0006078370956675,1.0172528802306808,2.0028903269064333,1.0209218959019093,1.020340268411086,0.019329265226963807,0.1787440480947105,1.0134662761691535,0.1800670704280302,1.1933024605128184,1.1769941187448127,1.014467784065201,1.1785726158260685,1.0141360855521404,0.1685390506513413,0.16960128516595643,1.1158438704023195,1.016755669850414,1.0167551166801914,1.0160269548208622,1.016026992016077,0.0016498071278284376,0.03880630044640199,0.010295412872436429,0.031045943605035372,7.451362757904057e-05,3.05521380867941,0.0003269560769513086,1.0236312510555794,1.0168213657166045,2.027113856583298,1.0228567143564808,1.0095922349033748,1.026212986238276,0.022334366315046036,2.0182576701851653,1.0101615035308624,1.0177800904474197,1.0080036317082477,1.0171829574475326,0.01712200483024877,2.0029159574610054,0.0001254151991911342,3.0037388386608335,2.004407679452834,2.0029159782944608,2.1003927375607763,1.0177110026999154,1.0197199776059145,0.019477961047581035,0.011959603973875585,9.391663816951872e-07,1.0085455478371184,3.0037950138616236,7.181283429527619e-08,2.0090041067840048,0.034776804333352396,1.017400104462868,2.0028892266069263,1.0170445536449124,2.0095605688921463,1.017496655570361,3.0068526332572487,3.074443898132204e-07
1.005205101738228,1.4810560464602684,1.0283588241517243,8.03650647916383,6.367285495572327e-05,0.0013894735548663447,0.028122985291882896,0.045454316248576536,0.03232549842536988,0.017389925737411518,0.023406993629190263,0.029688207305948087,1.558013052140637e-05,0.013444026866787109,0.008300682625579188,0.009468298796055725,0.01352936521947329,0.06702094894175248,0.00022595879201600606,3.0085083334793987,0.02320046281154039,0.022097968739785378,7.075366771714682e-05,3.00850662778948,3.0085068438123623,0.10586877812284215,0.05161457765795487,0.05915354792974451,0.059300244481631854,0.06755528940598096,0.05656673822443315,0.04830279102230836,0.04861433030136601,0.04840766534162475,0.04406620452795447,0.03196723606820148,0.0261743856371297,0.03834156718408407,0.04623725349458996,0.01809105811168401,3.008518882604766,3.0085104406726835,1.0283588340372751,3.008506778146157,3.01357290351393,3.0085068619956292,0.01476267822464457,0.018607865432983383,0.014346979905265364,0.06770394968419123,2.0037568790092504,2.0037725859578748,2.003766514934768,2.0037712472384777,0.0003727197222993717,0.0005690334906032294,2.5138802821624225e-05,0.00039363204863256693,0.0003920597223384325,0.0003920712771465501,0.06701627218073161,0.0018222962976291853,0.06703953647020497,0.06707227305664185,0.06706376537166936,0.09257499143003078,1.0282835536915975,1.0282593541780216,3.0270620035376767,2.0219357720327564,3.0293041698639187,3.013549883920622,3.0489456398628803,3.008935737418167,3.03075953967162,3.040401973364823,3.008550714634073,3.0261464704032304,3.013468559250112,3.0085872158482316,3.0087138849708936,3.008677886878548,3.0089700211896053,3.025325153497696,3.008506657766486,3.0085095205731536,3.008519491957391,1.0103102788447564,3.1760682200195864,10.704424059189817,3.0357513024109486,3.0230738547391565,3.028297104787873,3.0354442301973905,3.153490399071685,3.051150360358723,3.0363457389292305,2.0626879847620954,3.2916281050137783,3.036969089682238,3.014477950546263,3.0625202399082903,3.0163923931606718,2.0042146509652254,0.022934539833411656,3.0393360180706224,3.0085066247639234,3.0341078801356725,3.0725538762144566,3.0888799382879335,7.010390575728519,1.0360776139164256,3.0085196401100642,3.0085112984325506,3.008515905484077,3.0085251252278304,3.0085225827280864,0.0002814394483736942,0.0002804355954556786,7.075546578793754e-05,2.633332783556652e-08,7.076288195230948e-05,7.074761134220913e-05,7.073014851772665e-05,3.0085125354563496,3.0085115554131487,1.0197473156161554,0.023212027615785204,3.013486960509416,1.0280879180064537,1.0197496846090885,0.032904461719434196,1.0272732327850722,1.0194876061514866,0.04605720552426816,3.008523068957532,3.0085067453969403,2.9139055519861542e-05,0.03290423517484535,0.0002640778233456344,1.0052050073427226,1.0281531370627328,3.0085116075816916,5.033641732318678,5.032690494592335,2.027145777531747,0.3037241357925865,1.0147902260071275,0.3116475295070027,1.3240395531129696,1.2908827448977704,1.0185922365952769,1.296709086226991,1.0161965602949168,0.2867000349162528,0.2896255509517789,1.1367780741279856,1.0195228155650953,1.0195221976512001,1.0189465394996409,1.018946564991838,0.00136218282602995,0.05442623350491028,0.01390923497455524,0.0633500381723746,7.696483756310025e-05,9.045736580540375,0.00026407850323802303,1.0397156458237455,1.027398547130137,1.0513579941560112,1.0363342722475384,1.0160817714366654,1.045353183943499,0.04211197878808296,1.0292719689713246,1.02192861331135,1.0286178132738928,1.0113861780459095,1.0281762329873483,0.023297632976008356,3.008618747934246,0.0010687498903081257,3.00969046299926,3.0111883670097326,3.0086187567510922,3.1359380291832935,1.0324179960499702,1.0375055625897631,0.03259325598408737,0.027415804751757974,1.6363019923086863e-06,1.0122189190048358,3.009804159076373,2.724469990046205e-08,3.0203392567659058,0.06958652307726541,1.0283022979302594,3.0085074208635705,1.0197498285315991,3.0182078233932046,1.0283866386737819,3.014364375250742,2.331953568780614e-07
0.003277198937066892,0.0033805784785637576,1.0480530013088427,0.012007313080137284,5.478737867278547e-05,0.00038987464521624384,1.0068496383952008,2.0135217779904697,2.0090953970329415,2.0028283698005573,1.0064479582857566,1.0070040564439202,2.25049652393861e-05,1.0112074415273447,0.0007035284811315691,0.0026979874971430834,1.0443728814486946,1.0343063604754037,0.00026506259527050237,0.006440233323822294,0.01923510371402099,0.018701399000573053,0.00022165661783169846,0.006439042214766629,0.006439096498538309,8.486861216274109,14.55570065365664,15.984697805679822,14.631186129301918,17.240990872700465,13.399600526805571,10.720217563006603,11.747333045734555,10.728902554187243,10.525611150660845,9.606854655431441,9.112401923252502,9.462372810558469,11.552884470718137,3.97023694413594,0.006447329877607225,0.0064416877743089344,1.048053017653524,0.006439141353081719,0.007375976945012175,0.0064391128867922155,7.992470553658054,3.995760588638617,3.932094826762527,0.0379621841632181,5.027171172513888,0.02624427140123902,0.026164742601331142,0.026225976503545294,0.021799051522345254,1.0222148199047556,0.0014774716301741682,0.02221610972510337,0.02206898738522835,0.02207079574682099,1.0342824006778193,0.004989766102473467,1.034294352618931,1.0343026411895155,1.0342993448730111,0.062496692971277155,1.0480004227695416,1.0479677827441445,5.037995608166904,0.03345196797011024,0.037801029191777205,0.01129926152260634,0.04519731436161866,0.006939606492440015,0.020215544472584952,0.015919524127704178,0.006464603220965409,0.0353829938496953,0.009661259281919424,0.006553837770213874,0.006708980230148431,0.006493746327002205,0.006548365868533505,0.00748484198833529,0.006439045667838381,0.006441361577839523,0.006447752194449565,0.004249500400742357,0.04391407392980872,0.025150443090367958,0.006676534056311872,0.006728468286256337,0.006616868181014824,0.009602212539220358,0.18866032235045158,0.006566178043781486,0.008960756936258795,0.0032202860855073626,0.0059861242465566525,0.006681847382027019,0.006443044920358398,0.00647777517659344,0.006467760298374694,0.003368651105365648,0.003836646147596316,1.064391912365374,0.006439134386521776,1.1484347621089732,1.2319904279293759,0.34065870234273793,1.0106635992099944,0.03832120813561246,0.006447699623723291,0.006442172541384667,0.0064455170678117905,0.006451493846884129,0.006449838967547019,0.00021101433664626377,0.0002058245501235613,0.00022175452981778953,5.9147739497804996e-08,0.00022177168138746775,0.0002217055181313187,0.00022165537640085237,0.006439943136249413,0.006442233442646211,0.06706490763686972,1.0446039491208836,0.007338745456639149,1.0476929347542436,0.0670770469735234,2.0091597074037066,1.0260037940768154,0.06695365327570654,11.52688270413984,0.006449854307702484,1.0070769462377165,1.0006570430830246,2.0091596674298047,0.00012413643043533335,0.0032771223281270407,1.047757181629862,0.006442235657190797,0.06455092436510222,0.05377480861121284,0.049934559434785926,1.070475700608823,0.03130960302873419,0.07057313657358477,0.12972732240576057,0.1295991350106939,0.06635858674762943,0.16714375859782118,0.03160097331841447,0.06570899544571723,0.06649931368842424,0.06347010424070927,0.0670716348962175,0.06706839621097874,0.06616003225809662,0.06616017286058606,0.001158748848447066,0.11780080047207757,0.0634105401333022,0.08725486428780228,9.025365884431312e-05,0.013863288331600465,0.00012413604123237592,1.0443801939460657,1.0260683974060083,1.081617461644377,1.0555005715325305,1.0257323962989624,1.0804954248168719,1.078780467387139,1.048202984739461,1.016644302515166,1.0481751800992571,1.0140487937099019,1.047810569874961,1.0447419357907937,0.00651283356789288,0.1664758891099911,0.006688223467959954,0.006620031685801312,0.00651283034595715,0.03271630417430445,1.053850721765018,0.06526950628497123,1.0627965588491923,1.0071434425897274,5.604955306211509e-07,1.0357422420982254,0.006705094407966125,4.546770886125519e-08,0.015062697765532623,0.042888024480838324,1.047946572825411,0.006439528105692375,0.06707742059966693,0.011717490244889293,1.0481234201367566,0.007541749867515158,4.369569786900822e-08
1.0000534372262402,1.0001830856608687,2.000880886922557,0.0024295623838469817,1.72083927992683e-05,6.73670491389664e-05,0.0028510834935743363,0.004268796389700845,0.0034022932656194824,0.0006984518671390203,0.0014865807288546714,0.003019827266617285,9.227465228809279e-07,0.002420829550527651,0.0016300014380050054,0.0019010069238179202,0.012962663485599924,0.001504773846799535,1.1631324433786197e-06,2.012403287865341,0.008758124501312525,0.008696037818522066,4.3945784607731576e-05,2.012400320203319,2.012400302642152,1.040614523473348,0.006772500078487379,0.03332042087787897,0.03256652867785132,0.034582923569714055,0.0334862666439893,0.0051108176968266495,0.0051270816422714005,0.005115834873018361,0.004901382583897838,0.0033689647133989436,0.003258691796910095,0.003899829010354433,0.005012350089839393,0.0020571201856776316,2.012423917831683,2.0124069518150094,2.0008808852030713,2.0124006540180965,2.0126520161871806,2.0124006279645026,0.0020215048261267286,0.002518837505663194,0.0019872453737586823,0.00774359308471709,1.0236223151371533,1.0239057920138581,1.0238496108907678,1.023893334947026,0.010646771323507625,0.010974270352847012,0.0004945188598471045,0.01079179946825944,0.010740209038611956,0.010740795871534847,0.0014996808381622343,0.00012978913523126884,0.0014997912187103507,0.001499947096699605,0.001499900123897817,0.01596972345937324,2.0007931769589957,2.000769913149633,2.013978044815271,1.013920958583639,2.013846100910682,2.0127593504947847,2.014062116888167,2.0126278771080854,2.0137714187846787,2.012916744055037,2.0124460332079623,2.013531283008806,2.0126801374411927,2.012464071341243,2.012572718608555,2.0125579858904805,2.012712616163315,2.013129626257575,2.0124003104535704,2.0124052120220717,2.0124250658765446,1.00051922633817,2.0163131710546747,2.0249484947411895,2.012654653205339,2.0124567568958356,2.0125424172228423,2.012676143077336,2.0153567632557254,2.012488091339774,2.01265435947279,1.012424777502578,0.011292603235004675,2.012679462784713,2.012404463998635,2.0124739400967857,2.012414340586433,1.0124621399157967,0.0023014624750981923,9.591097504416833,2.0124003286219945,2.013207174463096,2.0143020561264153,2.015967318570374,3.01255920988785,1.0171265810558223,2.0124127075577207,2.012406097794607,2.012417003030336,2.01243510713664,2.0124305157299323,0.0009428642865322168,0.000941304830182733,4.394844689737485e-05,5.458142505628137e-09,4.39510182908038e-05,4.394254059164999e-05,4.3940082115650315e-05,2.012402120599901,2.0124100700512844,1.0244447017809677,1.0016527155869388,2.012653723012279,2.0006681287148034,1.0244485219356547,0.003401046617594778,2.0005088625340353,1.023539422674588,0.005001033336927556,2.0124138474644355,3.0124033091796845,1.000060836244374,0.003401082997620025,0.0009135812365814248,1.0000533917139782,2.000792519997095,2.012410088723969,1.001604003499095,1.0015550408608926,0.0013946230610678272,0.023903402782344395,1.022911385899952,0.014428417048078158,1.0361969617067894,1.0365942227151763,1.0117397089595017,1.0243836976190932,1.0229596380476547,0.013784581928219792,0.012442064501229838,1.0193472071901555,1.0244396747544067,1.0244387175747134,1.0232609456292447,1.0232609895332498,6.153505825094308e-05,0.004438502066939677,0.0014109769357058914,0.007143150883099919,1.7823392768431977e-05,1.015135790442911,0.0009135813194820665,2.0021249971496906,2.0005977828805137,2.0029010368315587,2.002396465421066,2.000655868895959,2.002618860103057,1.0014568293954254,2.0011411749823034,2.0005086426982253,2.0010488019410104,2.0004764357666227,2.0006822935726936,1.0010449937923551,2.0126240367717254,6.935989559404536e-05,2.0125396746554602,2.0125640572368053,2.012624037781694,2.0181192321938437,2.0128347846995838,1.0138924827290943,1.0139715652003427,0.002689878035281392,1.5252101392298632e-06,2.000760069337477,2.012546364633294,4.16525833315558e-09,2.0126224110579485,0.015190483325391213,2.0008806117600235,2.0124019188461046,1.0244490915059121,2.013492064978369,2.0010407239619816,2.012766106248558,4.5070492219268955e-08
1.0031919086002266,1.003556545523016,1.0135087072679225,0.02370009567731762,4.0539074032251276e-05,0.0008512314193839892,0.011764481800590577,0.01939090861079999,0.015223216689921474,0.006585816158301143,0.008440292023444427,0.01269492801049966,6.300782744544884e-06,0.010308968886649443,0.005044394333823634,0.0069446686746345646,0.017620997838084303,0.02849381279377786,4.142960690951127e-06,1.0097169842041895,0.020906518904116714,0.020131100750990297,0.00021300264966780673,1.0097104267462196,1.009710380342066,0.2658771949963254,0.11384048100227592,0.17089803631521516,0.1851812481329362,0.19510035392638436,0.17919308633662986,0.10640009703566469,0.10725825084929473,0.10669006202274119,0.09681911361230808,0.06842034964827913,0.06770898487625444,0.07826445736297608,0.10073805250550051,0.04451423440419451,1.0097306072714323,1.009725247407883,1.0135087139914585,1.0097106022355993,1.0121071080710644,1.0097105822117547,0.034006320304647016,0.03774484469281918,0.03293982791119072,0.05212278217681521,0.007894310577342838,0.007972188682450037,0.00795599643204039,0.007968643987164507,0.0011909335093073315,0.0014018268025964777,3.311140753105842e-05,0.0012031639946194354,0.001198453389224189,0.0011984876503020841,0.028486478672149523,0.014183974304492485,0.02851147823763942,0.028505095744382192,0.028501407850717135,0.08336251867572664,1.0132747146073458,1.0133781715730728,1.0221079620821976,0.018965806011262135,1.028193637614846,1.013429433457157,1.0370354858738184,1.0100426227213395,1.025783660485123,1.016582210350186,1.0097522833538677,1.0214287245455151,1.012775668097333,1.009781227291608,1.009895798385426,1.009826600263987,1.0099506506757645,1.0134772882391814,1.009710445312488,1.0097190179320017,1.009730180353477,1.0056874421102509,1.0679519047515602,1.1344015164647139,1.0099966944146126,1.009856703370623,1.0098926473039935,1.0106857364410802,1.072973473352682,1.0110694828914497,1.0105723753328018,0.006695868805684097,0.11674209499009974,1.010018567449383,1.009719754302636,1.0098576028982726,1.0097437104026254,0.007277934335340532,0.015997573685384493,1.1499465928372752,1.0097104012411877,1.0288714294697086,1.0639732091879892,1.1622705668143285,1.0118456397936184,6.006481911155986,1.0132951768233183,1.0116772940121033,1.009723675571613,1.0097351521470361,1.0097376920587138,0.0017869062758481707,0.0017800887055339184,0.00021308909850261467,5.59438925010264e-08,0.0002131096005591461,0.0002130294840129813,0.00021299938107268001,1.0097145959076643,1.009716581353018,1.0766516494255365,0.011706198611031596,1.0120766585952816,1.0129003607024323,1.0766680029692661,0.015406041527397737,1.0101929936451808,1.0749955996664595,0.10017250847156674,1.0130791538495758,1.0097106554251558,3.651461704533519e-05,0.015406306587801706,0.0016653038663045983,1.0031918984546444,1.0132327432636323,1.009716656537488,1.019871577038722,1.0183046579839887,0.014554113789224204,0.16380498880398062,1.0266897322404547,0.15140770810827656,1.2200453358196872,1.2073858467151295,1.0617087061519188,1.2778978831427426,1.0273623979118127,0.1411451331008464,0.13215694686716087,1.122679716720745,1.0766612498902075,1.0766569887496793,1.074221134215069,1.074221321448583,0.0005676290779415911,0.08024328380694327,0.02153999625381487,0.10369559248527763,6.549798265507692e-05,0.035112338352717404,0.0016652943400347693,1.023806286823993,1.0104642184036159,1.0375323877222749,1.0243221148925943,1.0088151218242694,1.034607194094308,0.0272738167760349,1.0143851704622617,1.0086253942475332,1.013728457825897,1.0057867457268748,1.013140160698438,0.010518211471274207,1.0098505204163688,0.0029626733318830704,1.010551026906389,1.010835675232432,1.0098505441008594,1.0700104892861653,1.0271456176643479,1.0317740492599057,0.029195488435900745,0.012718521804611905,1.3813732446063423e-06,1.0088131663263384,1.0105834223477972,3.584874856585555e-08,1.0203283102610483,0.05543497265312945,1.0134907722197688,1.0097113880950945,1.0766695723877882,1.0151550185535456,1.0137188105000252,1.0128123967349527,1.339960472728657e-07
8.000802410872089,8.000808953640897,86.19743158136224,0.002435589226519359,4.600037677914808e-06,0.0008517635925450899,0.004664007785407126,0.008233877860373516,0.006687490918884681,0.004895258828241364,0.0051552052371997064,0.005320851916848849,1.5195911046824565e-06,0.003412410239892078,0.0004310519385658779,0.0009266556866685642,8.007344086966727,0.0005235037422690715,2.906184404125515e-06,8.001176207353419,0.004273799308854007,0.004233657740315329,0.0008973730470942082,8.001176118591294,8.00117588493808,10.021617459325666,0.016671974277999373,0.01323588385336986,0.007610623682838273,0.018002917590952294,0.01735776475505453,0.016308128864259436,0.0164001048768975,0.01633925210928281,0.011250080673171915,0.0154657652179973,0.01521645527815792,0.01108798769116807,0.01573584246888691,0.01041261306153554,8.001176866374545,8.001176495927131,86.1974194402465,8.00117582712354,8.001422826442987,8.001175885893515,0.015296793192465989,0.017826305898265782,0.014977122707765123,0.005827086492264977,0.0005044687721513972,0.0005025511082130918,0.000502237211856266,0.0005024838795705961,0.00012367975739346003,0.0002755674783935675,1.0348968616036996e-05,0.00013304540867795913,0.00013255111020504633,0.00013256558386512047,0.0005211337138514083,0.00024420840264728367,0.0005211971418054685,0.0005211852656803549,0.0005211762452356941,0.009134204626143881,76.74978436281707,74.7761814351238,14.006432469571209,6.005591443509753,16.007340665734638,11.09244814779847,14.009370140779179,8.00141623840718,10.002948975353085,10.002202496573489,8.001177908963585,14.00581553367252,10.001936727127372,8.001186481877049,8.001201415376192,8.001182388735309,8.00118970383047,8.001845471732823,8.00117620603886,8.001176839807275,8.001176868672827,8.001050875097077,10.002313960020732,8.003019444105494,8.001184386955437,8.001178280870548,8.001180561241524,8.001194182110185,10.00409667660941,8.00117727250419,8.00119145842869,0.00037656691731085173,2.0003186229953562,8.001184962241695,8.001175847232972,8.001177038032667,8.0011762122582,2.000434032230565,0.00040997968035194003,18.002136534446635,8.001176018974428,8.001851609743342,8.002503990565206,8.00511983785934,18.003639021156282,8.001736875512492,8.00117609969111,8.001175845900429,8.001176712787418,8.001177391992007,8.001177243541989,2.0000303247119415,2.000030117977018,0.0008980315475493557,4.686478866242094e-07,0.0008982312435928828,0.0008975707469024281,0.0008973528164133892,8.00117585602404,8.001176040611234,32.00515542251225,70.74079900986568,8.001417278843599,67.42054731461616,32.005155724497676,0.006791072723376311,66.00522254056793,30.00512861350774,0.0156417674778271,8.001176134277317,18.001175860019526,10.000002046041294,0.00679080721666659,2.000027703153876,8.000801938199373,76.74160943588964,8.00117602404969,64.81493048206212,76.23488346268736,68.23308447981859,4.021772505687653,19.00483361658037,0.02003083565324517,30.0281428979069,30.02679923096602,27.004245628322924,27.036332609995952,19.00521732020408,0.02305822954831094,0.02161298592100748,30.031572479018383,24.005155576121457,24.00515553299664,30.003893721205756,30.003893708435566,0.00839519880384793,0.011400271949141848,0.0033828355355021507,0.011218336096950315,8.017647270401226e-06,0.0017756869605903343,2.000027652885181,91.16478660056367,75.22507881871144,116.1096345235679,102.2197366740117,66.2181391234574,112.99657924264154,74.1094491201001,96.2187344915628,67.35646294956152,98.53854436013349,64.2651318174385,65.48377313012952,93.5265261829719,8.00118276386219,0.0008841096522330179,10.00123680774921,8.001257509077213,8.001182770472226,8.01281689480616,83.8732079412607,77.02468178669106,87.32971940357541,0.005232268914733932,1.464436668755695e-07,75.18777436190855,10.001237101766845,2.890028146708898e-07,8.001355872236017,0.00810876068831506,86.29457323485389,8.001175917801461,32.00515574304833,8.001684114456568,91.53622412384713,10.001477465397043,4.5926359421061094e-07
2.002534278275992,2.0028869865112418,2.0349147349023773,0.02867014221389918,2.1916415058307024e-05,0.0006911376708756101,0.017984305729365744,0.04218737931624909,0.02088717010351231,0.013683992757182855,0.02067573182458276,0.01954300190055152,9.209261251705183e-06,0.015811708997774628,0.001183228783767059,0.0019530411377751426,0.014188995525060179,0.03126296053622924,0.0005831382373571508,4.003684042882905,0.014916773410448957,0.014655346750478918,0.0001303657152774338,4.0031460962385585,4.003146093781803,0.09464576145040493,0.062430753954435154,0.05406622530901084,0.05797867007512829,0.0675913994413821,0.0556948237220193,0.0546411276407467,0.05500647684322161,0.05476257957434424,0.049570286392325365,0.04241960522779949,0.030033072207216405,0.039186761075066384,0.052202756310919855,0.016792232036885617,4.003823065251808,4.004229597302539,2.034914762131688,4.00314611484968,4.0149460754083925,4.003146135222488,0.010239606190903692,0.01295239687421986,0.009959180007409035,0.023097398709042195,2.0017460774773133,2.001709079548625,2.001707323634389,2.001708681138559,0.0010687929525394042,0.0012212493672273494,3.830029882737281e-05,0.00108949629263617,0.001086694339917931,0.001086727627530093,0.03125783286969764,0.0012839796103941326,0.03126678920629154,0.03127873834775895,0.03127555011880986,0.03657268549063982,2.0348787610904027,2.034862653223181,4.225769461469155,2.210763285887373,5.148457671795916,4.089309495006841,4.11470412043991,4.10258156448367,5.1585489493682175,9.007924949175862,4.004133551449406,4.019998116322764,5.0071443638508955,4.003906131830488,4.00473423905733,4.00508732290213,4.004810812746754,4.007417427097173,4.003146166654681,4.004433550716601,4.003969512443379,2.0145290115857835,9.082360547422917,4.058914950603531,4.003232522353018,4.0032194771617515,4.003206025452718,4.003840062706481,5.059487077949108,4.00330848972413,4.003710143867191,2.00067164401982,1.021681412257198,4.003236520599627,4.00314937084695,4.003192024937956,4.003157080099552,3.0009759201205832,1.01603032226436,4.008691281458929,4.003146091806241,4.036454718731971,4.075489348652921,4.069093317533336,4.005739030484268,2.0318949058314173,4.003166399181703,4.003153329039532,4.004403062444866,4.005515334990975,4.004495781931972,0.00019957737935059688,0.00019922005668261073,0.0001304549987474086,4.05133121113092e-08,0.00013043307582557697,0.00013036869666951812,0.0001303484553261324,4.003150047571257,4.003147682271143,2.0099606435970325,0.032353586429771604,4.013682503088488,2.03464610746184,2.009961501524383,0.022641458655321394,2.0341401294471724,2.0097686958055077,0.052047070018345035,4.003169888014221,4.003147391895907,9.380962605045446e-06,0.0226414614339173,0.00019322736709774144,2.0025628856861157,2.0346948041691895,4.00314797679984,2.0433326215078136,2.0420638283286987,0.038988392274091815,0.16587651840475295,2.0064887238490794,0.16879161502524473,2.174734562039981,2.159519337882509,2.0094743835259297,2.1692874471370676,2.0071754377248294,0.15700412258603036,0.1589567120807256,2.0804087913876073,2.0098019385436725,2.0098016970695025,2.0093980968203264,2.0093981119831072,0.000976925917380158,0.03655660001588415,0.011611893739949142,0.05533447739796624,3.208625416321751e-05,2.0290591281111348,0.00019323980197495218,2.0461489606386185,2.03424633244732,4.0525840890352285,2.0395906786194855,2.025063649774949,2.049650000690252,1.0476853788488272,3.0352831797807833,2.0200281953150894,2.035154482954615,2.0173914202711485,2.0348141749755033,0.03246845746998126,4.003176760709455,0.0006638384388331832,5.084020055249011,4.011013065165701,4.0031767686157105,4.085893362429473,2.0489755946860875,2.0569945271160757,0.05465869250573825,0.011745453776292047,1.6751630618591906e-06,2.017889982056478,5.111322752636885,2.2450794046699296e-08,4.0222839636625745,0.0246939060054484,2.0348344104497578,4.0031495116846445,2.0099616160171814,4.02096681925557,2.0350089043687984,5.014026497170466,6.225092727778357e-08
2.0003347481223033,2.0005209068568295,6.001953778621147,0.0037591565179531244,2.5991616659994017e-06,0.2709103924046147,0.0019466679072557788,0.002833969326802683,0.0024822121806003976,0.0005102287486212308,0.0014076609569027804,0.0021237502069389883,6.339992964867934e-07,0.0031817567588333837,0.0007728083487053471,0.0010995984689111278,4.032704614535655,0.004891286377534031,1.230987674080269e-06,2.0062280684066116,0.015283215295934018,0.015110591128014838,0.000777427288751322,2.0062267009525057,2.0062267898551323,1.0609829040637577,0.03635280000847676,0.03058434998082553,0.035951098157788124,0.04294725398887804,0.03919656165706219,0.03611353167766346,0.0363346568745959,0.03618368064291781,0.03357429455361128,0.03018447050778775,0.025172377006185586,0.022648085076079526,0.034721137159087805,0.012968933373705971,2.006236392096089,2.0062296567625366,6.001953780315939,2.006226834845297,14.00653789953368,2.006226838991343,0.008689241877711983,0.009987393502751789,0.00848438371863719,0.016061970419737535,2.034118018550331,2.034611843402923,2.034502187427434,2.034587087943593,2.0269381726905795,3.027482633015879,0.0019429050497798033,2.0274854509787357,2.0272913278238613,2.0272937064701466,0.004870856246222105,0.0008898545919811352,0.004871780064592492,0.004872321435475752,0.00487206443161645,0.031849711378619285,6.0018518507847745,6.001819159404942,7.007927227173001,5.007525832995586,2.0094090588486244,8.006759321121807,19.009762851627514,2.0063310334890816,19.00862159939104,2.0075646524987047,2.00624786391124,7.007652266633647,2.0065973580336576,2.0062540757029663,2.0063003744866825,2.0062920647042213,2.006356860711394,7.006858977341915,2.0062267541255756,2.0062287267910484,2.006236828785603,14.000732358961617,2.0111124449319,2.008653755688854,2.006333142182654,2.006255245701256,2.006286989670965,2.0064088553965753,7.0176463449239845,2.0062419371962426,2.0063845117568544,0.005922816936217798,0.0009724782596311028,2.0063431486270265,2.0062283477146443,2.0062553501482014,2.0062326873554466,0.005908652664809035,12.000543155965538,2.0337954377172833,2.006226715498652,2.0154400130112142,2.0155047954847984,2.021149181350761,2.009684294582843,2.006144189800661,2.006231725037899,2.0062290337870503,2.006233649871975,2.0062411335866166,2.006239288184173,0.014025586335986053,0.01402029539438169,0.0007779909224638647,3.2818013637301153e-07,0.0007781420440390228,0.0007776285440908404,0.0007774305082008904,2.006227307256636,2.006230708622918,15.063418533276938,4.015313875019592,14.006535958409811,6.001704233362601,15.063438372552922,0.00251853824303578,4.001516381433905,15.049640201467717,0.0346231710426617,2.0062322042154412,2.006251516582225,4.8606827432551006e-05,0.0025186882646940725,0.013798912214641783,2.000334565951575,6.001849538755361,2.0062307147622653,12.007262818089401,12.006914418851704,10.005473364514275,111.40193640881401,11.043045984840594,109.69011514386345,144.44767412726623,116.56315129755504,13.035081802216922,108.27325500155018,11.332330985719357,115.2047953458108,111.67009377174426,82.89678982676259,13.063426023744698,13.063423400628388,14.049299172950324,14.049299319605765,1.0000736294343062,1.0096137213962164,0.0035347165477342653,1.0150014477218632,4.462407963908092e-06,0.01947154885754764,0.01379891585391561,4.006007707954434,4.001837035519889,6.00783158728173,4.006032497969819,4.002663563118201,6.0073042610542675,2.0051031658745497,6.002647143767724,4.001362154020756,6.002712670143447,4.00100240702371,6.0017178636496045,4.0023760662914905,2.006318652065696,0.0003884434325807885,2.006254699103476,8.006320666917699,2.006318653125322,82.01572177525321,8.01799764659567,8.033019014693052,7.032884087856236,0.0016590872634649335,6.345769813347926e-07,6.001335747688883,2.0062581381481293,2.1265519831746874e-07,2.006465568770696,0.020350764560319992,6.001953073413365,2.0062274016940496,15.063458745055698,2.0081169335540983,4.002711987827433,14.006551753385908,2.5267384637126854e-07
3.0012617982283833,3.0012737498766437,9.007366563364222,0.005539744681094717,3.0358558252105302e-06,0.3752982888433572,0.07596277240674423,0.08035839100676298,0.07995138868972758,0.0029240332703530636,0.0036921336890492888,0.07665790919886352,9.050649545925098e-05,0.07950971719875731,0.07373881173928507,0.07469481714343326,5.023303219485394,0.003199091092280177,3.325004163467624e-05,3.0019501666737543,0.009956725108350228,0.008230641286960955,0.0019012318390435553,3.001949327599977,3.0019494238346054,1.0504769062469357,0.04107577738314328,0.04386571816711858,0.029159219450145053,0.04690932449039421,0.035562928508822186,0.04078943215550556,0.04105096380636071,0.04087802358699408,0.03660161541413031,0.03862880979508919,0.028959652102499428,0.03643176346425371,0.03915179678967964,0.025646263104566948,3.0019517943921867,3.0019508550364455,9.007366565775142,3.001949329203617,15.002203840987606,3.00194934445415,0.017109728045369345,0.017664025841737842,0.016728835923735728,0.08499314113773708,2.000868507286239,2.0008707634398344,2.0008701080129874,2.0008706191522565,2.0001723989423668,3.0003605840938916,6.706062743735807e-06,2.000177710249381,2.000176997234022,2.0001770007874358,0.0031872115379850134,0.00033913014980627615,0.0031875717051006976,0.0031878878583806412,0.0031877793493981766,0.09549497841648905,9.005039289953272,9.0058324908968,8.006690728358608,5.005469022959661,3.0065588564087635,9.004091299619924,21.163523866794037,3.0024594648208973,20.020580615649536,3.003916162223677,3.0019530944214536,8.005991710441705,3.0031355224345533,3.0019597764267956,3.0019756430580062,3.0032185847720623,3.006190441825549,9.160031835291695,3.0019493970257267,3.001951223053858,3.001951732902178,15.001519947267132,3.0092333139848875,3.0786931341892134,3.0021334804326574,3.002218378540401,3.002097368057473,3.004876067907521,9.166287415664765,3.002099769273838,3.0042804671045884,0.0007863655795345561,0.010861344432557426,3.002133720633745,3.001955570653098,3.0020293476808475,3.001977861978254,0.0010237094876709575,12.00227909484979,3.00385791731695,3.001949329450519,3.0039951606116295,3.0085508039180575,3.021033999398675,3.006219777764834,3.003951591424468,3.001950664808842,3.0019498182718554,3.0019514858749865,3.0019532163593095,3.0019528569619953,0.0003712779096206823,0.00036995290280246457,0.001903212735646087,1.090652064337124e-06,0.0019037287345198466,0.0019019559847397415,0.0019012764221189422,3.001967531804749,3.0019518283151907,22.022481496610215,6.0041122975919965,15.002206224510669,9.003277999380265,22.022484635363675,0.0791503365727228,6.004954732175197,22.02213987234762,0.03889496137391984,3.001950976513885,3.0019497120904726,3.908370285141961e-06,0.0791475438716364,0.00034840006098943216,3.0012615745430486,9.00502549998043,3.001955097691814,16.04312554202695,16.044714941524493,13.041012629484658,131.21628062465217,16.01971799958976,126.26505406624553,146.78865278237836,163.11604603195704,19.02024061269712,131.05155703910714,16.37091094916581,133.8137960616182,130.30059095840014,91.45018428992053,19.022474734877115,19.022473984994235,20.01920929361938,20.019209330985575,2.000523703201385,2.0149623079282257,0.004473444820423839,2.008163578906039,4.877494289612527e-06,0.0032537144447634197,0.00034839964809322833,6.016520838738117,6.007520476898008,9.021896099888538,6.018536914522697,6.007993824292499,9.021197259267616,3.011994430756244,9.00900997157887,6.007189249378037,9.009603143018275,6.00698555877457,9.00352813683755,6.008326161740914,3.001963193737685,0.0011108590628203063,3.0022804357623336,9.002107906609908,3.001963194355664,97.2942479153694,12.009137385937235,12.010675600814597,10.011594028383591,0.07750966380746321,4.2883070501495324e-05,9.00706159520711,3.002282296046865,7.261416516425445e-07,3.0040745579958985,0.09777321806318459,9.007360013243465,3.0019494693607656,22.022484827741522,3.002417092740356,6.009588469422722,15.002527861266378,2.4100326218965986e-07
1.0014084946902078,1.0015386971571099,1.0430727367551806,0.01142262700411197,0.00010525075230022835,0.001309081824531756,0.02748697958395931,0.05205167156339787,0.03219132324078208,0.012140961550051526,0.029397042606064114,0.028825334148028375,1.4931869337123972e-05,0.00875980815702104,0.0009004722782696094,0.003538212722626666,0.030913988466833898,0.033476223112316135,8.69739048781447e-05,2.003694476648259,0.06896147091972206,0.0629593610413771,0.00038103940012441316,2.0033465719471395,2.003346574988833,0.21463428642164195,0.10137144068513684,0.07883345551653076,0.09759629817496507,0.10911759295521925,0.08562448961451698,0.09720580181841737,0.09794523262845344,0.09745535701386038,0.08382124240486791,0.07200277645613548,0.05787434923691118,0.063191514108016,0.09216509425195597,0.028504461952546484,2.0037760877546704,2.003784541915081,1.0430727665982513,2.003346541663029,4.009361914967528,2.0033465571115188,0.023514869806643565,0.0626830408178161,0.02165683777927398,0.22131882831326918,1.002760188040751,1.0027727464594105,1.002769213850938,1.0027719673362507,0.0007773947072646263,0.0007839769340751414,1.6926336038976444e-05,0.0007833036337025235,0.0007815360206570968,0.0007815558802018389,0.03346136731273497,0.005671301585347085,0.03347458763031226,0.033481978978508804,0.03347861710858092,0.2967543991531932,1.0417498951697257,1.0381770023599326,4.166709516824779,3.1723462496731267,4.151024103499017,3.083712855739947,6.031989737534856,2.1207414743225876,4.114455671316649,2.102063704340907,2.003820244211325,4.01757203576992,2.0053241827396744,2.004015758779602,2.0040622590213317,2.0043642553205525,2.0043626546559974,3.0119649381838496,2.003346582509026,2.0039032200580866,2.0037706603286294,3.007442430691126,2.06155502391233,2.0529616331042115,2.0034757310646105,2.003501806511893,2.0034438480881565,2.0049934639395364,3.110510636914226,2.003491232612687,2.004664069373587,1.0019980980128578,0.015678284627441356,2.0034785627062615,2.0033502236345413,2.0033945497568024,2.0033639534277867,1.0020426953835986,2.006598994768538,2.0137164849143345,2.003346505449754,2.0133653413894126,2.1087481998055058,2.187807285923098,2.009095649135447,1.018186571255448,2.0033567714808016,2.0033502838900885,2.004029869001137,2.0040955312121835,2.003985271471511,9.96115159645352e-05,9.883126390807374e-05,0.0003812008745614745,1.216363008427881e-07,0.000381259953283239,0.0003810645823626835,0.00038098625016134025,2.0033480479659227,2.00334794519852,1.0173383385463173,0.0402347485124402,4.009288953449407,1.0397072736584945,1.0173401930892942,0.033141879636607044,1.0396952593097433,1.017254493818052,0.09185219193215446,2.0033575637482945,2.0033467740591675,8.278997565882656e-06,0.03314446868904041,8.643238788744629e-05,1.0014084415946778,1.0415569479380447,2.0033481000821456,1.046648834961211,1.0494479496400686,0.047423985956223616,3.2503361814597005,1.010600643745666,3.2579868799299874,4.269313253520086,4.242668001776852,1.0163659285154503,3.3670818800694815,1.0118370448476481,3.237935981155668,3.2410756672979,2.0894779603560614,1.0171569095065751,1.0171566264104948,1.0117580684218253,1.0117580840888636,0.004916951556774669,0.1867481270817692,0.04227309100062254,0.20858765198609558,0.00017515685054893097,1.0161521021656639,8.64382493302879e-05,1.0763468146128439,1.0411459556320046,3.078381215246105,1.0704963247062425,1.0334738974115396,3.082461191361274,2.0641649353510014,1.045643155634548,1.0303592652577807,1.0475293475834198,1.020721569791457,1.0368708136405445,0.04594156019630753,2.0033773232507612,0.003220115446559835,2.003524379444509,3.0053519998584797,2.0033773219519584,5.071954219382187,1.0413454655042764,1.0537770933406536,0.05439508225193386,0.025849015046627163,7.105702305880429e-07,1.0225394510315493,2.0035553453714483,7.949889557609608e-08,2.0129110452786527,0.2217168706399309,1.0429825509957737,2.003348780502421,1.0173402469156636,2.0302841229201434,1.0473520072098175,4.009386736704257,2.2602632689271525e-08
0.0016683870791780813,0.0017653633072970756,0.13226821782926013,0.009937207828056816,0.036623945516798026,0.0011120459390260727,0.02091029087114268,0.03408022301717398,0.02671914984026971,0.007882869231369187,0.022980895585888075,0.022482076890606918,1.2572389045123747e-05,0.014962299270905637,0.0002036803830245555,0.004134505990050114,0.03281469543906164,0.09830364179566041,2.380042175839345e-05,0.004373200759627969,0.027197293067357232,0.020175081653877696,0.00012004526794407819,0.004372303895669199,0.004372346105403797,0.7232096918604305,0.437584081120721,0.3232159125438958,0.4085689981647155,0.45132900928217123,0.3753143004598678,0.43380145049698443,0.43884964622751155,0.43550669545002485,0.39455978516021906,0.2711618477667217,0.26030043011364895,0.2788063094294963,0.3997100653837737,0.13700109758143536,0.004377568729808369,0.004374527972345463,0.13226837353413182,0.004372367566372158,0.009081273751323693,0.004372382049811444,0.13281948949946715,0.139598324607058,0.12737055666523578,0.2310168580059649,0.005054297524340891,0.005092415353818126,0.005084598966146834,0.005090668437805188,0.0022616435422066453,0.002283235965601675,6.999077667765805e-05,0.002281933888310397,0.002274675584728225,0.002274760108548855,0.09828695550916994,0.014955212183460206,0.09833838844245507,0.09836961119495319,0.09835622791412127,0.28061137756767573,0.13235944807819405,0.13243810852415694,0.017663623504984703,0.01602306166739492,0.030703091882155566,0.009754291106256094,0.058279440058561185,0.004699210204851187,0.014626929793562558,0.015665626888807477,0.004461145140662348,0.016948473974714225,0.005982941514001023,0.004416223185328465,0.004477991453220771,0.004414836592454182,0.004469608886495686,0.007695420254741386,0.0043723537410768525,0.00437404875336923,0.004377937528569217,0.006406507551487718,0.09775183254940167,0.034348202456244835,0.004538227648155061,0.004574053504914996,0.004497160511889449,0.0065390973604759015,0.1435074912502004,0.004597647188568778,0.006106104039423944,0.0027540646992849195,0.022210618875512296,0.004542033301425659,0.00437565800784639,0.004409728448836175,0.004393616410640391,0.0029694324367484275,0.007233795264196355,0.019052689958991936,0.004372314932218931,0.03604636788568356,0.09428183958035373,0.17946665780085316,0.0060698048084160475,0.03253899020378793,0.0043915609498006184,0.004377741165833736,0.004376526347205394,0.004380485914883339,0.004379633346964176,0.00026075990590268864,0.00024910220660090616,0.00012007849223400022,3.7114625108994335e-08,0.00012006966098252826,0.00012003228854963474,0.00012001915491023755,0.004373779648637342,0.004374265986377848,0.10539599769977076,0.12972769633532935,0.009024953322824969,0.131099959935589,0.105423234954677,0.02711615111393783,0.05175905845760775,0.10533155546516997,0.39723832857042896,0.004399231391805808,0.004372864202708887,1.2260025614427594e-05,0.02711925890254225,6.60101436535294e-05,0.0016681914908323468,0.13133094846810664,0.004374284262963673,0.14828671014924297,0.1381345673528883,0.13636435112306483,0.1630365655206243,0.011060460327131767,0.17163761514937773,0.2639593637690064,0.24959258172145077,0.10425546578530696,1.2853574703699329,0.011958737297562852,0.15343945926679042,0.15550520401309012,1.1367861286279952,0.10538118525548751,0.10537391678239717,0.10382107666522268,0.10382140478317164,1.0793030746943533,8.67815425427355,8.489688216307322,3.4876489168469713,0.05293389293700964,0.012994607511331252,6.600672692768653e-05,0.0640126106138366,0.05129789284909992,0.15183666833791207,0.13952935823959914,0.026457657332789358,0.15060608590374433,0.1475677320486437,0.13215387994933192,0.035576755064143255,0.13221394571177447,0.01990776257397692,0.13191330755413536,0.12995582265431976,0.004417365206147493,0.015659329680003678,0.0047682871771648995,0.005913901035522672,0.004417365786490853,0.05885705515485369,0.14059969822062393,0.1481821446403197,0.14673203147818778,0.019463129813817225,6.35237694663756e-07,0.09924369294446547,0.004823395292459883,5.5075920871981314e-08,0.02864962633665967,0.23377942698848614,0.13181813775913667,0.004372638496460371,0.10542401086620942,0.027951778527629065,0.13187794951791834,0.009283305241179705,1.680778816857842e-07
1.0130445765028755,1.0134791866897372,1.060931210108278,0.03714267471568801,0.00031452402477131017,0.004693484399089537,0.02697081610010515,0.07879663912058289,0.04132453009232608,0.0188609211379908,0.031313337161182696,0.03257031244334217,1.9463167614604853e-05,0.016252385023398316,0.0024982693159956632,0.01056932877282602,0.1001219443414795,1.0429747545207535,0.00011154629391203191,2.0143114014898735,0.06008821123864853,0.055143655282990506,0.0005088997544259036,2.014307539439577,2.0143078263859318,0.29624785609904997,0.18383910228088407,0.16276696564846424,0.17461982579270643,0.20095777662831144,0.12121403842502321,0.180127573031495,0.18173297513681194,0.1806701987694303,0.16259267232891358,0.1390792744549598,0.07554750695021124,0.13293114823384988,0.16895733689582867,0.038744849531197265,2.0143339674680454,2.0143161256996955,1.0609312474765396,2.014307906971364,2.0260346924256476,2.0143078888737223,0.03245235723867493,0.04416562008715864,0.031364498546081386,0.21267274012429943,1.0024049599070903,1.0024144724092667,1.0024119686233666,1.002413913770774,0.0011107344618294674,0.0012309770268865983,6.772799389209484e-05,0.0011620576513514888,0.0011594076677860377,0.001159433772991725,1.042910885722882,1.0077251340544189,1.042927311847007,1.0429343166899503,1.042930421624178,0.32518275226309773,1.060115200085652,1.0604172902601199,2.064891749780843,1.0521862727973947,3.0908385690364106,2.0287483603054395,3.1347626314036092,2.015532759400657,3.059166801765744,3.0417633751205124,2.0144383569707878,2.0622239236750275,3.026980403259935,2.0145429795688776,2.014902440250317,2.014578433642751,2.0149795184320336,3.034883812818633,2.0143076723148643,2.0143144057742606,2.014335292098082,1.024781119416902,2.1357215886791026,2.1876343283005406,2.069922605282631,2.103250811428323,2.062917226437926,2.7528720801029767,10.61599950885904,2.051985706000138,2.6152239125191326,1.014055772926008,0.07238009336475269,2.0692405795473703,2.0165726314399963,2.0233699123620292,2.026636284532065,1.0017486255900574,0.019001790251487995,2.0352677524559684,2.014307574043316,4.07604467224274,4.513630838447609,4.643209354696185,2.019938828692982,1.0565379774949513,2.014344341194341,2.014319680043592,2.0143279063906037,2.0143471837208713,2.014342129950355,0.00010044094903868638,9.663490448253445e-05,0.0005091948764154439,1.7740006689046124e-07,0.0005092695188953244,0.0005089967876511106,0.000508890881076561,2.0143131517308657,2.0143179744067856,1.0542419228808497,0.046790716117759756,2.0256806704474246,1.0591561177974638,1.054250768331291,0.042003129746371055,1.0572536899389893,1.0542152439242665,0.16852115609471166,2.014356097476049,2.0143083512094475,6.226083000688735e-05,0.04200536561693611,3.689558395535213e-05,1.0130444923298283,1.0597986441651812,2.0143180616599627,1.076100076576106,1.073877650350333,0.05925452789556162,1.8293392934500763,1.0294498032662274,1.876915420219486,2.9023470123363593,2.795432594079772,1.0529966644729882,1.9642260719083378,1.0341849290759033,1.789600367450904,1.8036434618733554,2.245257120020161,1.054004250868746,1.0540018601761658,1.0535202386045652,1.0535203467309362,0.0067298492625776675,0.35581080663000025,0.07151763357257222,0.3356734071344767,0.0004349157543590319,1.0404184827817173,3.6882405010113965e-05,1.0879127530199975,1.0582299214883313,2.1306174291733067,1.0754662331537637,1.0477893192095034,1.1170712578701665,1.114222236644361,1.0617835282890657,1.0436166713199226,1.062218792702729,1.0304292854921184,1.0596063726828933,0.04888631763582323,2.014545241755408,0.0027001979800520084,2.0149705487489564,2.017812365295792,2.0145452477202785,3.185904825445331,1.0614327984124379,1.079263823909771,0.06713042665388738,0.027246742910847877,2.537842293825206e-06,1.0328687853194745,2.015042449979182,1.208151085080223e-07,2.0497960360912297,0.21664407421315207,1.0607928666516273,2.014309247908824,1.054251022705708,2.0405272758224835,1.061965149044599,2.0261389411694526,2.402964851112439e-07
1.0000409453395744,1.0014109100776702,1.0057948885638213,1.0888012992240046,7.025101039534558e-05,0.0015935410890457625,0.01684993340842804,0.04117685897954359,0.027291372144501957,0.005059448538495656,0.018535576666127707,0.018519133133077213,1.1278096209592887e-05,0.012421232486313516,0.0009917734471038065,0.008789898984669545,0.016123792874994658,0.0264826391066535,2.1567313278525705e-05,2.002381269829531,0.021122704908760347,0.02076296333122914,2.362491267344024e-05,2.002380809044345,2.0023816865679924,0.018034901887117216,0.004410772848946057,0.012613745808330228,0.005912868569566449,0.013428582127731284,0.012884909170654116,0.0036144949600344285,0.003622475137132946,0.0036172166768281186,0.003055187133572356,0.002619249599615491,0.002469578468476804,0.0027864578110544493,0.0035623722259070048,0.0016759268837163897,2.0023836838062192,2.002382009686332,1.0057949038284104,2.0023807959964155,2.0042715555541464,2.0023809143220945,0.001327477270711878,0.004365443145836285,0.001276110671178165,0.02875383184399224,1.0026632803444504,1.0026814554722832,1.002677854861119,1.0026806726764237,0.000283131808909121,0.0003992265954182742,7.141032371099434e-06,0.0002874795055967391,0.0002865746168769326,0.00028658747026877475,0.02647589343824298,0.0002514037345215102,0.026482048444967685,0.02649126557034801,0.026488931119825764,0.06071538169585378,1.0057405597147735,1.0057273865951128,2.008174423793167,1.008138186240589,2.006926812684691,2.0035068598045407,2.043947140354166,2.002541334215335,2.0097136860692344,2.005728252617332,2.002424425766346,2.0078746034631685,2.002460312998457,2.002399496136644,2.0024252559283737,2.002628975949438,2.0031891899394454,2.0386592411484683,2.0023809020493326,2.002381747229744,2.0023838439578205,1.001954368928628,3.03115132698148,9.221002888881095,2.0617602294805355,2.0376872477487926,2.0464413181329912,2.0596838529660566,2.111933432905764,2.488433669809436,2.081908348517721,1.0734810360860372,10.191267408847688,2.0653014904962297,2.0097620982630113,2.065117157508258,2.0197721837164315,2.002490910128763,0.00420980923052177,2.016472306012614,2.00238082051778,2.00426029790962,2.0081726210762545,2.0102179265899793,2.0042656445725227,1.0300821207663238,2.0023834293200835,2.002381851322871,2.0023830064933614,2.00238513844956,2.0023847224108686,0.00018856487892632084,0.00018836461063884946,2.359874232255183e-05,4.5766745395826176e-08,2.3598749394724034e-05,2.359119850254795e-05,2.3579192863143562e-05,2.002382064868208,2.0023820182169296,1.0062738671933884,0.005869831959396668,2.004261909947438,1.0056460640167055,1.0062743212475436,0.027323940020145158,1.0055734090134758,1.0060899151390665,0.0035562317295759834,2.0023838008097936,2.0023808620554764,6.304516391118525e-06,0.027323600444635995,0.00018501531494557208,1.000040730858057,1.0057256370146535,2.0023820184263936,1.0082804384622097,1.0070833279477864,0.0070076345201459484,0.2997976123451581,1.0054050960045762,0.35361048960068975,1.3539341200611483,1.3161308581702902,1.0038113634815795,1.2261598471711868,1.006964628958905,0.32833643414029795,0.32833311697872875,1.2628514629420597,1.0058222872600362,1.0058221964364693,1.004771590623754,1.004771607924152,0.005904036887609356,0.02351736761629657,0.019573101937652743,0.028117210635386948,7.68196826235353e-05,2.0910037116208042,0.00018501250517853865,1.0063780185561335,1.0056315938299472,2.007096307879839,1.0060514224761035,1.0034078128985393,1.0069108191783835,0.005788034555387353,2.0059859882881934,1.0030740065828214,1.0058637287351562,1.0032816050514928,1.005672690680032,0.005837864701756485,2.0024046371449353,7.936146180939266e-05,3.002558316825762,2.0033086891172527,2.0024046579799974,2.2496314542570066,1.0073415577396219,1.0076422432225036,0.010910692049511651,0.02271059439245868,1.7014255791122578e-06,1.0034289361921862,3.0025695567143837,3.757379698902753e-08,2.0047226636703863,0.02939742547732768,1.0057883202579236,2.0023809493609486,1.0062743775084781,2.0160092726142977,1.0054133551308904,3.004409124899478,3.069448092678758e-07
1.000565553003345,1.0010479250857123,1.0033829418345535,1.0326849917781815,3.8867407308520895e-06,0.0026452809964422983,0.01577562156274409,0.01905380172239742,0.017433067598459324,0.0015265354090231973,0.0016803894012091976,0.015830995122630535,1.3275985585346284e-05,0.02171464410996137,0.014464715116992835,0.015264443226019414,0.005716854197463335,0.005617311602000883,2.833811471919064e-05,2.009891033680263,0.0077185236325539265,0.006923205074994184,0.0001617304385541394,2.009888740928773,2.0098889508078464,0.020916373687448846,0.010097159997008087,0.010756024996927807,0.014165777667758575,0.015480526014088874,0.014138679783047704,0.009908982851976226,0.009947823786362614,0.009922122287341736,0.00531404692742264,0.009044077332832686,0.008054509137437577,0.004985003747643934,0.009643868222396927,0.003253710549475962,2.009906793196782,2.009893737174774,1.0033829429680843,2.0098889981776304,2.0102243677422043,2.009889053842659,0.0035467330785096747,0.0037287062277428437,0.0035067273623602163,0.04592288419984687,1.0100471472781845,1.010172119158779,1.0101477364311164,1.0101667983479488,0.0004533730041180316,0.0008872740869983829,1.740172249133528e-05,0.0004639202636337121,0.0004592799603298547,0.0004592893552268689,0.0056159386794858495,0.00011956914936487298,0.005616765595577679,0.005618038706446573,0.005617709714153137,0.054461579179425255,1.002913196962752,1.0027832368656449,2.0150116143169043,1.0144554416793392,2.013367199091119,2.011040928059539,2.0451691040533952,2.0101675476823417,2.0173832752120107,2.012052118511003,2.0099232872062687,2.0145025535030805,2.010537395638281,2.009943891054807,2.010035039538099,2.0102197536207225,2.010833332610069,2.042190107823035,2.00988876245785,2.0098920682808954,2.0099076519209587,1.0010616175332179,2.039663109424117,6.407257571887941,2.03542731548392,2.0234946844483894,2.0284931903181684,2.0341640488772663,2.0784027399951888,2.0325370830348164,2.0345414114718765,1.0659864106764747,2.480400523277265,2.0365265948271603,2.0157170595190097,2.061546995842451,2.017413066271802,1.0100819182932037,0.011125248245086383,2.0292480763361076,2.0098887530288985,2.019488523274464,2.0242965685441896,2.0280821169486263,2.0112382215477096,1.0145577863029556,2.0098983285727994,2.009893154972485,2.009901671202347,2.009915247484593,2.009911865181736,0.0003187831816323299,0.0003165633554781577,0.00016177290816494594,4.452536224545396e-08,0.00016179208437167304,0.00016173891423327042,0.00016170833014202775,2.0098925511595973,2.009896263765729,1.0317934351789315,0.002624478959172679,2.0102365657257195,1.002613164327365,1.0317986507540737,0.01733022718740099,1.002670765548207,1.031524366014539,0.009628527748156321,2.009899279949294,2.0098887720781264,4.418604365113075e-05,0.01733017362554247,0.00028106113176189565,1.000565485967441,1.0029089587392275,2.0098963649501145,1.0154061157670125,1.0156622065787861,0.014599328631801148,0.5369809797186796,1.0304924808831335,0.501433470251969,1.5586680042125471,1.4502888920877994,1.0276102167109094,1.5315876730474178,1.0329852690702483,0.49592175092430424,0.4849069058327055,1.3451920395753816,1.0317880643907178,1.031787412143897,1.0169118673491129,1.0169119266296376,0.0010457510258354364,0.016799065090757927,0.00908927746240968,0.004353280408556111,6.194748889873343e-06,2.041174878810987,0.0002810620488491002,1.0083886515833778,1.0031493078049925,1.0123329710676219,1.009205710680196,1.0024961498395453,1.011375250631591,0.006468512115729572,1.004270183638999,1.0029297275074855,1.0042489760402415,1.0021559249938108,1.0023170264219432,0.003721289075121688,2.0100595170312987,0.00011317514271785178,2.010693244483257,2.010044626343069,2.0100595230027114,2.2829173615035847,1.007554436044426,1.0083491756807286,0.008319818493998831,0.01706360376507754,2.5646135984913362e-06,1.002394584415656,2.010710130067729,3.642428115814577e-08,2.0108089143367485,0.05244444170798344,1.0033810967387689,2.0098899661144354,1.03179888319482,2.010620811270831,1.0042407040990629,2.0109784575952347,2.2183659880842077e-07
8.366560915337751e-06,8.389224806361659e-06,7.000128688072592,0.001100986336446535,6.389031628286894e-09,7.019104830409674e-05,0.0002153629113832932,0.0034673588319136675,0.0034132446147574543,0.002309126897046182,0.001180014315792021,0.0011192225543181012,6.746099360240046e-07,0.0032021938984178825,5.09658433428252e-05,8.156962949855072e-05,1.0004802816127591,0.0004035835899718303,1.7511025923769993e-05,9.108240072777016e-06,0.00013295261097802345,0.00013252889282770514,0.0007763708172227468,9.075642250109319e-06,9.074500513323038e-06,1.009258157894742,0.002736651655855558,0.003115744182910621,0.002470669167572035,0.0031432146030013985,0.002733850632364393,0.0025571975524208137,0.0025649416929299567,0.0025597996971606046,0.002492389963269972,0.002277083569476935,0.002272122423757054,0.0025037364792865743,0.0025022911699877992,0.0004395551867761036,9.085996658077323e-06,9.106143304378627e-06,7.000128688507961,9.071255681728641e-06,1.0998342612246234e-05,9.072413000330665e-06,0.00042998509706043334,0.0004321895721456649,0.00042468778928626404,0.00023746419598401708,3.4813003226485055e-06,7.186638666747146e-07,7.185582334427019e-07,7.18633491261993e-07,3.145250477998014e-09,0.00015956504734566417,1.112278834164537e-06,9.054365296653248e-07,4.948469312220053e-07,4.96103133286665e-07,0.00040352213629455373,3.3388192050832564e-06,0.00040354576676936344,0.00040358224418767473,0.0004035746258609195,0.00046645937432298,6.000113347365891,6.0001085732090855,0.00023436960196061653,0.00022327225558878448,0.00024190507976829375,1.6247355628192522e-05,0.00026682758752889654,9.55957814824391e-06,2.839448516325839e-05,1.7805157152580008e-05,9.085454728510577e-06,0.0002302516219849468,1.680047566325809e-05,9.210910721443964e-06,9.34923069346202e-06,9.10250850398073e-06,9.135537447972556e-06,4.104427202140436e-05,9.077032208253955e-06,9.132273889217202e-06,9.078603798926156e-06,1.028782995664492e-05,4.971074744535066e-05,0.00013472165682059384,9.085540588293646e-06,9.080705084046685e-06,9.0803701719212e-06,9.155309348571566e-06,9.560958336382857e-05,9.078814421526553e-06,9.139389253385155e-06,7.267325417750518e-07,1.187912980314281e-05,9.086558235410043e-06,9.071539642125685e-06,9.081163464875111e-06,9.072040660986904e-06,1.5158001794773233e-06,1.5378838769751023e-05,1.0000158160339268,9.0705239269908e-06,1.6088371087407163e-05,2.4885731421998448e-05,9.468769324331664e-05,1.0011100060595968,4.3049807243666e-05,9.078737069764482e-06,9.074048314771742e-06,9.08301366694405e-06,9.106689081131977e-06,9.110587949910387e-06,1.0000000118318348,1.0000000109558476,0.0007769503467569377,3.1154851505718687e-07,0.000777099166779344,0.0007765830314374208,0.0007763865454348683,9.074744591995682e-06,9.072492572152265e-06,4.000093507077767,7.000104941469227,1.0993151283450522e-05,5.000090252449214,4.00009350900876,0.0034064760891030854,5.00005384059571,3.000093508257812,0.0025011272343074126,9.072654764668727e-06,1.0000090749052954,1.0000000031887144,0.003406436261328712,1.000000003203266,8.36140186548407e-06,6.000113300351658,9.071295697468976e-06,5.002050865788318,6.002041260931535,6.00136365708886,2.0021970196618595,2.0000336278232616,0.0010919913361221232,3.0012916569771964,3.0011269348030085,2.000093499845672,2.001758577120266,2.000049982606874,0.0011666266825090714,0.0010681536565366487,3.000947900034252,3.0000924246170917,3.0000924232205075,3.0000923652831553,3.0000923659121517,3.608703204519708e-05,0.00012664941284679007,4.051306252972344e-05,0.0001232213806387592,9.581276665759734e-09,3.688852370798776e-05,1.0000000021365165,7.000139535103274,6.000124084538089,8.000454914253785,7.000222152546557,6.000113479432589,8.000454137503082,5.0003769941878184,8.000146943072908,6.000069104304498,8.000158065296281,5.000068108940898,5.000093237627054,8.00014966748655,9.077470595129117e-06,6.565216142164171e-06,9.877323311104431e-06,1.0213636436633555e-05,9.077661690993076e-06,0.0006249775097013642,10.053346429479774,11.07549414342504,6.031326285874618,0.0033432170090116112,1.267098528193624e-09,6.000127567137508,9.877487585024905e-06,2.1051114250898783e-07,2.2571816946676755e-05,0.0002466020509220786,7.000128664783089,9.07120545044142e-06,4.000093509770509,1.3004118696353188e-05,7.0001569533110315,1.179567027694008e-05,2.3075593121376156e-08
0.018451157052519467,0.0185168289564482,0.05274201937375783,0.014822049431389556,0.031441207784139356,0.0014140080743622126,0.00784977149306608,1.0172074504006368,0.012480543892822583,0.005294449934325006,0.007810981260506063,0.00908141626794075,4.838711823890235e-06,0.013784764056335299,0.001848908797865043,0.004569267719294659,1.268880846027273,0.047331901001890435,5.753540926876943e-05,0.019284562641044885,0.04854346715648145,0.04699952567058449,0.001947113318631501,0.01927895563381276,0.01927897617397961,0.23575242946874309,0.15261488573238063,0.13240501607006594,0.13860874035196477,0.15956404776002048,0.11133350348928427,0.1514327855788092,0.15263178879973133,0.15183827658855417,0.13324294855609983,0.11557785656438666,0.08159904217983778,0.11783617541799561,0.1433760545872024,0.055285219171929204,0.019320051731636242,0.0192910936693616,0.0527420664633849,0.019279507321869543,0.022724389224731592,0.019279487274885,0.04102486829027093,0.04613443038652769,0.03993371622570358,0.08879361984802946,0.0015561227304600003,0.0015552587004477364,0.0015538907307316315,0.0015549479925257208,0.0007052024565387759,0.0008212730971695381,2.8560254468274866e-05,0.0007248773744063065,0.000723364800713101,0.0007233803098903586,0.04705651675111733,0.034245324535572566,0.04712432089496595,0.04709517082810187,0.047086727166762404,0.19913356676491,0.0486987241453525,0.05194478215174875,0.0834882930282886,0.0655804570524125,0.10081595032324221,0.027752188262906863,0.10254578785370436,0.020828046301764023,0.06162655976120442,0.04193687151950258,0.019362512426704382,0.07996939796559481,0.036822003712929006,0.019648313442296533,0.02021516875421813,0.019564134436910366,0.019862326398205288,0.024599115208257447,0.019278955730213185,0.01928850138903666,0.019321964601302744,0.021901647563038907,0.10371009423315206,0.06448036530606954,0.019861699996585908,0.01964113426107555,0.01964887699277411,0.022770572021380428,0.21741289416780762,0.01946332315514514,0.0221063585255865,0.0010092024970743043,0.009759430070826056,0.019900351334291005,0.019287091377242827,0.01935473606205291,0.01932652729002718,0.0014106290235498843,0.013884322468323445,0.026200058607153222,0.019278978397541544,0.08150130079276283,0.6787096308537248,2.3234437201615847,0.03054865086226512,0.04525310216586428,0.019340221075143577,0.019298774819072703,0.019309972893278855,0.019339980417987672,0.01933193798944929,0.0002741440334708297,0.00026088975975402173,0.0019491665154657044,1.1324285783023085e-06,0.0019496968151930824,0.0019478408735382519,0.0019471399624121294,0.019283994136794814,0.019295369730144597,0.1332617357008117,0.03005581461780435,0.022357341842860087,0.04664935229737735,0.1332927150621143,0.012728494914765394,0.04036967354659391,0.13323494342973927,0.1427602742102312,0.01936064230512688,0.01927929322974815,9.805836906011484e-05,0.012730181070936519,5.266970643033849e-05,0.0184508810850148,0.04845436026296737,0.01929545049809479,0.06983383683766094,0.06963723453631623,0.04798433404792101,0.20067012507486662,0.05560549900475135,0.20672053654311578,0.3350239322341329,0.3131523759670726,0.13128506866990367,2.4553969537938753,0.05664150664796262,0.19554617198569182,0.19499212927939166,2.2229049193246473,0.133170329748955,0.13316202932262675,0.13282639077950753,0.13282675584284065,2.067549679742922,9.279917925814033,2.568083440273768,9.157115417922919,0.04716170230724129,0.010280956870340677,5.266833203813711e-05,0.09084784250750916,0.04465865699074394,0.15940842637848374,0.07944483657641985,0.06145717098424739,0.1380113528281232,0.12174835301386756,0.054593597220541565,0.03184552101613121,0.05469311830650485,0.038305947213374165,0.04796892940488193,0.03602985740633539,0.019656570596454273,0.002996757007851393,0.02000956970944619,0.01982888203442843,0.019656569770753064,0.1248746035553872,0.04214358592417709,0.06771994696489937,0.05123673354557637,0.00929530903743002,2.926507801294851e-06,0.04633135150928772,0.020066096990757152,7.786896870147103e-07,0.070075189084496,0.10737561005692153,0.052635742115213865,0.019281646338468936,0.1332935892978796,0.023511823022716382,0.05454124166616737,0.02291586919583145,3.2364734426149333e-07
1.0000205735708274,1.0000288044095884,1.0065635176076349,1.002090218746408,0.00020123175431903127,0.0001473358166945758,0.009192526343508364,0.029940425613491403,0.02442626026702747,0.0037786204564956563,0.01232635285679079,0.01229419969634988,1.111649306178779e-05,0.01376344122340225,0.00011408455752232002,0.012044246476791505,0.009001449210387251,0.003511386652349118,9.495041523244925e-06,2.0002902515942242,0.0048630416572992856,0.004797465870168928,6.16000158450168e-05,2.0002901816574465,2.0002903909371206,0.004736005980884734,0.0014808978643270517,0.0028918385290442414,0.0012896425530801894,0.0031420186545108144,0.0029925938559767448,0.0010983372169484395,0.0010999301448542153,0.0010988761542452105,0.0010553604948946667,0.0007554815445294298,0.0007175674322108026,0.0008439707316795954,0.0010878815039624325,0.0004711170533130916,2.0002904220353557,2.0002904535505452,1.0065635208421562,2.0002901653805125,2.000975160994362,2.0002902427636466,0.0005700677249060999,0.0012285378448201503,0.0005623582351380875,0.007644020300575913,1.0010461769629782,1.001050873816643,1.0010499481343467,1.00105066322299,0.0007662659017894603,0.0007786696518601703,2.090830033661475e-05,0.0007762651082774191,0.0007747354238904402,0.0007747574653128365,0.003508551701250475,5.406742816041951e-05,0.003508903438416397,0.0035094830288708275,0.0035093324286619406,0.028902266275923898,1.0065601000092401,1.0065243511877044,2.0007918986398194,1.000772936449381,2.003975539396981,2.0008449344648995,2.0112839806849028,2.0003148456803244,2.0014473291831174,2.0008734963874755,2.000316708275748,2.0007458237031526,2.000310516971721,2.0002909208232187,2.0002919567428767,2.000321090436323,2.0003925423908564,2.007131914082514,2.000290202311373,2.000290371479041,2.000290464495054,1.00070663475418,2.005257797378804,6.014380611830022,2.0251321481223963,2.0135577918248853,2.0184358172011767,2.023431777613163,2.0345781611806304,2.01575446395879,2.0236549193145748,1.0562726470305557,2.0329849291332285,2.0261751339241356,2.0060836110243896,2.0513773293442616,2.0077003617778963,1.000270429958439,0.0006904126247066698,2.0043233528347337,2.000290168914673,2.000683999613611,2.0025089480542912,2.0026506287600165,2.001073782164994,1.0046120406824928,2.000290568635656,2.0002902938471347,2.000290391935707,2.0002906074131497,2.000290644889216,0.001275103186360413,0.0012747933294460607,6.159699547470569e-05,2.02205007604472e-08,6.16045100225725e-05,6.159169341804809e-05,6.157644856237983e-05,2.000290351632015,2.0002902506599907,1.0075455612483375,0.007783505312056749,2.0009722292163317,1.006527319885269,1.0075465639428611,0.02437374524805018,1.0065161096965811,1.0062823851104123,0.0010868195506635303,2.000290708765179,2.000290179306663,3.1998546088645316e-07,0.024373262587354602,0.0012646247786811651,1.0000205238068527,1.0065394753893286,2.000290246650113,1.0080612828283722,1.0075549241604342,0.007283758120841368,0.042127275451100746,1.005799300643683,0.04721502415281237,1.052031970016338,1.0496289861977266,1.0060118626727812,1.0379469634064333,1.0059363037047029,0.04472652661332113,0.04491505800714678,1.0436499454347727,1.0032530290770598,1.0032528659047777,1.0058835344999129,1.0058835348954036,0.0002479571411604018,0.006117950585593744,0.00257593847245962,0.008452390399211022,0.0002021578510663749,2.002053970144519,0.0012646256958995562,1.0067106575012383,1.006539699102738,1.0067404074345567,1.002439608835765,1.005937052314008,1.0067475174371103,0.0024026525964547943,1.006594529122092,1.0050961597518118,1.0066366321051812,1.0058555437549537,1.0065314113924089,0.006594803740255497,2.0002913353807745,1.4186597467239507e-05,2.0002933607265243,2.0004783985851966,2.0002913413516024,2.0381117193140974,1.0059528129516633,1.0073112363309085,0.008710947561714042,0.019616088204479264,3.186732668498392e-07,1.0058569401903439,2.000294433910178,2.000443093184452e-08,2.001560173020756,0.008035909644363553,1.0065544511070927,2.0002901814358522,1.0075473453750432,2.0101116672587174,1.0023406166645805,2.0009725707827286,1.9566471312064702e-07
23.000548524888433,23.00054941505129,212.8701773887693,10.00316776309134,1.3975772457892993e-05,0.0008856269595908213,0.002834538393078295,0.006389876303539648,0.004973940623779864,0.003272351748367928,0.0030345636231293377,0.0033638528719551935,1.0897266587462064e-06,0.0028766711386727264,0.000550135208551326,0.0012202256848152522,25.016531829863617,0.0014226459395600142,6.95223655328983e-07,23.00104046071413,0.005574528025103726,0.005518853955994906,3.0005142073660878,23.001040486497324,23.001040534064774,24.024025972230547,0.015340743701178182,0.011817971999235621,0.010132696549225386,0.01817500212448881,0.01724447489885437,0.014994279117701301,0.01507215098244692,0.015020621968859296,0.008497129451493543,0.014199631150348242,0.01380231477807002,0.008240429209709264,0.014488370562823604,0.007469297594446151,23.001040979958752,23.001040789670792,212.87031565880298,23.00103997547683,23.001137164103007,23.001040154347983,0.020921760739291688,0.024208005215038828,0.020452773190007843,0.007395179193215809,0.0006581796489502269,0.0006604144676029864,0.0006599491439676674,0.0006603107111898299,0.00016000207267322065,0.00027475738637277724,4.686818860971072e-05,0.0002055824943131429,0.0002051077210311243,0.0002051416031098044,0.001414843651698057,0.0006214161999421,0.0014151625155902118,0.001415124489760835,0.0014150615824634453,0.011068237733865918,191.36083103948312,188.9584587173901,27.008196611027763,4.007555021336389,28.00833228793883,26.17895122025199,27.010641700056098,23.001537202349954,24.0029098194541,24.00201008570298,23.001041732048012,27.006915908114486,24.001571041413833,23.00105319122484,23.001070700484433,23.0010488984325,23.001062135496863,23.0026512368206,23.001040988562192,23.001041291280973,23.00104113982317,23.000647020783585,25.002348380398214,23.00354321009901,23.001047357982216,23.00104280218851,23.001044127609553,23.00106529368173,24.005372537282554,23.001041664306257,23.001060927017033,0.0004955357505067436,2.000448809332786,23.001047780275314,23.00103992140705,23.00104151334017,23.001040240426565,2.000531885453202,0.0003031778577949613,47.002105191564844,23.001040304646118,23.001832624317895,23.00360460374691,23.00649481309872,57.00423908740478,23.00104331059635,23.001040123884945,23.001039823637313,23.00104109764487,23.0010416555662,23.001041581204376,2.0000129256199517,2.000012611145819,3.0005144654698386,3.636451445233567e-07,3.0005145585980633,3.000514200076904,3.0005140709522204,23.001039976023026,23.001040084857664,73.00707133618481,170.06627103783634,23.001134460517864,165.95859165296307,73.00707180573411,0.0051023860207205785,171.35378406690322,71.00706455621919,0.01442881655665259,23.00104014575219,47.00103979218444,24.000001798321904,0.0051021980343531545,2.0000085547464104,23.00054693014711,191.06842436210735,23.00104013614959,180.6407665984458,204.7366614682163,180.74531026517332,6.034112835796491,50.006170467533,3.0286567711527175,74.04266525467754,74.03967256768485,69.00656689402284,72.05904296630632,50.006574795324376,3.034738853477494,3.034053704538368,74.06020489553859,48.00707138374313,48.00707134120841,71.00334469868311,71.00334467731177,0.019408166446968633,0.02626864596321272,0.009289644826388535,0.023914034650793604,2.4434001647897862e-05,0.0009760485009180299,2.000008436963867,206.74318516452837,192.96305953569563,241.46905579569352,214.69070758859567,171.85026020456604,240.4820894347427,141.09070785103702,224.0663992223298,170.05943661782277,226.6560200467346,170.038904547062,167.72788381926142,206.27011889007812,23.001045483888333,0.001319422926935729,25.001078766071707,23.001091058610413,23.001045471037415,26.021128169618063,179.44232686902072,160.97936859529023,182.00647866976902,0.004367813715595206,4.244134220552896e-07,189.63135221856567,25.001079057957668,2.168653516820437e-07,23.001477060625913,0.00830252869840627,212.74679848256662,23.001040405476527,73.00707185591007,23.00143159707991,202.53286192946132,25.001172800543287,1.583284994079778e-06
5.002829673620764,5.0028306013526835,52.82593988387448,0.0022185222631761724,2.860269577690982e-06,0.0005036800692518797,0.006198745445577057,0.012873847260117243,0.009618883756644402,0.007052107132234528,0.005728155698778873,0.0062819228336538,2.6326407440328932e-06,0.006050443377472922,0.0012290854957926075,0.0020030698334430456,4.012451741116776,0.0002448536605879314,8.727703144307476e-06,5.003086160376365,0.001939814788573675,0.0019024741953855317,0.0002643316662012571,5.003085392751899,5.003085145965455,6.015896045715213,0.008898230016199953,0.009070089541043175,0.008515111196420507,0.012215032218553197,0.010886802919796436,0.007839543456899986,0.00786917938980159,0.007849515054649987,0.004606278983893844,0.007484968722518204,0.0069274239113583025,0.004548698253595184,0.007645536280028552,0.003733022854666852,5.003089705172249,5.0030875884960215,52.825928577711444,5.003085174841724,5.0034676949054555,5.003085224328025,0.014712436610734816,0.015677311439509387,0.014408802290118814,0.005518186436002636,0.0003629546126653054,0.00034548857443206113,0.00034530743729754913,0.0003454489614582693,8.681959497364725e-05,0.0004005744287289497,7.935591817206614e-05,0.00016524673479419177,0.00016408189123643608,0.00016409773265255563,0.00023900289846027565,8.82962884238019e-05,0.00023899912141928762,0.00023900028281015104,0.00023899427879023436,0.007223028966378475,46.20136289294285,45.95452702476049,9.01225492142752,4.009190321806107,10.013932848904787,7.375299185329596,9.013407298256592,5.004325515282174,6.008413293234553,6.006875321188299,5.003093290762698,9.009101476835584,6.005737800009062,5.003107245766888,5.003144720935492,5.003114414276845,5.003146095791759,5.004756460558293,5.0030854452722044,5.003088198477542,5.0030901129356,5.00321302661472,6.007516781979585,5.0068192729732495,5.003123052592827,5.003095929413499,5.0031065787972615,5.003159552661104,6.009848687458545,5.003090978621636,5.003148814701024,0.00026738292989000265,1.0006460792815086,5.003126318208507,5.003085449185191,5.003088643510025,5.003087193705678,1.0003979752582992,0.0012216301407821568,11.003982197052258,5.003085310865197,5.004623273765588,5.006315332403933,5.007578570748727,11.005537439509519,5.003233906925369,5.0030871082560076,5.00308587218711,5.003089485126737,5.00309194862565,5.003091497764136,1.1437632583872199e-05,1.1001520655174231e-05,0.00026440368490701844,1.4671177203239037e-07,0.0002644522253925186,0.0002643205756638779,0.0002643028021520954,5.00308539888347,5.003086435232681,15.009041357390672,41.18820712423263,5.003437457712643,39.872858265436356,15.009042195574114,0.009752074533811252,40.46163696984194,15.009038493502727,0.007623686183724388,5.003087448959697,11.003085121958893,6.000008472704354,0.009751727967252478,4.983370793159312e-06,5.002829270514312,46.19107599815949,5.003086424761367,40.01912779740208,46.88352421458101,41.880200284338464,0.04419302396564806,9.008665069462047,0.03960235364643589,15.053969755147321,15.050739484210116,15.008935442660617,15.058212901601992,9.00897258923655,0.04356052043086294,0.04344584461787593,15.056520541933375,11.009041840770573,11.009041670930037,15.007282093715126,15.007282087121817,0.005849582619477598,0.009086686136817512,0.002831710654431835,0.007846400337222654,4.941732614335342e-06,0.0006958002037507381,4.939236739300335e-06,58.54660460230009,46.847616505064735,70.05567180803516,65.46398198592793,40.8377771671716,70.26793596359873,49.135686902714845,62.130824138805764,40.98447458422439,60.17650897156307,40.89024153074524,39.49983298330279,57.156361640237435,5.003117125197569,0.000843263812572797,6.003232353656421,5.0032027693823995,5.003117131675564,5.032915531224432,46.51101510620019,40.815387501985704,48.12935772171209,0.00873093911195905,3.527278512623632e-07,46.809672173863795,6.0032340204347445,6.760094476243129e-08,5.004616316590849,0.00737945199464925,52.81854738110701,5.00308540229486,15.00904222582168,5.003834671293827,57.1731789435701,6.003578710716755,3.106966517381393e-07
0.008654366333262695,0.008966070171341786,0.014703930242924131,0.022449661012970218,1.5786265314421177e-05,0.000495369860762491,3.0157128268255904,4.021464976926344,4.0182751301477655,0.006749165763460959,0.008578850718660906,3.0157610292809225,0.001265999928027544,4.017697619487121,3.010369010406062,4.010735928053601,0.01149517383375062,0.0031696821549636214,2.2421556474853143e-05,0.02246848089269413,11.78523607292801,11.10072861883997,0.0027269995758358624,0.02246302560033499,0.02246295820161706,0.04687452231019665,0.02701374734471548,0.03267057082833068,0.0271914302781955,0.037367541781886046,0.030645871453920195,0.026306925926254915,0.026470965117177492,0.026356890968499438,0.022297176914924093,0.0230265271254564,0.01775225060077611,0.02094829018132866,0.02546216535285664,0.013093961594973556,0.022507426475644566,0.02247510206381188,0.014703952742727953,0.022463588651542712,0.02463003126361779,0.022463588580925557,0.010834343968047465,3.0142167999149887,0.010604134981144936,18.04538914492023,0.015174114614729669,0.015387302087880821,0.015345868481690096,0.015378253819716643,0.0009059517583502409,0.001685157953584699,3.483863401451708e-05,0.0009234657037395076,0.0009138069913405355,0.0009138268263303302,0.0031658376267303515,0.0005442738032305915,0.0031663023748061798,0.003166583831742435,0.0031664571030241098,19.06446784441693,0.013157018998461441,0.012711733908597044,0.03667574595637572,0.028226037008557688,0.04552728257494759,0.02596832434239229,0.03902480854708108,0.02304816068153385,0.03930224067867375,0.0313328413733241,0.022551827261422564,0.03559162088178335,0.030609907113076183,0.02261849156522377,0.02289250087849793,0.022764011135368536,0.023062408782978633,0.024528572871975886,0.022463070257122034,0.022470934159155808,0.0225096259122595,0.011091508538486134,0.07696420333320074,0.08530170936204436,0.02297436685003887,0.022606934944477672,0.022755179960317767,0.02336201191180401,0.061770302925798784,0.022610648614430212,0.02324352841062824,0.013999168065670729,0.013936611941254751,0.023021400676867518,0.02247216523636532,0.02260677635342643,0.022494665917402894,0.01447873897828876,0.04240796338298282,0.058233315150732504,0.022463099170862377,0.038301767022960724,0.05512312800987685,0.08148604441021923,0.0312876078279589,0.019592979423036422,0.022486700241084904,0.022473777404476807,0.022494896005767248,0.022528440600279365,0.022519956742735506,9.849722669754565e-05,9.651830907453306e-05,0.0027303963794009143,1.8319062516653157e-06,0.002731256755112668,0.0027282515647387012,0.0027271024759041042,0.02247774337268453,0.022481406312626497,0.03042778940821185,0.004522453600696631,0.024567162358232426,0.011962091682020042,0.030432400418455744,4.019132708140004,0.012667049635945848,0.03037302810708566,0.025317398500245038,0.02248925539530128,0.022462981124645155,0.0001096010974532258,4.020206049564098,6.546165224444831e-05,0.008653829340429471,0.013111088629503878,0.022481538005815482,0.03251641636841433,0.0338773898241906,0.020796352827294192,0.1283281270532843,0.029264282508427886,0.10274981095438232,0.1439420769609595,0.1322855383819906,0.01655699898607902,0.13980185760370398,0.02968500387225353,0.10978826277921874,0.11016322316458152,0.12243999821189547,0.030426456953188696,0.030425235391077478,0.028819555323660304,0.028819625836403576,0.0003699193917481303,0.05295333245203324,0.006645845158201265,0.03363919344833187,2.620231368308312e-05,0.03100340135975807,6.544002700079751e-05,0.030688684833049238,0.014260286991554162,0.056079039447483124,0.03194026130732299,0.016564430958990326,0.043500119943853895,0.03411804472536302,0.016265764263746228,0.013856466297494104,0.017867836931745172,0.01380038234036098,0.011209299729284722,0.009190476172755696,0.02288643291960377,0.0006559136947207177,0.023256226366111025,0.023450868070838442,0.022886417603464555,0.08303196569363344,0.028104343017756557,0.03135682663324787,0.023902898057540617,4.017243022496843,3.3353735249692424e-06,0.014237829707194245,0.023301973064654927,1.2936045757038627e-06,0.025071009229585398,19.07726790297375,0.014682278523730212,0.022465998576826875,0.03043254862337404,0.025318029844845574,0.01785099184466005,0.02514749641110056,2.939243617843439e-07
0.0023555973934134655,0.0024284904138526433,0.029987937809061053,0.04076827434306192,9.997115239824517e-05,0.0004147112489901955,1.008060115284915,2.025971652086734,2.0169546378576144,0.005433130797331161,0.01031226926638268,1.0102684526334964,0.000823803578187687,2.0185417725193604,1.001414279402775,2.007637773926948,0.046582749944862764,0.0319486946187767,0.00014440320485360232,0.004289940131140237,6.39558416211414,6.289013611018062,0.009756851562788816,0.0042892774844815245,0.004289255161572134,0.20094899323918647,0.11352716819736397,0.09908077982832807,0.10694294434412088,0.13671143797450627,0.10817736857208021,0.11148678888863169,0.11235283477505184,0.11177733805246916,0.09592328439082783,0.09134728534627846,0.0626623843794243,0.06920311458698744,0.10557164859114364,0.025650891652925546,0.004294016679194344,0.004290811698881669,0.029987952366498212,0.004289313935026788,0.0071712895706463765,0.004289341462462083,0.017409069942310153,1.0269185738027873,0.016833505459463896,8.421106431537172,0.0026445839488763367,0.002661069448557507,0.0026577765723720115,0.0026603405694518496,0.0006738242072702608,0.0007745089703581079,7.877252511570873e-05,0.0007436841232505727,0.0007419053069004425,0.0007419219694470528,0.03192269867234171,0.006262153755425882,0.03193610882119567,0.03194211140743445,0.031938899866620116,8.556484089643831,0.0287900183350143,0.029628534883652007,0.0199481181421327,0.017629899992872938,0.026791275023355036,0.007678134842656369,0.03430420561307975,0.004540948591231419,0.015431713556106536,0.011327753579478234,0.004313146426630959,0.01934310938567758,0.006557644655195798,0.004340265847484512,0.004412028980670006,0.004336815999288928,0.004406217853023263,0.009293073323540565,0.004289275442157436,0.004290557700110287,0.004294255140504567,0.005255597094572864,0.031232636315263494,0.027988706819129294,0.004399754179645277,0.0044053600752202125,0.00436866970323974,0.005523340838075566,0.09046973204057489,0.004356989486270766,0.0052763080541529395,0.0019688301980856967,0.00606657370346655,0.004403568271438262,0.004291391476892615,0.004313408221585089,0.0043018172077942,0.0020744443552472088,0.00486193417076846,0.013049329455395157,0.004289350956821668,0.016207938328508115,0.0866576217453553,0.18953057346721652,0.04116280704041224,0.014773131747793137,0.004297334916770993,0.004291781372796941,0.004292953341966706,0.004296432194677327,0.004295516769850548,3.917097505568894e-05,3.768638405094637e-05,0.009775455909279696,9.938664877609188e-06,0.009780204254383524,0.009763722288790811,0.009757450606978068,0.004290252573221194,0.004291106276503243,0.02709081622718569,0.026324916522853847,0.007129025120033078,0.02777115082668706,0.02709427015390615,2.0179089841462,0.02072693846697449,0.027080175793009205,0.10530460834074765,0.004300132032928617,0.004289260142407594,1.1052134552336128e-05,2.0189263921807497,1.4447840064459807e-05,0.0023555161782973844,0.02866617619846844,0.004291110878134679,0.0845083909532442,0.08068914993968837,0.06685469576311391,0.10646350892506602,0.013976556232935682,0.11169089254302271,0.13284163253712206,0.12883582346116906,0.02273430519212614,0.15620123433847782,0.014351660855562732,0.10810007539567545,0.10753846603595563,0.07837992734367227,0.027066726652970847,0.027065807362674617,0.026683340106918228,0.026683380840697636,0.0051709363622776845,0.12244977447630576,0.017716690864726492,0.1117037376138192,0.00013384338197401234,0.01095616512041674,1.4441899685420901e-05,0.03344515954511795,0.021947619954545704,0.05181782634973283,0.036705210173172735,0.01832764524423996,0.05008340544844331,0.04534138912490486,0.03076760848803546,0.014728083227664127,0.030929119944818,0.012295068940626807,0.028404097089417258,0.02848245675480114,0.004331854277882365,0.001325618389842136,0.004456457121571573,0.005630865903710117,0.004331844937791684,0.051920530581455036,0.0287376202919036,0.03520549288641481,0.03428437173950589,2.012034793963293,5.976080536548503e-07,0.020203124226977665,0.004467095046492877,6.768837219869189e-06,0.015732799382795624,9.330106875458931,0.02993392611152283,0.004289558982317603,0.02709438149994269,0.011669871758519601,0.030888554347901564,0.007265729074561398,7.168470635306286e-08
0.0016722022046706084,0.0018180649284614565,1.167695586318435,0.013862557031116288,0.00011637266498561131,0.0011361633057618296,1.0044551698865756,2.008900122177922,2.0058466546345186,2.0028087629025757,1.0049165333818977,1.0051205324396977,2.191979364783638e-05,1.0120587974077746,0.00047261490922803986,0.001103433612445672,1.01981811111144,1.0252237632134256,2.3354551375043578e-05,0.007979687239043472,0.02400701991888751,0.022007357922046458,0.00039598780048851243,0.007978033073563696,0.007978089287860162,8.59456465763722,14.149241711942421,15.608034331290279,14.2422181106375,16.832073194447414,13.246324519319746,10.276707385757721,11.295961993866277,10.282857264505784,10.135463303627782,9.356150050281935,8.930953805531114,9.096739724651258,11.158807777903768,3.8202517934878384,0.007990246587357194,0.007981681857560268,1.1676957761687494,0.007978195810850797,0.008971578070852863,0.007978162472353369,7.842126744767429,3.846070008679335,3.792075513854256,0.09051652445675985,5.0088365682057105,0.008923703223488327,0.008906307838629121,0.008919878679519102,0.0023355613364952066,1.0023595898404711,7.412004223472695e-05,0.002359650706716828,0.0023515124095709926,0.0023515940091883335,1.0252156899131226,0.008379284768152393,1.0252295346367257,1.0252295197393926,1.025226985407989,0.11666514259981672,1.167708646480013,1.167598042998752,5.035758375314535,0.034114602845615107,0.03850553257692543,0.014737232547187841,0.04227606893867197,0.008489185588821785,0.013094969153668588,0.015767868737738115,0.008005968330572094,0.0344155588401924,0.009753942664072066,0.008100644625485107,0.008266329542670115,0.008057936790345414,0.00813526234833135,0.00844694789867006,0.007978038438910944,0.007980959867779214,0.007990862895408275,0.0027590009214852494,0.03652871534165242,0.023597017061450877,0.00814398381212663,0.008073670204860304,0.008081982566200624,0.00887983861116624,0.07511685931996097,0.008030135697703937,0.008710668984484115,0.006356319663288723,0.004139229761705311,0.008155677483110317,0.007980875694156224,0.008020224480973495,0.007991111064356236,0.006572250005660008,0.0035869652304502467,1.0490159802257764,0.007978132888070907,1.0380099075932498,1.0743363570441133,0.1439321066125716,1.013405324706995,0.023853847576090454,0.007986264850433937,0.007981439791348821,0.007987200130618051,0.007996189764896976,0.007993827191257482,0.0004560560769562931,0.00043270567933359526,0.0003962099105655381,1.2549924790502127e-07,0.0003962589005229111,0.00039608256412447724,0.00039599054801860406,0.00797915691415016,0.007982893172350923,0.17744325691989543,1.1645260257853274,0.008955519628095834,1.1655980188521529,0.1774978476770171,2.0060379552483893,1.0147516221380202,0.1773776053320282,11.137094778111344,0.00798764905567254,1.0079790370814057,1.000030003561587,2.006038815710679,6.590717698638023e-05,0.0016721214129355843,1.1661337720422043,0.007982902030877356,0.18969811975950934,0.17997871327047107,0.1777471418791941,1.0743690800004788,0.010249980323558668,0.07701716405926101,0.23403117649780447,0.23315429338677626,0.1762955349461177,0.2918786591361898,0.010887263646395803,0.06214905892665105,0.06402813240625113,0.18604280935079048,0.17748679253296903,0.17747216901866444,0.1768595514743425,0.17686019327422856,0.0011056046289699467,0.1941122473300958,0.13149947257744887,0.11014137027611996,0.00019006036194902916,0.01833799177523482,6.590679127690294e-05,1.0260119066555744,1.0138053337513648,1.2030670229915021,1.1806236733863167,1.0091836063022641,1.205110627779225,1.200970490886048,1.16745527200626,1.0123237807281087,1.1677265762250006,1.007889200313377,1.1663728035578842,1.1653371644804582,0.008089991703497914,0.1391656644701672,0.008279405821016154,0.00836929323206494,0.008089988479846816,0.03648096839388671,1.1683846371806519,0.17135203285147704,1.170155531226099,1.003806270804681,8.560426471804595e-07,1.1589780592883105,0.008292531656094823,9.029302259586748e-08,0.012938502437301365,0.09317190004425799,1.1670058845304898,0.007978796692309404,0.17749939024358904,0.011448201673296835,1.1670532006076642,0.009218475450191796,4.934069385478619e-08
5.738750817759612e-05,6.258477943168691e-05,1.016684360126097,0.005591707682205153,3.0687366159385994e-05,0.0014016526327923647,1.006723764300449,2.0435598249869504,2.0390745993526007,2.0229243075824805,1.0069949867234365,1.007143355998042,9.415045023045952e-05,1.2038924535579667,0.000392936710132909,0.009747589262946634,1.0440459201875436,1.0391301757603693,0.0001091524493319819,0.0008304632627616977,0.007824435568609844,0.007746503338160808,0.0007825798800785497,0.0008304104510250444,0.0008304674209514976,6.2037453678889785,12.901345546184785,14.517573161687997,13.120545515701046,15.642992695609427,12.237097731823594,9.055137284101546,10.055969504820904,9.055060935092138,9.045948440925292,9.04439027214333,8.068434065048912,8.058716120860337,10.050668741596175,3.014901109365782,0.0008309913333614066,0.0008306488947587178,1.0166843537504378,0.0008304026041178498,0.0009483796781293312,0.0008303828762948925,7.021853641625256,3.0233922384875,3.0157625768339904,0.008491210801517001,5.000973702153597,0.0009770196875189985,0.0009761635712980098,0.0009768263335796586,0.00019015088881161506,1.0002423224218397,3.840975702955474e-05,0.00022706063389165868,0.00022665937643844464,0.00022666331847242345,1.039099819722347,0.0009770997081890572,1.0391121680909057,1.039129825152262,1.039125237680017,0.028735694359969886,1.016089532079058,1.0150166374391796,5.002662141264884,0.002604135860885226,0.0026414500565318235,0.0014355318818361565,0.004308039565455605,0.0008454562066468416,0.0017501850554237674,0.0011358388410591604,0.0008457370215335387,0.002625429822670089,0.000890004625183132,0.0008337592134689556,0.0008386244347199222,0.0008369504713335639,0.0008472135128829165,0.0020781517380918744,0.0008304162287025896,0.0008305572820960101,0.0008310688526721376,0.00018036725217102282,0.002898806701455838,0.012905535503150599,0.0008403642849296666,0.0008356745502109412,0.0008366979047152189,0.0008715146252836241,0.007407717219782872,0.0008493900483803858,0.0008648473637727894,0.0007800761732663348,0.004560670581560949,0.0008410729830764426,0.0008307479866510801,0.0008366050279600067,0.0008314247129835117,0.0008060990966328283,0.0003451215874602914,1.0062829101695434,0.0008304959149225928,1.0036522677923756,1.005733809908966,0.010218814389136664,1.0061793644925683,0.005445194728149369,0.0008309637967369814,0.0008305920367147426,0.0008308434234031027,0.0008313533126762387,0.0008312493512375329,2.7214414644922436e-05,2.5597317833647726e-05,0.0007831713141726533,3.2280089322935573e-07,0.000783314983371724,0.0007828110241778408,0.000782594494539518,0.0008304641926021013,0.0008306183507292261,0.02478819883462713,1.015967074516406,0.0009481289858277298,1.0151268615824152,0.024791976307501448,2.038660743688847,1.0046692280963678,0.024792140104947062,10.049095357276085,0.0008311023036357379,1.000830367261926,1.000001398626638,2.0386647419217696,2.0020032892730793e-07,5.731767492725656e-05,1.0160242718349666,0.000830612585642074,0.0308392094635909,0.026954314458219032,0.02604739510754992,1.04621539848386,0.012967554148564944,0.0412153872145852,0.06554747229880228,0.06119790555294029,0.022541835312405716,0.7242084447236702,0.013433188681537287,0.03913903376769517,0.039372450482925384,0.058824317746647155,0.02471826282843853,0.024717656733402937,0.015285619443072726,0.01528566143076234,0.0031351445656763554,0.024241800726083687,0.0313679001724358,0.012064904404088757,3.740052603504588e-05,0.0016821780179569713,1.9982754044970827e-07,1.00808028600314,1.0052281616075174,1.0212887150836658,1.0201750909439977,1.004800472653967,1.0216026037720887,1.0179195197784698,1.0169822597734206,1.004012642368823,1.0174347618025188,1.004667111495593,1.0143847621635433,1.0173429894321597,0.0008357385491939421,0.00909167299342166,0.0008645300467827555,0.000852375055653976,0.000835735323271006,0.023942283551726205,1.0332574738543716,0.03317764620963819,1.03565643829646,1.0379719139996857,9.028413793444843e-08,1.016013130485865,0.0008649333520337351,2.2358215971060256e-07,0.001956252296961645,0.009992467221409965,1.0166540007614133,0.000830402893781783,0.024792090851905233,0.0063250729888494625,1.0173375547177304,0.0009810260849866695,3.2418179095227236e-08
3.002196914309762,3.0022584145831908,9.005180749728382,0.007713117371863892,9.224338472328881e-06,0.3334882394948433,0.7075020975686483,0.7181465785334714,0.7264064874624834,0.009915238796936267,0.006847485869411293,0.7050903184608257,0.0014988693919550339,0.7221665755227777,0.702875782838824,0.7031917704068449,6.024901391078578,0.010510377847685971,0.00022745709142630563,3.0037480703558392,0.044682989135918075,0.017272187241323237,0.00016771357282846074,3.0037472334008237,3.003747332958794,1.0646660160684114,0.04376778154749512,0.05035410890643814,0.05160112550397015,0.05613750651024842,0.02834105959736566,0.04328860660606594,0.04360217734585622,0.043394556204537964,0.036522926940252214,0.03954637960153303,0.01381986391819797,0.035682017894020285,0.04107979842700528,0.007881438935352904,3.003751296964938,3.003748925161861,9.00518075110345,3.0037472705062305,17.003989114059372,3.0037472850921803,0.009019839069386703,0.009484029366268586,0.008862224383508133,0.7176873578774655,3.0028919581318196,3.002888574787055,3.0028850411527275,3.0028877889879997,3.0012807474910144,4.001343791114282,3.5108376103126226e-05,3.0012934670799476,3.001290124389395,3.0012901625883104,0.01049848683071534,0.00013223946247815303,0.010500530641093886,0.01050356734755885,0.010502797537816275,0.7304504511273507,9.004674405203131,9.004518632229734,9.020271893512357,6.018075630007786,3.0197770894007396,10.006780908108237,23.033874364995857,3.0040633313511504,23.032964088468866,3.0098927652146035,3.003755825370275,9.019574978136948,3.007216315451475,3.0037992699902336,3.0038749842724934,3.003864982907811,3.0041070563384213,9.021288541524468,3.0037472882918403,3.0037488721682006,3.0037514034063366,17.00245188049204,3.0326642403767643,3.1273756818977327,3.0038638119602314,3.0038247134806206,3.0038257823890535,3.004342706826253,9.051756808540476,3.0039502411082646,3.004241280137537,0.0017005513780021994,0.024332825746854993,3.0038701989318892,3.003755172161831,3.0038754788742077,3.003764223579549,0.0020399390162038687,14.006321168287517,3.009166064503051,3.0037472437928776,3.0238612650485015,3.034561790619771,3.0412884015567174,3.005408752195644,3.012286428194307,3.003750376382819,3.003748446082929,3.0037507210679957,3.0037536106141074,3.003752653445439,0.00202854096520696,0.0020229101316237294,0.0001677492571264801,5.0641941536667875e-08,0.00016776659161156547,0.00016771868850667864,0.00016769481700176908,3.0037527711637346,3.0037491761300807,23.065818751926976,6.004394101913591,17.00397890895686,9.004341009012961,23.06583241419576,0.7124867519959507,6.004425249735462,23.06392372819076,0.04102599283293061,3.003751054410172,3.003747922558398,9.4828271338024e-06,0.7124388756874968,0.0019252871772207467,3.002196712484474,9.004665544581192,3.0037499730178254,16.6750526584814,16.68031068437564,13.67795376473195,136.22601662258185,17.062871707470993,133.74391481908995,152.75501366189607,147.58294446431995,20.06235382633504,135.32990475801955,17.42035556870471,139.88484333740203,135.57269185653863,103.69034553542781,20.065815266299655,20.065814024490134,21.026543740989638,21.02654389683155,1.001118115646773,1.0256580305786667,0.02053158313173034,1.0073822542781505,1.4880237800852201e-05,0.009024016369327323,0.0019252904131894515,6.014977323372939,6.005195278916587,9.030336208278145,6.014811097579426,6.006305669941536,9.026502454590073,3.0249912549700477,9.005906904208501,6.004720903170271,9.006260943780907,6.003926901343541,9.004018889310226,6.004054323035925,3.0037812195897593,0.0003952749263398277,3.0042624747412763,10.003817058742461,3.0037812212173236,98.38653524400132,12.007914196841721,12.011939536747578,10.010347787059615,0.7233638299452267,1.0661864338501744e-05,9.004166000429642,3.004273920972519,2.434945879185795e-08,3.007112625131977,0.7282859842275323,9.005176734791327,3.003747524249668,23.065834113871606,3.0050216182956464,6.006251262251742,17.004457779759313,2.7188656574325295e-07
1.0136634561479692,1.0137785225408862,1.044066400050323,0.017035257655963525,0.0005496774276117981,0.0017911822359677448,0.009567176674389158,0.014989386909136024,0.011366774784595836,0.004829058946828021,0.006007220606273261,0.009705745856403936,5.228445809200279e-06,0.014704742391908611,0.004337221316473375,0.004844366557749112,0.9277424610677446,0.03442857340653846,6.793406742059917e-06,2.018865016696979,0.03441441826991202,0.03298035744363552,0.0023260682624663613,2.018859416360721,2.0188593987269,0.3066910484942154,0.18823541218302717,0.15209514131871119,0.17192144612381421,0.19736736457320408,0.13870001126596165,0.18698473662496223,0.1885640515214138,0.18751661089933053,0.16430843711960993,0.14369573320429418,0.1024046420270254,0.13321452533640782,0.17627633791699085,0.0583499690326965,2.018894944625114,2.018871080279201,1.0440664252368055,2.01885988384738,2.0206673126979506,2.0188598545629,0.04805017905959475,0.05109755216938273,0.04666760948624406,0.08258849509893906,1.0098327868847206,1.0098503868867532,1.009831064746117,1.0098460811780336,0.004341046477461027,0.004427852558421464,0.0001750116710704461,0.004393212195151287,0.0043752233905774525,0.004375433286917132,0.03317086296562202,0.023365927758403095,0.033211698804413235,0.033194217315259955,0.033188971294415656,0.13984930503141907,1.039424232546138,1.043111224920571,2.1262453159671306,1.1128789529334904,2.1444154995972857,2.0303383231276246,2.137563407163,2.0214112700766753,2.065781980557324,2.0426294510060234,2.018932039919616,2.1195746413952565,2.038650825062597,2.019461600716256,2.0203096620326564,2.0191031065519045,2.0193625748186506,2.0248431218724168,2.0188594179322634,2.0188703798200978,2.0188964947637196,1.0155436212144822,2.069819377740629,2.0492369576470466,2.019598621048779,2.0196300655024775,2.019387543500723,2.027131403790592,4.418324757622781,2.0191529981671805,2.025467592998143,1.0053791547876387,0.004105746247527747,2.0196247901996682,2.0188706699186407,2.018958588689624,2.0189393223446963,1.0056022387066292,0.008908989550117036,2.0446106522256966,2.018859435455528,4.2374863111951395,5.857772786625814,7.296277004187088,2.0380729338630945,1.0444828057659,2.018902988778033,2.018874085540262,2.018887768025857,2.018913116172761,2.0189055761075743,0.00045368540282499006,0.0004375453274625147,0.0023286727361107695,1.427330148748036e-06,0.002329354919306202,0.0023270046619421714,0.002326107325358806,2.018863045911188,2.0188729480585503,1.153800987865601,0.02576184066861556,2.0204449551376507,1.037174273108779,1.1538387595285826,0.011629986267855892,1.029722367294405,1.1536454836190575,0.17560587571471353,2.0189164948782072,2.018869015927771,8.938957051358757e-05,0.011630994264086663,0.00018366739287496313,1.0136633925057197,1.0392417295480507,2.018873007089375,1.0638816720001338,1.0636583098110253,0.04614330439249381,0.26455116177420257,1.0609613528695168,0.2768592662916623,1.4287847319135838,1.3979199227628596,1.1513459057974675,1.5070795962461199,1.0623838798413363,0.2652947205362475,0.2601674947555305,1.2436410179215598,1.153830390436806,1.153820279932808,1.153164575530119,1.1531650177704291,0.0020983043658260323,0.8133219862744163,0.040468321595413415,0.7376361232871607,0.0009240031767953082,1.0158573035042469,0.00018366542018861961,1.0759786914852794,1.034546295848291,1.1916912984098686,1.0732681675589528,1.0473465846817631,1.1715080610723951,0.16387663827301152,1.045965364933835,1.0259428518975056,1.0462733865225349,1.0301308441501058,1.0385105957547465,0.03246050346340379,2.0191680923366504,0.003701357741744023,2.019349063828456,2.019454929181325,2.0191680943072066,2.1462581203623,1.0366924897433245,1.0567487348277433,0.045214271302059204,0.009950462668111927,2.59986669477546e-06,1.0396150410235996,2.019379468796384,9.582089524589592e-07,2.055470026736041,0.09666798352890005,1.0439871716405125,2.018861635973073,1.153839865168465,2.023608099916699,1.0462331948455397,2.020836828250746,7.234158925835194e-08
7.489294666299382e-06,7.514367613080566e-06,0.00019949058584580508,0.0009031140410182548,3.103847494755122e-08,3.4593789094497867e-06,0.0004553663172139599,0.00624063296685293,0.0060433323907778825,0.004903787105757467,0.0011558295668567583,0.001248968560251839,1.7750289373707751e-06,0.006498335142478596,0.00018991681766593666,0.00021384090041999044,0.0006558227891842486,0.0003319166859681773,6.497463863591736e-05,8.089976360654318e-06,0.00031311244581658736,0.00031143207149241154,0.000617152482718598,8.089622681958768e-06,8.089622075303167e-06,0.013912765204880669,0.005895583535579393,0.006174626287773702,0.005635110762954254,0.0062697259943040205,0.005335715225994234,0.005581019950121237,0.005605971335391768,0.0055894268162140085,0.005342894216030454,0.005213614577031553,0.004877345345380746,0.005378788493423419,0.005401936478317322,0.0004103304187804921,8.09083576106662e-06,8.090326063368187e-06,0.00019949059791703983,8.089631172311436e-06,1.4042331296737963e-05,8.089630485273566e-06,0.0003558000810106122,0.0003580735283374547,0.0003505792058726229,0.0005461148524786665,3.600992591506509e-06,6.099757532705178e-07,6.09841695854902e-07,6.097357412595602e-07,6.6191322137117275e-09,0.0001465359302585876,1.168582730356784e-05,1.1522814625242336e-05,1.117896284366557e-05,1.117963564619456e-05,0.0003318443835781581,2.9113036556635603e-06,0.0003318622048483803,0.00033188885670549026,0.00033188212965413636,0.0010545644580814847,0.0001858499650395153,0.0001248362148482575,0.00020913456017011785,0.00019867671354989908,0.00021431511747050454,1.878931712775945e-05,0.0003436170284385805,8.521412080873107e-06,5.71323498639518e-05,2.056786636901569e-05,8.091529554107158e-06,0.00020496387621778416,1.5004377533958472e-05,8.184860428550938e-06,8.300679614434455e-06,8.192521240297713e-06,8.426302105768413e-06,0.00012619397380973253,8.089622323145786e-06,8.090745834504356e-06,8.090861008953449e-06,1.3442128496233323e-05,5.702074920306154e-05,0.0003577699965870271,8.136088831845196e-06,8.141026233456468e-06,8.124455721168715e-06,8.599007269686059e-06,0.00030556796773182363,8.117316589817677e-06,8.497920701614356e-06,6.508494338833184e-07,1.4220756914853321e-05,8.137120111973487e-06,8.092433480385049e-06,8.132453962703757e-06,8.097008382811462e-06,3.552773441270823e-06,1.784104688040275e-05,5.073498160482917e-05,8.08962271845419e-06,2.6827643835571617e-05,7.161643122024987e-05,0.00015752243266704298,0.0009107407190665466,9.66668732621514e-05,8.090508653848646e-06,8.089957183103705e-06,8.090984726592505e-06,8.091537055902577e-06,8.091302489887565e-06,1.4463198085061052e-08,1.369932863870646e-08,0.0006175706736930917,2.2341696975745653e-07,0.0006176778764791013,0.0006173069085408739,0.0006171659130778841,8.090309240671655e-06,8.089929013367816e-06,0.00012832402172467642,0.00017831302689095998,1.4035032243492785e-05,0.00016563440560140233,0.00012832580864181731,0.006019894816982504,0.0001357592703341314,0.00012832439513208634,0.005400382631855861,8.090668076170228e-06,8.08984033014221e-06,1.733622841718341e-09,0.00601979510813705,1.6972911246163755e-09,7.489293541263079e-06,0.0001858007166481902,8.09001672978271e-06,0.0017823850156561264,0.0018311216548243788,0.00128201868598241,0.006012642019296886,7.786725902991508e-05,0.002228999905000817,0.0027069999776660964,0.002256729203121831,0.00012772301485898015,0.00323977744142256,8.122771780658518e-05,0.0025089328154690995,0.002416524157453969,0.0021479528777937924,0.00010359644662034031,0.00010359605122821144,0.00010335698112070656,0.00010335699861125287,3.1000205706614904e-05,0.00036096329137530676,0.0002543749901287527,0.00025119130173621663,4.881141654350917e-08,3.273829550234162e-05,1.6972529033509994e-09,0.00028565374225009393,0.00014952854658844528,0.0005631095076192078,0.000333339718422774,0.00014720327812429624,0.0005533718294082986,0.0003848631087857828,0.0002178343804696017,0.00014748337191148158,0.00022556038644740462,0.0001426545171817294,0.00011127349165612971,0.00021800112530791034,8.095493696046417e-06,6.54700032312316e-06,1.1044841002133564e-05,9.156825804141777e-06,8.095493712693213e-06,0.0015992550207677108,0.025464841588941408,0.026289140511402798,0.8692645124434248,0.005788600012835877,1.1796283548647585e-09,0.0001927057310426393,1.104601636300414e-05,1.5093562712541897e-07,2.003319711242561e-05,0.0006053168120504538,0.00019944973736317937,8.089665766325514e-06,0.0001283258584351935,1.1628861970030818e-05,0.0002008222144259056,1.698588932596907e-05,2.5533028432821557e-12
2.033868729891395e-05,1.8269907449381606e-05,1.0004959175486277,0.0016475632230461938,8.893663896120533e-07,8.747988648276363e-06,47.178717760719856,90.4211251800989,86.6332415951054,65.28186338640327,57.162399254457895,51.065818974398816,0.05692021813507777,43.23509717797001,6.052630574392725,12.030568680488331,5.000668529119332,4.000154666719235,0.000286805903619817,1.868477263945408e-05,0.002811265542497408,0.0002278035562982031,0.0007824070875152759,2.0776035486408187e-05,2.0201544517620675e-05,168.664919481341,147.40533843347794,144.77156714868408,141.6547775143956,156.0937583086261,129.0073061840501,129.6499251524618,139.95049578379053,129.75190037684746,126.18768571957105,124.19011749420808,112.79897258956551,114.7537741903628,137.15667314772313,43.54445938264905,1.8821396430719596e-05,1.8682410285345955e-05,1.0004955132097166,1.9144009528049924e-05,2.2457821768903012e-05,1.946938909725937e-05,55.08844383009592,41.09109802664061,41.03293057745621,6.003570398421983,27.000031226463797,4.4283810620571516e-07,4.216896140025662e-07,4.599096965316823e-07,7.670129948359318e-08,1.000101595849044,3.662686446440076e-05,3.655292902914815e-05,3.633096573314309e-05,3.634864059895047e-05,4.000154627584476,1.6663839077058868e-06,4.000154541892303,4.00015462681571,4.000154583078789,12.011770101329029,1.000241347405282,1.0003704130067945,27.000358205218188,0.0003092912329741416,0.0003247973433555534,6.371995356720529e-05,0.0004964420528144889,1.9561271627912618e-05,0.00021946712675753675,4.9550506284443614e-05,1.8728146091446948e-05,0.00032517144247579615,3.5816663490149395e-05,1.893622236682993e-05,1.9123633365824207e-05,1.8927864762031023e-05,1.9414955952307833e-05,0.00020469678712756385,2.0690852925627563e-05,1.881749792962205e-05,1.887259371059942e-05,2.2173777335575905e-05,0.000144821310765101,0.0005518020698845243,1.8995646559562935e-05,1.8876477060284712e-05,1.896292379529364e-05,1.971897646548137e-05,0.0004305027194765145,1.8959684398785036e-05,1.9480059797627807e-05,7.116147073653142e-07,2.3239019530938338e-05,1.8899506704527932e-05,1.8949318912493525e-05,1.8961762723712565e-05,1.8819493484232845e-05,1.600200683932227e-05,3.179062749016411e-05,1.0000782426902386,1.9862603514258127e-05,10.000156784308754,10.00022815262405,0.0007944049560282881,1.0016660464153269,0.0006308909210635169,1.870171101593434e-05,1.8654521982522823e-05,1.8764440359697998e-05,1.8781164538717993e-05,1.8745649733230875e-05,1.8241642320795443e-07,1.795774714197552e-07,0.0007830110173557992,6.227825153413777e-07,0.0007831480195335492,0.0007826051585726941,0.0007822784163603005,1.9352080930442022e-05,1.8987079221405e-05,0.00011048640511339956,1.0002227818842475,2.2578258732315293e-05,1.0001954935487896,0.00011044919543180254,90.22209970998829,1.000216834776886,0.00011112955940731854,137.11969391142117,1.8636238565199526e-05,1.0000196433577404,1.000001076846796,90.21933927568435,2.798125744423157e-07,1.8381149743403345e-05,1.0002415123729378,1.919378249629557e-05,0.0035402358378594295,0.0034813413210932234,0.002352498797662773,1.0049147606141804,8.615159997534886e-05,0.004370816266412819,0.005391875262841888,0.004815260606654873,0.00011092212573657857,0.011005237604693338,9.175856782709062e-05,0.0052142697395101256,0.005038214902464101,0.004265556520869006,0.00010104914226903843,0.00010103512844556524,9.764049369630825e-05,9.758375926817549e-05,2.7033545174703984e-06,0.00040003573778783725,0.0001232413783675638,1.0002356539932094,9.807653732763363e-07,2.034274372512479e-05,7.71636526468612e-08,1.0008774440103623,1.000470657189409,1.0013473285506378,1.0010481228061434,1.0004879074236517,1.001342742888245,1.0007414887333772,1.0006198285862298,1.0004694519237785,1.0006825852935788,1.0004540761203196,1.0001176189217487,1.0006647046223482,1.882925118984688e-05,0.08784420307738819,3.388571160234418e-05,2.066445502275009e-05,1.896150538809978e-05,0.002676856934545594,1.0441199582800713,0.044384986203503105,1.0465553745007141,74.5933452360373,5.368959516980582e-07,1.0004783066886935,3.387115671094373e-05,4.725174432847877e-07,4.6637486965456566e-05,6.003333417697854,1.0004949607414404,1.8917446261847773e-05,0.00011054700524714988,5.000021499986886,1.000672849817624,3.811775633835822e-05,2.498183948121717e-06
7.899551645327371e-05,0.00010605787578925612,0.002606515754745525,0.004450981845052603,5.182508617712758e-05,0.0406070292753009,0.004978669569902842,0.008208996171785611,0.007298661082780636,0.00010136899033549594,0.0016906785855500563,0.0049940633017713,3.1540582396221294e-06,0.008484642304887774,0.0033171377799160956,0.005558546744282059,0.009725461599911422,0.003642629049659328,1.7642512981706893e-07,0.00047961938479437164,0.011516023135544314,0.011433405764754802,1.1873144058583547e-05,0.0004795607384528311,0.0004795727334915291,1.0194224382791826,0.007259542727464669,0.010784174781478056,0.010027026846068852,0.012956590706662193,0.012650529911575205,0.0070839315322957334,0.00710691744140881,0.007091680615188323,0.005067632810907302,0.005628261703583664,0.005867817791084526,0.0048098605561608665,0.006934970633781964,0.003723044284080761,0.0004798185954035403,0.00047969216434064156,0.0026065164949470652,0.0004795629950201069,2.000534652333495,0.00047956667118087835,0.007817204561730063,0.00814922886875987,0.007693014131520662,0.009369071116131656,0.0015602851550610719,0.0015679975704532524,0.0015663761774171996,0.0015676325652462864,0.0011410738588063741,1.0011521284112743,2.7083213445164285e-05,0.0011489593076400286,0.0011462776393753654,0.001146310323691312,0.0036391229297737227,0.00021658409323938214,0.0036395709436189095,0.003640126225345479,0.0036399716751950315,0.02377493243706437,0.0024652771763888975,0.002423066251578501,1.001181955500335,1.0011026095980746,0.0007792199479197508,1.0008627976747129,3.0029598760025715,0.00048650444997778064,3.0016670984620037,0.0008847087614142786,0.00048262415999079434,1.0011677378710784,0.0005536482580214818,0.00048076674277093226,0.0004825658771154996,0.0004865982377612558,0.00050097525461172,1.002579509941951,0.00047957646218090076,0.00047967756763467485,0.0004798273197038734,2.0001360195008053,0.00650378698193899,0.06274052292029268,0.000508777222489224,0.0004958804330283863,0.0004994741383747659,0.0005471301077979033,1.0075683509844635,0.0006795708969277452,0.0005456195603776551,0.00045076661368695066,0.02693736462351549,0.0005106380699965825,0.00048221338631066537,0.0005236969910282922,0.0004851313337772366,0.0004194505491721339,2.0008263900480663,0.007053648246311581,0.0004795675558519906,0.004901289672932749,0.005524819622805889,0.007933368208064883,0.0011159659181849768,0.007958510287552793,0.0004799725357567694,0.0004797166042815169,0.00047976021539703737,0.0004799702393918464,0.00047992568040260066,0.0006731474089321306,0.0006710958877136739,1.187064579409605e-05,3.3032698275264998e-09,1.1871400559057874e-05,1.1871966673090252e-05,1.1869437409406214e-05,0.0004796818144560696,0.00047966235877917326,1.0329796436512502,0.0030185206632973418,2.000534812231905,0.002249437013830152,1.032984547520545,0.007269480396540969,0.0009422833848797458,1.0323487535145663,0.0069167279585779255,0.00048003923836306835,0.0004795643283813469,5.797633900564349e-07,0.0072694662033847566,0.0006369040860851311,7.897866621402839e-05,0.0024606024710204645,0.00047967311012267033,1.0055261217892264,1.0054373863615964,1.005314029047074,6.410791617316827,1.0191707867572122,21.461427568346675,22.904474123633662,21.47212537180484,0.028042437139300984,19.41578033961922,1.0682715241620078,22.0738534133584,21.203172589331828,12.21088109972422,1.0329659222674024,1.0329649291418268,1.025227720765638,1.0252277771009644,0.0010483060315260716,0.08549483419030726,0.08407379924954474,0.0035548395554253656,8.318341784983184e-05,0.004561182882476252,0.0006369052746644556,0.001952186103845536,0.0011069531736317385,0.003633427373364835,0.003630322872976386,0.0010847225476932844,0.0038219916104052297,0.003053339888867748,0.0026744511979299385,0.0007122683820962993,0.0027671826202279727,0.0010120585384679394,0.0022795447068212054,0.0026856829745792446,0.00048177716471037486,0.00036671406208920257,0.0005019784025397815,1.0004837528838115,0.0004817772002682725,13.044605002531455,1.0065933015936175,1.007201066289535,2.0079580332385043,0.007238905328612656,1.4225811747360116e-07,0.0025296953166636773,0.0005034750244058987,6.861310929828574e-10,0.001257070609212461,0.018144413247795838,0.002604398831888286,0.0004795869981516518,1.0329849655215755,0.002056711332391483,0.002748791361164926,2.000553217623924,3.448426267296589e-08
32.00051279947844,32.00051808700232,221.22996869459487,10.003833963930134,6.562233190825802e-05,0.2160284752675721,0.002188103591308881,0.004252860382824148,0.003003334783075958,0.0006972629856125224,0.0022904946982658454,0.002309665652392214,2.6336488110229324e-06,0.01339053883541163,6.571523822297099e-05,0.0007116598501094733,44.012686283787005,0.029603622604073017,6.269318758603759e-06,32.00097342403326,0.007376926141276186,0.00709977480887199,3.0001395497218732,32.00097474643638,32.00097429336768,20.39644790846771,0.11497635027214437,0.09636724109608467,0.10629238775768825,0.11961395870174055,0.09978903672793535,0.10687857948331349,0.10773382222198478,0.10716647990006627,0.09301313363927333,0.05486146094789594,0.07260741266267891,0.08046364712382086,0.10136614964313238,0.05109092669369223,32.00097385965108,32.00097368320249,221.23010550099514,32.00097337715084,38.00144814221116,32.00097430115181,0.04872552076548184,0.049629606018925146,0.04727157783370064,0.020487721777697532,12.000860882319314,12.000863645457631,12.000863021933117,12.000863471305728,12.000390707040957,12.000392778964766,6.0872063885662574e-06,12.000392729583766,12.00039217213584,12.00039214356627,0.029598751840380418,0.017174679137074576,0.029629366513219978,0.029618700394770693,0.0296145551547826,0.03571489037708549,205.28841919802133,201.28829159560786,40.014874227397684,8.014370880251656,40.01619426191631,38.00784690801014,47.017030906070765,32.00113588756843,42.00268694209311,34.00228698148508,32.000977784616325,40.01441298337735,34.001512639206666,32.00101039887797,32.00105661305525,32.00097695697839,32.000980434359626,35.0010287849661,32.000975124241926,32.00097404361919,32.0009736901729,38.00098775614869,34.01494933654959,32.00496518473143,32.00101212309217,32.00103240000365,32.00100436129472,32.00164174166521,37.05361538526946,32.001001006243634,32.00150467293627,0.0004710522126301285,2.0025324261024395,32.001011677956356,32.00097349905873,32.000978151831795,32.000978346257114,2.0007450505907385,6.0033553397871815,52.00906606054039,32.0009741529873,32.032734866502935,32.05187151421983,32.092976819198846,62.003850134855696,32.00617362351177,32.00097779240374,32.000973965335,32.00097364900322,32.00097441315553,32.00097425502156,8.09179004685397,8.089266335282439,3.0001395576123313,3.81053329609455e-07,3.0001395937899864,3.000139462445284,3.000139329109967,32.00097355394095,32.00097317461439,168.03163594126693,181.01543628504095,38.001446500695856,185.0153414287027,168.04778908882224,0.0030245712838658156,170.2657377860936,161.0296897200337,0.10068744184067421,32.000979958172564,52.000972915727445,20.000001830970756,0.0030248534021235633,8.000002971863621,32.00050993034095,205.01752654309595,32.000973368817455,200.87535824137936,221.00694773891814,188.0157448525655,90.54134410356248,113.04579635145429,74.9882126020731,217.09699768700867,215.74054930816936,148.02840802337585,192.82345818745338,113.1588061995065,80.44322961535634,77.67721832261678,188.5197386867194,137.0486831372312,137.04361978302978,152.0436208919063,152.04481860979652,2.0005466344734635,2.13224941020339,0.08652375898590907,2.03653926987279,0.00010570573684552068,0.002357172542534067,8.000002791242636,202.043916719891,187.03372261827377,252.70764441433002,214.72142825015135,166.03005264615874,249.5273220862631,144.50322880871053,234.11946675776304,166.32828423486419,236.15373529857413,164.32834272296805,185.15348091979513,207.0164692084646,32.00097799798872,0.004239696040584854,34.001265685689084,35.00111428732808,32.00097798783049,85.01754370990005,212.11138134273335,197.13356674939217,205.11949486340725,0.002463566891379667,6.186060649177034e-07,199.01346255951745,34.00127065617879,2.3294634030507717e-07,32.01036271911832,0.022663929356239253,221.11924505876667,32.00097355136925,168.04893756019567,32.003491332707085,205.01983399127994,40.001725397277184,3.534713836044167e-06
0.003713250888171353,0.003778118876983438,0.010860059112664376,0.004604168080942245,1.0583498468425861e-05,0.0005788359595667543,1.0103764055571844,1.015804568001369,1.01347895902414,0.003675780557419456,0.006660897151466975,1.0124699352015085,0.00016644344494716308,1.0108768780094184,1.006755378070231,1.007514192749203,0.013914590462511346,0.004179272936307619,2.7847595944466002e-05,0.007604133820076005,4.013635849329446,4.011193034196589,0.0015424978814896845,0.00760285636063829,0.007602834749602569,0.03821109631438946,0.02708338449138573,0.025893802524072397,0.01778233905356288,0.031221267762503915,0.028375139105863634,0.026732231446673502,0.026907200986190077,0.0267873408965161,0.021375979435743882,0.02424795117094175,0.022547191880424117,0.020682291785003235,0.02581035750968476,0.01719826712292347,0.007613092630182542,0.007605701620959616,0.010860064377337726,0.007602967019064236,0.010169425702779346,0.007602977020040973,0.015621759970250134,1.017798676236472,0.015244196473471505,6.044850205886767,0.005303619438290174,0.005301259390842567,0.0052923372768416636,0.005299292973386836,0.0012669199668062876,0.0013302376182355918,3.600241243903117e-05,0.0012803292421625396,0.001276491415725761,0.0012765266957232185,0.004174030260334862,0.0006873316179385222,0.004174762623122023,0.004175218007982311,0.00417502358864831,7.081548674356613,0.008879717245011038,0.009546298650784551,0.01671895185235747,0.0130216534610125,0.020057091090270193,0.01249157913633991,0.019196480834227807,0.0077952640694872,0.019951302050723225,0.01250375332497516,0.007626875262279854,0.016291842810547047,0.011043225942264761,0.0076486063731737615,0.007725994535104405,0.007676616745634437,0.0077560482281238425,0.00981643532491381,0.007602917770807735,0.007604793441662306,0.0076136270694456215,0.006328949774859554,0.02370552769153173,0.025878988634690778,0.00772221692701896,0.0076416292296258076,0.007671934230739276,0.007881202278906199,0.028651390383634383,0.0076280858293625055,0.007838398981179627,0.0039317117405591835,0.0028522591004722818,0.007732799795651693,0.007604776056591728,0.007631194139470797,0.007610379767008562,0.004374813794929775,0.008528053347362478,0.013469626945593326,0.0076028469335832185,0.019613173957320974,0.025996643431773554,0.04635857375472747,0.011302141107831135,0.008588240283174073,0.007620024301798394,0.007608249094483839,0.007610311370114417,0.007617998274440576,0.007616011859126892,3.225854427946826e-05,3.154311931116655e-05,0.0015440317188665732,8.302662630030932e-07,0.001544434058380092,0.0015430633382015654,0.0015425446521682433,0.007604899662355364,0.0076070547346791745,0.015514339184836155,0.005161337607048519,0.010111328478069379,0.008141629004455371,0.015515995815013962,1.0136424822991976,0.0072816092329477,0.015497419737718938,0.025646811848952022,0.007626040427663546,0.0076034381113578966,2.5665905564265216e-05,1.0136300672294316,2.0370889262217997e-05,0.003713090619050654,0.008854148572023797,0.007607082702214239,0.018087065706623568,0.019044805460755515,0.013305511552320435,0.14252586112074073,0.013090119231785971,0.13347243639811127,0.16271019663179798,0.14074427717803434,0.013973230741633898,0.18109548084884808,0.013616992240475951,0.14201641587551203,0.13561495616381986,0.1036927761480734,0.015508841082796857,0.015508407878879828,0.014717083535936992,0.014717112453299923,0.0004563599587966553,0.035563343653870746,0.010007325813173927,0.023655197209305416,1.756906506185447e-05,0.009649608341943295,2.0370467469948706e-05,0.021618394945473157,0.009283923386256006,0.03401762462470543,0.023774400388384406,0.012181102031074378,0.03004187816517686,0.02305569884292689,0.01358876633648965,0.008277520661189582,0.014663115465397798,0.008753771361528176,0.007589642961272882,0.010924856662555769,0.007699661851213213,0.0009598212145929808,0.00810957496065456,0.007867988576266038,0.007699662481131641,0.08827847813399588,0.012440168581393072,0.01716378248003884,0.0141805468723135,1.0093628083123887,9.847230443742327e-07,0.010330832091294167,0.00811723591496326,5.615573299667089e-07,0.02652563706646855,6.04499085261916,0.010849823975225058,0.007603512896191866,0.015516042043694627,0.010201993417458696,0.014648477775434572,0.010586153421301933,1.2498048304618813e-07
1.0001356478036296,1.0011280007843888,2.0007371920361745,0.0036912850904219714,4.7153805619669835e-07,0.00010638094596512625,0.0023278979357213383,0.003153052833599036,0.002753718862014157,0.0005775133036552549,0.0008553657342619935,0.002378257827510777,8.857847313816024e-07,0.0030007673883786392,0.0016185120987709746,0.00188872848518962,0.02334863328095219,0.0008282596590263186,8.115817767951983e-08,2.0614415426178163,0.008536608186155903,0.008406433292390285,0.000643929963367586,2.0614170872210877,2.0614170772069844,1.0669969253749314,0.009951855440676923,0.05935533803927442,0.058884658058921194,0.060986425531350905,0.05932389609562216,0.006283740116477063,0.006302678127846428,0.0062899230135313984,0.005818520933029822,0.004500729404296446,0.004437700017901565,0.004850318225241381,0.006161465924066529,0.002942885179656373,2.061614028665359,2.061470625905635,2.0007371903086444,2.061420097454958,2.0617782559243167,2.0614198590404094,0.002050522819211963,0.0025418259448857696,0.002010867849098243,0.011547761408576704,1.0866145722961094,1.0883716515442057,1.0880303867271077,1.0882966380157952,0.02155167737854161,0.022045277225175245,0.001481501556870905,0.021990721798877268,0.02182299446609755,0.02182468873802895,0.0008141599544912517,0.00012956671181128397,0.0008140825974568789,0.0008141307744818464,0.0008141045876336826,0.02043953021481456,2.000708883972719,2.000701560934313,2.067344639718251,1.067225161705448,2.066450259107958,2.063141177008605,2.064281794605969,2.063295284229644,2.064204196438497,2.0633873218176846,2.0617939643831256,2.0637210475114687,2.063020068378243,2.0619457914527732,2.0628500869558852,2.062736244356959,2.0640233084018926,2.0639730781022223,2.0614170882174387,2.0614518145259355,2.0616236740313094,1.0022979206243725,2.0674600728769263,2.071423582409024,2.063518566397519,2.0618681133328347,2.0625858684351974,2.0636393414904624,2.0670875412637244,2.0616692759135007,2.0634513355167843,1.0618901014739535,0.007489409438130573,2.0637246201148893,2.061449673051987,2.061996619856425,2.0615275425738666,1.0614993484607487,0.004351232020232528,7.691821790470517,2.0614173411718144,2.063789166807,2.065093556626784,2.067312711690433,3.062852326666979,1.0163770392351055,2.0615183004158455,2.0614642068292146,2.06155712485429,2.06170630972577,2.0616690802752076,0.0009566048045637752,0.0009537286365219832,0.0006443703930709709,2.3933981458763343e-07,0.0006444851882736688,0.0006440883798710448,0.0006439383119153312,2.061429774967395,2.0614991403661165,1.0365796294401353,1.0014781880826205,2.061788597744362,2.0006685288488826,1.0365865279093758,0.002753136251102593,2.0004234646654733,1.0356896780308067,0.006143372252132425,2.061528135808938,3.061418431150499,1.0004876654692567,0.002753212153371384,0.000905325531379094,1.0001354294350693,2.0007082781867327,2.0614993015931686,1.0034067601350323,1.003283673855995,0.002200204092641891,0.02468651999807027,1.0344840042174368,0.015114497580414563,1.0462840473256447,1.0485048196069895,1.023945323290782,1.0376819169047495,1.034555603240307,0.013803875243512913,0.012567898760354312,1.0188502082164346,1.03658464375607,1.0365828615511474,1.0354043504186947,1.0354044306612376,1.5605096207131397e-05,0.0032791267760928903,0.0010476670028859657,0.0042096792542255235,7.898833629974862e-07,1.064755795106929,0.0009053256143984063,2.0016620708745467,2.0004527344248126,2.0030187461184665,2.001891800298793,2.000513575789373,2.0023872091864146,1.0018147932111745,2.0010785769767736,2.0003622150281792,2.000857050083762,2.0003313434573426,2.000673135024055,1.0007712461284524,2.0632988481977685,7.98603073866449e-05,2.061825973707493,2.0615850671084193,2.0632988492092394,2.0653849209879276,2.012679392769566,1.0137588773388309,1.0136618393549155,0.0024680177931843228,1.2221273729514916e-05,2.000616054350435,2.061877111593094,1.6217089974750338e-07,2.0617684966872853,0.019173889409230236,2.0007370029552525,2.0614307071929074,1.0365871833859268,2.0633075596639503,2.000856574382032,2.061991873078701,3.0040525662247437e-07
1.0043041321818322,1.0044548615047744,1.4305148634175486,0.01917172101781779,4.413599145207377e-05,0.0005898875465921113,0.018077489207766875,0.04148335517205279,0.02072860847001372,0.015941362672958672,0.020348477502478226,0.019238565763370647,8.843101013718657e-06,0.012132121648581075,0.0007405879428701398,0.0016150114834288527,0.0120350352906951,0.07576707553816231,0.00035711105802707394,2.0044523287772473,0.010505484929692433,0.010050406280286082,0.000332741924007948,2.0044511001757286,2.0044510927851413,0.0737929921105091,0.04393839214119049,0.0462473502748791,0.04100448096446481,0.05408318883022214,0.04533538787957649,0.03213367280840358,0.03230471407753016,0.03219114232903668,0.02808560595554384,0.02420481453072012,0.018141697051886223,0.023491036681834925,0.03098363530949804,0.010505815342690215,2.004457984889933,2.0044539229836795,1.4305154475359065,2.004451178223749,2.02072106530854,2.0044511770152704,0.008181998437146476,0.011239000940223802,0.007994087130638912,0.03178039746431175,1.000294734042304,1.0002850836086832,1.0002849510503522,1.0002850425769152,0.00013608330451807187,0.00021640643307700233,1.628415889739353e-05,0.00015145862755165725,0.0001511884008370158,0.0001511940238758111,0.07576271825979561,0.003921631501951795,0.07579217905811003,0.07582927805859539,0.07581908858947814,0.05186045112729494,1.430602039532471,1.4308811845173444,2.03927255774709,1.0350427800963622,2.0571787567317488,2.0183502066914842,2.0640989317627616,2.005144171262727,2.029696178367337,3.02402996723118,2.004516907861495,2.037519050447302,2.008699298940311,2.004583192764048,2.004760127993896,2.004510470930869,2.004591836578976,2.0093875725722996,2.0044510965811915,2.0044538493582484,2.0044583503168436,1.0207659014997672,6.184565981585168,2.0621147722167845,2.0045867937550543,2.0045693871541745,2.00454496162656,2.005620297053964,2.0902064122835236,2.0046239179116494,2.0053953472094563,1.0002179741492798,1.0203902848236097,2.0045930768491473,2.0044549284336366,2.004500074755944,2.004466832366571,2.003124600937282,1.0242543122948675,2.0081495024083456,2.004451098040642,2.0573274323960407,2.1133275562260563,2.1639468108657156,2.01139341713891,1.0145542978630473,2.0044928552841985,2.004462235267667,2.00445697625459,2.0044617524687403,2.004460392742918,3.45525511711086e-05,3.256168745104026e-05,0.00033289936672203306,1.0067301917729458e-07,0.00033294509367599233,0.00033279507933393096,0.00033273724155544724,2.004457203990552,2.004453597738811,1.0300354467460402,0.42184590282301626,2.019362439148401,1.425700100780888,1.0300400978772386,0.02205069131556602,1.4229035509858745,1.03004171607341,0.030903902035491492,2.004510946824375,2.004451275117308,1.4589256321582568e-05,0.022050830397020396,1.3173742314840542e-06,1.0043327593037936,1.4261529840096747,2.004453698883834,1.4519267796901842,1.4538145845185688,0.4485990133846066,0.14068660222941853,1.0198234161837647,0.143929849202195,1.171158500913667,1.158422208877662,1.029888506162743,1.1794608805068374,1.020374770118509,0.13480643929597236,0.13629694646985088,1.0843971563360344,1.0298608514587477,1.029859609729259,1.0296213867022102,1.0296214418387326,0.0031586954698956246,0.10200401507544539,0.013258087426389563,0.07449180493587115,6.795858737579702e-05,1.0153660338631576,1.3162316251721586e-06,1.4432533386806425,1.4235155417161047,2.4877662934310214,1.4542371148110553,1.1917757625609282,1.482078830933567,0.47434245389196644,2.431907513463715,1.2485167262331553,1.4326143413718384,1.1887012633161964,1.4304911829906288,0.4246460188025184,2.004506808400463,0.0004529909279390311,3.088141804007752,2.012946200213073,2.0045068075566577,2.07735048170711,1.3159512934142457,1.3226649618922979,0.3186955679234385,0.010101079669450981,1.638040764276543e-06,1.190582830721847,3.115530281259527,6.262098063988279e-08,2.0521156627190735,0.034920122452780554,1.42857253072473,2.0044515233903426,1.0300402659669419,2.0230395712179936,1.4327738230381937,3.0223058741751787,1.4544223313481884e-08
0.00010283023991895106,0.0001021758636513044,0.003806412123079879,0.0003566154702362045,3.221028445844647e-07,0.0004860707526487102,42.19496012833211,70.36266878151605,66.57448574801701,45.21802334850531,52.17462746397037,46.07082557754816,0.056738147354391574,28.155609112847866,6.057072438075349,12.035050370129452,1.001596539044475,2.9232365170396526e-05,6.518361566074603e-05,0.00011905912506077185,0.0032625069229269494,0.0008395553068094878,0.00012909447935087034,0.00011952681225769721,0.00011929328621581842,12.004457268013995,12.002037331299393,12.001583922763114,7.0023098977020375,12.002510243910894,12.002181951476155,7.0019482930956665,7.0019556669624725,7.0019374695115175,7.000933362310064,7.001796249458946,7.0016907799063635,7.000962622473045,7.001822261252841,0.0002570015033000442,0.00011913229710061563,0.00011907196656406205,0.003806476752157328,0.00011923328220507901,0.00012019132421954734,0.0001193427467166484,0.0015241698799719262,0.0019162496494805096,0.0014839367304649012,6.008926698909663,0.00012448722512675207,3.0962175955095904e-05,3.092996376419264e-05,3.094599624532164e-05,1.3879669039532117e-05,0.00047406295649956453,1.408685504218654e-05,2.6961357484571362e-05,2.5075529359594265e-05,2.508069903717876e-05,2.8937187647596515e-05,3.0832809896288905e-07,2.8906882362955214e-05,2.8932041060188154e-05,2.894490104052597e-05,12.01691319460454,0.002597242382922884,0.0021517952878636237,0.002536823983887175,0.002341857981678973,0.002643153812628072,0.0018666335011094464,0.0037054806621940875,0.00013619830946737,0.0006732996903975378,0.0003676110916104872,0.00011911848391596239,0.0023962415839297014,0.00035605997343553616,0.0001227679468476684,0.0001272162450726201,0.00012171009173113877,0.00012762086588332321,0.0012186531210439536,0.00011934817019309265,0.0001190987937233965,0.00011915733867960278,0.00010331444762404291,0.0009528843733054655,0.0005854398274870418,0.00011978200117555177,0.00011979688489304952,0.00011963001472876835,0.00012684111380898872,0.0020423841356972993,0.00011934948725054404,0.00012529410266226673,1.7189786955011933e-05,2.0925428182292486e-05,0.00011978527098150853,0.00011907734247003308,0.00011918905327363271,0.00011915716437156585,2.5873754997222653e-05,0.00016397517036916147,0.00037923631537653936,0.00011937562102871186,5.000564206374056,5.000948389963761,0.0018294571901169856,0.0005088966786000914,0.00015423457365766477,0.00011906667238122982,0.0001190262628989924,0.00011914000898045951,0.0001191212073725333,0.00011913933346542106,8.896710442592462e-06,8.842627159856387e-06,0.00012903842685594942,9.134356352589012e-08,0.00012904681814955086,0.00012905898063686282,0.00012898751155390506,0.0001196696340350243,0.00011911989562145166,0.001970518241480481,0.002499005767734579,0.00012008112621612015,0.0017909493407849064,0.0019706514105028612,70.16312090614834,0.002605947315695265,0.0019630608425857494,7.001819331667151,0.00011904019409845152,0.0001218846829542276,2.9137711355914005e-06,70.16041805415036,8.056503912223743e-06,0.00010220462391624769,0.002593418184887175,0.00011928090440379569,0.022219466442734905,0.02394194344671047,0.023600419964768946,0.104617070851315,0.001962296537814744,0.09543534274354866,0.11206874428399954,0.10233299138791488,0.001945811766319138,0.1011975661667643,0.002403409108506208,0.10485208072239639,0.10438110656729632,0.10261404579911379,0.0019458993653799748,0.0019458502377842015,0.0009279789823150996,0.00092793937228318,0.0004524043283086571,0.0019444516770311185,0.0013493443103760067,1.000609877162479,5.626581074789392e-07,7.987291801347837e-05,8.030598735872948e-06,0.012105957272680245,0.0038252974229491033,0.014988606163473594,0.014019752656172566,0.004490643527944013,0.01627669117327841,0.007611336535421992,0.00441122676769673,0.0038100020522135675,0.00635041532597796,0.003798851064248252,0.0009574952348765469,0.006242179931785834,0.00011936767114320614,0.00013970395180403395,0.00012808817606580112,0.00012024496526000606,0.00011946265485231288,0.0672423114122808,0.0032569697296055684,0.004352596625702966,0.005405247585808548,59.53446223385708,5.391333819933922e-07,0.0037930654292192686,0.00012816787977063676,1.4137743966729196e-07,0.0001708320974195451,6.0087156189046596,0.003803019885725494,0.00011914523792939862,0.0019707302987499943,5.000122022781491,0.006324209546912307,0.00012898374952830132,4.616608253475054e-07
2.0004257877292817,2.000464100521904,22.002076817409257,14.018111367337273,4.681271206285115e-07,2.1501255448729467e-05,0.0022925879708710346,0.005178142647486806,0.004501303326078695,0.0021231130699448765,0.002098445213362746,0.0030110343155950368,1.1200126554197564e-06,0.005426692379493231,0.0010837609622065558,0.0015774478838384716,3.0029713736651593,0.0008854761959098025,1.52410387165901e-06,2.0015798170288326,0.008111511659197096,0.008000344131245226,13.409714683073219,2.0015808355693636,2.00157978739934,0.03990495702152405,0.026649923846270504,0.021573937779863234,0.013609400436271986,0.027362149072945943,0.02582858967535892,0.026345961814623828,0.026491380647877993,0.02639518837435559,0.021298009328799664,0.024204687175583047,0.02378867118265545,0.01986799975329822,0.025448791801217552,0.017346737615453658,2.0015808737780936,2.0015800185524535,22.002076695485922,2.001579862555458,2.0019595358647555,2.001579834384545,0.013727950566487263,0.014011536036404277,0.013436490327040031,0.012033896436185548,0.0014441235902849395,0.0014507543634654952,0.001449253420563144,0.0014504278012266746,0.00027133099063801587,0.00029273450608185704,3.896680405328399e-06,0.0002727402985433409,0.00027225418956985193,0.0002722609331503156,0.0008848507506274782,0.00018753341064364198,0.0008849436039033412,0.0008849984800053909,0.0008849837386302802,0.025048409241271684,19.001732974912155,20.00162674613369,2.003467825714915,0.003045664050064885,2.004819994514237,2.002167924963836,2.0044090834464345,2.0016034130698594,2.003383967731126,2.0021096308514017,2.0015831668679738,2.0034141883101233,2.0019736699634008,2.0015852440212942,2.0015938504428967,2.0015879609860963,2.0015963850505605,2.0018531091733327,2.001579944413872,2.0015799068928564,2.0015809535727,2.000813160774952,2.003316298818134,2.0028026709486424,2.001592774378458,2.00158305912006,2.001587080804404,2.001600104429344,2.003913094086297,2.001581794995083,2.001597565925913,0.0011591601661423171,0.00032271987004985195,2.0015939996444136,2.0015799020816503,2.001582873822316,2.0015804034788425,0.0011933957004702604,0.0010584022227148185,2.0031681012259073,2.0015799162204515,2.0037276968878333,2.0046151697193753,2.016275590808721,16.01962161916355,2.000939340208485,2.001580286012518,2.00157992968363,2.0015805990428475,2.0015814775990233,2.0015812386289222,0.00016599238643886426,0.0001659274168515943,13.543638398611321,0.09758320651624022,13.582444837894235,13.468524589038333,13.41643911853208,2.001580451218726,2.001580190248325,8.002804587072113,17.001471095684295,2.001956667975928,16.001216944422737,8.002804750817626,0.004586618693307746,16.001595933252947,8.002640430707386,0.025292022707804673,2.0015803313369047,2.001579736124382,2.9747026504194365e-06,0.004586792147088339,0.00016469518039641942,2.000424456458317,19.001730980197504,2.001580216011952,43.3716371066471,44.51420813573971,38.3573302140323,3.0107405341209312,5.002336327365944,3.009717783149381,11.013772083642593,11.012301506322213,8.002310989327201,11.018048900392339,5.002353535543462,3.011721126128324,3.0108054353084848,11.011577801513965,5.002804655900014,5.002804625928804,8.00253214888097,8.002532134776557,8.859791170992464e-05,0.003391686705734599,0.0007979559212832179,0.0029694443495818456,7.715228939237018e-07,0.005699425580238922,0.00016464480207342483,19.004052861529317,19.00194053171699,22.007666605345815,19.005137627071036,16.002017303326227,22.006923373013226,11.004944763894311,22.00301059179241,16.001898816060294,22.0032386539059,16.001775834300158,17.00128628212801,20.002811933217373,2.0015910793445992,0.0008556895183827629,2.001619300276406,2.001690271768848,2.001591052152816,5.00673954984635,16.00371022148178,16.00394692425911,17.004825784523682,0.0029972573670427292,1.7124323740021924e-07,19.001912074950873,2.001619800737706,0.07145114431545542,2.001696510503879,0.013594283890786815,22.002076045460797,2.0015798270377902,8.00280476964285,2.00261469956125,19.00323805998279,2.0019941631134412,6.200250431724682e-07
0.0059852147121084,0.006170431459007293,1.016892496937497,0.02646959700536238,9.509165945805867e-06,0.0004266034323645378,5.005070369638885,20.008181016080037,20.006281105966185,20.001981912519614,5.002407530945885,5.0051784627091385,0.00021333844163363513,15.033670203411999,0.0031320653516853877,0.003987822401283182,4.041711733930408,4.00798556010311,8.586755134239634e-07,0.007587934389420158,0.010794094085184114,0.010335623362615846,0.003721995251105409,0.007588293587356134,0.007587838336854188,159.25576735987238,138.35097670964052,135.70653851182098,136.61452039461597,147.04941549060547,119.98320614543653,125.64222493763361,135.94429259453466,125.74589813627487,122.16225476879363,119.16660373629318,108.75613558950279,110.7150801232334,133.6180877469103,49.55829594455363,0.007597412639674547,0.00758957969824279,1.016892026597068,0.007586969691734733,0.009803774953699202,0.0075872123533140415,57.10142852846033,43.10515972220846,43.043343449702924,0.01952287926815747,27.003015622230002,0.0030349472226913255,0.0030310739971619173,0.003034116819658929,0.0013694777677042704,1.0013822976960152,3.685839759625576e-05,0.0013813790112713737,0.0013777506357342698,0.001377806833856887,4.007955330633492,0.002905523700123892,4.0079586084955485,4.007958548985043,4.007957901769981,0.04439034610190935,1.016626710735221,1.0155481910898652,27.01246112845457,0.006595330779854197,0.02036871124759899,0.011547349676799911,0.023144992896212024,0.007789783888051569,0.02624497451221895,0.019731954969860976,0.007612376418539275,0.012158894277235273,0.013097054514019275,0.007625847151044375,0.007704164786212306,0.007663749782795859,0.007746584330821847,0.009812183483202553,0.007588290805130121,0.007588734618730845,0.0075979522332433585,0.008215385097451953,0.027969790528363694,0.023780260302701205,0.007719773365876547,0.007642303932440767,0.00766601599578594,0.008050836220386286,0.04425380744262487,0.007630237775245918,0.007970546717252848,0.001646303087647267,0.005196766528706729,0.007730558322970899,0.007588617613620647,0.00760643949026708,0.007595878665580664,0.0019488056507499854,0.00529332055272192,1.0166213860548974,0.007587418863063542,5.026664457870167,5.042027056621136,0.07022088763977924,1.030628482893945,0.01795250136826017,0.007594599973726441,0.007589771114858898,0.007594516793420354,0.007602620743438404,0.007600408635622193,0.0004264235368763767,0.00042319688640109893,0.003727272366611741,3.002681734127476e-06,0.0037285858054695174,0.0037239340816827594,0.0037221281926767156,0.007588065380887323,0.007591227116587464,0.04532919679750872,1.0109615120859792,0.009709686111507332,1.0161969035522127,0.04533673834122322,20.00649844888193,1.0131885927684896,0.04496797367337484,133.1018533943053,0.007596134048179452,1.0075866246090348,1.0000264183016467,20.006436135567625,0.0003716402885549308,0.005983728137100388,1.0165740512678194,0.007591317495522605,0.0458514881215593,0.04683450553687846,0.036161192503874465,1.0986713711123173,0.026170671330265776,0.08990532377706965,0.1357925218301908,0.12515960180359323,0.0433558814214752,0.1661451814295436,0.026511643568028438,0.09315598563062256,0.09105103245975751,0.089941845713368,0.04533489110759647,0.04533290869375912,0.044046314147746124,0.04404639018286824,0.0005473306590366619,0.03499843531534345,0.00644815973984537,0.02758816921436172,1.580763310041851e-05,0.019648824454376077,0.0003714579195992506,1.021063748547631,1.0134695869394392,1.0353445734432793,1.0237181879969655,1.0136550560251072,1.0277123185227468,1.0275355298301847,1.017827270360007,1.0099045761164813,1.017966947764521,1.0116354419661706,1.0152958104299123,1.0119361510813303,0.007687991955365918,0.09315013760339719,0.00795860187308753,0.00837397526095891,0.007688048896464982,0.05315591748668146,1.01674849299958,0.019072967462663386,1.0135719120795856,15.005507033471309,1.1153989229967075e-06,1.015007595797834,0.007968138652121122,2.006503965337606e-06,0.013127827345206417,0.0244099664953282,1.016867754702913,0.007587409504472141,0.04533710280026267,0.010760914359970501,1.0179591417431786,0.010049569469818206,2.191890198281932e-06
1.0018801234712713,1.001997739416198,3.065742165113387,0.009570811248220559,8.358430812178502e-05,0.06361731054856129,0.0029216464044871664,0.006981526706398965,0.005162716225932913,0.0012571808958049486,0.0028838385056344455,0.003249805565428992,2.1573007626936227e-06,0.009049697670263021,0.0005211542378595052,0.002378956811684933,2.0332812097415403,0.04384920957105054,6.4407041703661636e-06,1.003169629832975,0.01744549985143204,0.01704516485460591,0.0004601542776628657,1.0031691396340596,1.0031691483064196,0.2834398945303963,0.1156091168060084,0.10700618236019538,0.11483836830864799,0.12576813203779266,0.10769275722963828,0.11221693677471767,0.11312124266580041,0.11252227159033283,0.10204728649189958,0.06073171045408961,0.07748218014476489,0.08939978745100315,0.10645595994602117,0.059902649618496326,1.0031722716641633,1.0031701720799333,3.0657422238073746,1.003169175893035,3.0036675852374155,1.0031691748377136,0.047864944779141515,0.04985569704607763,0.046403495237367684,0.030023223062549193,1.002400268665265,1.0024142401730163,1.0024114911672797,1.002413625445463,1.0010806538561527,1.0010898308100258,2.5140342614344007e-05,1.0010883183009138,1.0010857643294022,1.0010857949189884,0.04383096269926035,0.031311321809959575,0.043893874822656165,0.043867167292258466,0.04385932736375975,0.09547091120511327,3.0656708018050787,3.0658245017133443,1.0155343472387832,0.013680295041036815,1.0179189715753245,2.0043760749306423,3.02441383732881,1.003353208417257,3.012189157999446,1.0089096114134686,1.0031785627011505,1.0150922716904685,1.0049614407406526,1.0032073565738828,1.0032603426860005,1.003193695627456,1.0032235000809715,1.0050263186747932,1.0031691389040367,1.0031700497444616,1.0031724138585099,3.002388835593105,1.0207811619171208,1.0288964494341086,1.0032587670042685,1.0032715749625654,1.0032353247288903,1.0042614361924307,1.081669438629058,1.0032516021706888,1.0040427314486944,0.0013211598059280883,0.009385260537849856,1.00326121474635,1.0031711254975921,1.003192118915091,1.003180253371534,0.0013441241293795662,2.0012949074552786,1.0167573426834295,1.0031691360456516,1.0200673979357626,1.0909716945934491,1.3666040006782416,1.0071650319505274,1.070567660857505,1.0031751123404806,1.0031713775277105,1.0031716276787535,1.0031739028862856,1.0031732665302573,0.0037657499289750077,0.0035799499793456356,0.00046042260111503323,1.4651757327929112e-07,0.0004604930559513184,0.00046025264333471224,0.0004601637328271399,1.0031694355511653,1.0031703525440685,7.016811580862525,2.0639891756803164,3.0036499668218677,3.06495136522293,7.017246070877405,0.005266068811234077,2.0137285679672465,7.016153629905315,0.10566559787174477,1.0031760646579666,1.0031691747291922,7.240047672065805e-06,0.005266795992834972,0.00065982606924516,1.0018801003271134,3.0652098953928655,1.0031703597494517,4.079801834836143,4.073408976249757,3.070483688260423,19.503709294677744,4.039337647997997,18.53975519032326,26.41040567178489,26.333891571155714,7.012888919978044,7.203235418706947,4.064811628166941,20.380417259309088,19.41046348604715,18.29751174512949,6.017152877883074,6.0170364793119635,7.015769855286653,7.015774984221149,1.0011024670434623,1.1831049434345493,0.028316956228830837,1.1485867601266788,0.0001394301772180156,0.014884100314027315,0.0006598260872092697,2.0209357444859894,2.013608288148068,3.084326018214114,2.0709987861699606,2.011807045627277,3.0821624434000543,1.0790209848066417,3.0656746488292663,2.0078395106824654,3.0657187463072004,2.009033568914957,3.06542098878477,2.063617178746239,1.0031969741499989,0.00424839807674182,1.0032396897704285,2.0033119004901967,1.0031969744041944,13.03650015589534,3.063442560748134,3.067241571015656,2.067448562982033,0.004702326669838175,2.7976740438063403e-07,3.0604261171809015,1.00324582332035,9.809320346203029e-08,1.0087762071826838,0.03237817401436984,3.065540406357409,1.0031693388704894,7.017258490347269,1.0057295140394602,2.0655360654402646,3.0037041121992485,5.748677614577228e-08
0.00013225521654530582,0.00013394022603808146,1.0512083060679454,0.000538744945907688,2.028894724324707e-05,0.0006498304624729978,0.002301203108987973,1.0059287152570702,0.0044207082918461035,0.0018522369063262128,0.0015377179163413412,0.0022808032047184055,9.607670519542897e-05,0.006249821616398169,0.0007788249479355187,0.0017109941315984207,9.002100062368132,1.04267326978452,1.1762008456129762e-06,0.0003227905268290993,1.0059384471600865,1.0058715686836286,6.446654734265604e-06,0.000323152759578472,0.00032295917983923665,14.056469865756668,9.047552435152166,11.02058533731622,7.037895885724302,8.046638781991954,7.047842918138496,9.048205865604643,10.047492596291027,9.047312039106144,10.02190180205057,7.03209526953393,10.037391436098,10.013347657086497,10.042640246865659,6.015181258879546,0.00032291935311694477,0.00032281808851498223,1.0512083565993562,0.0003228385423894008,0.00041776195680774436,0.00032290144365272226,16.174577582028057,16.141816583103637,15.045248425994354,1.004790854957203,8.000754646576596,1.0007539610454643,1.0007495002903755,1.000749244892291,1.0005455946452717,1.0005628170375027,3.49862093772118e-05,1.000557060327404,1.0005453382910356,1.000546512618845,1.0013668437853323,0.0002423535728284084,1.0012990466074592,1.0012922085419886,1.0012657864561894,1.0093862283739339,1.0360088966971643,1.0304967702631245,7.002979174326532,0.0028437738210169284,0.0030263375666037913,0.008828304659926876,0.00458260789042697,0.0003507143879902503,0.0010459522651188754,0.0006801774451551183,0.0003240213814155453,0.0029031968048614664,0.0004514106863675756,0.0003266794831314017,0.0003316052415351348,0.00032423977177311366,0.0003265226167329075,0.000763098232955222,0.00032292599328180934,0.00032283695984416125,0.0003229296177548222,0.0002276393676369135,0.0031102489623413988,0.005003067485074956,0.0003265099569431714,0.0003267225406903726,0.0003255030184815602,0.00036360916060508916,0.006642493462098026,0.0003260521172633028,0.00035550335407374793,0.00019299061111694896,0.0010132618582929535,0.00032665595366570323,0.00032290582746182065,0.0003245685658681623,0.00032326673338957027,0.00022187653644260656,0.0005592514563158814,0.003365696666211969,0.00032289707562769513,0.006204505263540481,0.0065750906364161815,0.009132831227479495,0.001498451217254714,0.0008670897068588994,0.00032301211052935847,0.0003228317066160507,0.00032288408827914046,0.0003230068685718851,0.00032296767837176985,0.00011256436761482414,0.00010720909071085301,6.488506262925401e-06,2.418568785219019e-08,6.501237021905566e-06,6.49929090572646e-06,6.421570653592106e-06,0.0003229324639860325,0.0003228549260486246,2.053784825210861,1.0357461509164554,0.0004174868662137342,1.0223952240777954,2.0537973602669104,0.0044177783068249,1.0354061801194925,2.053790851596252,10.032569258099727,0.00032311126464421074,0.0003234786363748395,1.0156331819128373e-06,0.004392559253375403,2.3130138952222328e-05,0.00013196491325981517,1.035855336213561,0.00032285290595517334,1.057101905228933,1.077710937903762,1.0775182217506916,0.11869362166816004,2.0521166828935073,0.10097305603405038,2.1590815057412724,2.1500041679490347,2.049003446572919,2.132359677276101,2.052618418229484,0.10227579254598418,0.10338215971515223,1.1659477609941433,1.0537784587759076,1.0537782261363913,2.0087857861474996,2.0087859277184608,0.021821151336078103,0.03470620658023021,0.023826614667548374,1.023930575845395,3.521820119407157e-05,0.0008124399622264124,2.3114113780256964e-05,1.0842243320178009,1.0506033751608645,1.0957964379694414,0.10154577338292872,1.050868649847064,1.1036071092888589,0.04429153268149998,1.0564187077598282,1.0499929627132047,1.0676932457681603,1.0501575097509772,1.015716083157343,1.0673327123858352,0.00032383679170790673,2.895886833453871,0.00035481945275887166,0.0003318319295244073,0.0003238359635272839,0.06875342088606966,1.0456824287162718,1.0481057531689906,1.0614702766415716,0.0044091497703196625,3.911882924307267e-07,1.0507338807487328,0.00035526219282144963,1.1144292554336962e-07,0.001305994794908789,1.0097185404764701,1.0510924893039546,0.0003227836694834334,2.053797713047792,0.0011982526856203289,0.06763382160474647,0.00044825515466899674,1.9813591679186652e-07
3.1203627818165523e-05,3.14536391426033e-05,1.0004107485176734,0.00031514781802801707,7.137048943002963e-06,0.040177802006190436,1.001439590340195,2.006556066481693,2.0054488931040346,2.0029739581248944,1.004946323291619,1.0039639733769252,1.9576962357984125e-05,1.0010936492240605,0.00013557864980563708,0.00015721176548505816,2.000510752299302,1.0000579793264603,0.0006814204803779441,5.1159291462927757e-05,0.0001469253794147757,0.00013487844025431673,2.0045376276135574e-05,5.120249367397269e-05,5.126959915310534e-05,8.032833257497277,12.847351867084747,14.435656403455868,13.071438934161158,15.55291135418433,12.15315494179347,9.00489980512515,10.00539516708345,9.004709630598583,9.0043924065126,9.006649197316111,8.026264592581695,8.017902687090364,10.002763776633063,3.0023120443310347,5.116486516979361e-05,5.118323551056585e-05,1.0004107429642048,5.117824999375294e-05,2.000134344088176,5.1165494381446204e-05,7.007387021277436,3.0075798510073377,3.0015887215295733,0.0010270764393946446,6.011842457426061,1.0105775928761063,1.0107243676089654,1.0101054412674066,1.0008132747819638,8.04065590007701,2.0010379771608076,2.7167791401223003,2.015812454797894,2.0180240325628787,1.0002884788145177,4.1900489355133836e-05,1.0000608914884574,1.0000592342662373,1.000057354192894,0.0012160351869070214,1.0002818782048684,1.0003480987497029,6.000439845864615,1.0004044117420954,0.0005077896153360915,1.0001337003879736,3.0007112700621885,5.235616302347978e-05,3.0002835689454543,0.0002126437961680821,5.119577058126335e-05,1.0004322820167357,8.010940673931903e-05,5.138669286093787e-05,5.170668657613728e-05,5.1482752702715856e-05,5.2130894792520275e-05,1.0002799219739376,5.125585442058271e-05,5.1193126747135e-05,5.118817097233454e-05,2.000114334004233,0.0013298849535343976,0.0021140241055341387,5.1503675094748405e-05,5.1350738990929933e-05,5.138307362326182e-05,5.231964409841957e-05,1.000464333687526,5.348114689211997e-05,5.217978895843007e-05,2.0510675330996625e-05,0.0010083680398330086,5.152309976714479e-05,5.1172063597062604e-05,5.154800803219997e-05,5.120455486198726e-05,6.399119593962446e-05,2.000344941443501,1.0019629730676798,5.130203382108767e-05,1.0003024319076832,1.000332578001914,0.00016704643906093912,1.0001922243959867,0.0002404803714057211,5.1143326023372146e-05,5.1148242936795164e-05,5.115942776665084e-05,5.121529073632624e-05,5.1184003939773776e-05,2.2149153448246977e-07,2.2125332286978926e-07,2.005699215881105e-05,1.9697841362884467e-08,2.0051317321344895e-05,2.0062011174409947e-05,2.0038311934951014e-05,5.119861072586849e-05,5.1168161031173065e-05,2.0006097945078074,1.0002505970180158,2.0001342458516858,1.0002122994181388,2.000609806130464,2.005616017621696,1.000282079460878,2.0006098016320912,10.001302226987539,5.114441434399566e-05,1.0000511411944093,1.0000000288429922,2.0056158522758096,7.926973103004408e-08,3.1114090404261734e-05,1.0002816587050636,5.115841562103227e-05,1.0010422479662169,1.0011043599994378,1.000951631688468,8.304448356740313,2.00060963360053,21.358179318716836,23.76890333661866,22.349614564871352,1.000330713055528,20.268561534393406,2.0493404500843915,21.973259649721474,21.126711585665966,12.136629733594368,2.000494286063454,2.000494279664109,2.0006060438975326,2.000606041613467,0.0002537978643889842,0.0040497064169648985,0.00017143489065574473,0.0009166798894362603,7.4205216348990245e-06,0.00022690321824648334,7.507453556189733e-08,1.001341676624397,1.0004365991842752,1.001955544024125,1.001429737399006,1.0006618842832697,1.001907916152865,1.0008802610263652,1.0006203676115204,1.0004103234282464,1.0007898263556483,1.0004083383322966,1.0002197813143625,1.0007814831410773,5.122845029198357e-05,0.008288338976103829,9.540571837931805e-05,1.000112482844786,5.122618058595997e-05,13.001503156496137,2.0008305446259085,1.0011050541640207,3.001346167155797,1.0046180133507223,1.9992187058861763e-08,1.0004080827850845,9.555701675222799e-05,1.800663550693314e-08,9.645686635342356e-05,0.0011234021991022682,1.0004106378506858,5.1161260948254867e-05,2.000609815353855,0.00013212322192836798,1.0006741972559985,2.0001780642077724,1.2317859410114548e-07
15.000183205631966,15.000514448436682,55.00359874046628,0.0027546422196694843,3.7349347135164606e-06,0.2113647604369816,0.002129981293693194,0.004204579463652246,0.0030803809598761696,0.0007772438905751049,0.0015098622116463802,0.0023696120073575626,1.0870242680369614e-06,0.003984190969491505,0.0010782552478209788,0.001568364179235011,26.011377999647802,0.002497899456926953,1.5467308009672918e-06,15.024118810603587,0.023669862873200675,0.023357166929636963,0.00032933398469432484,15.02411206462416,15.024111754705942,3.046899963953883,0.014200396313668978,0.033806939740917544,0.035430063487886174,0.039435793123226405,0.03799511383230938,0.012792895762147639,0.012842860637983403,0.012809763659914198,0.008544712295803157,0.011346096124847412,0.009718056292511384,0.007005856887736077,0.012450983098007736,0.004180983418302881,15.02417171753406,15.024127807803424,55.00359870363091,15.024112258556455,21.024431699903175,15.024112809450708,0.007402202019245959,0.00926930368552203,0.0072694827624576,0.023721456048972193,12.027655353472323,12.028105389235405,12.028018067165704,12.02808626069445,12.00275974843991,13.003075349980449,0.00010758470756371475,12.002797650061398,12.002779919638288,12.002780029708651,0.002494159948283487,0.0004959409197507175,0.0024945131859583827,0.00249475070191573,0.002494638827915457,0.05010648010431703,53.00282790186954,52.00343140494122,18.026776532940012,3.026600831073238,15.026560232420175,18.02480169704671,25.027226806223773,15.024692729148192,24.026351080715187,15.025027265024823,15.024227040658177,18.02565397904367,15.02468581667557,15.024274262248047,15.024552821586138,15.024517133571473,15.024914864818264,19.025537798998304,15.02411165893507,15.024121868942697,15.024174485926999,21.001054747840755,15.026929340249415,15.036750363217687,15.024760196367843,15.024252838403948,15.024472860702693,15.024815549760774,19.029987015173738,15.024230626287526,15.024755429583607,0.024121264135587083,0.01019963852613551,15.024823728995703,15.024121424913803,15.024293087689424,15.024146074385893,0.024011171796627876,6.001826681579454,17.10332228536286,15.024111560629825,15.026505540684758,15.028949868649006,15.036246716874178,17.025997874481824,15.01470691524437,15.024142403455155,15.024125567035561,15.024154138469587,15.024200061385438,15.02418859483169,7.091926751422736,7.089404362941379,0.00032942372070337016,2.291784985077996e-07,0.0003294728070242435,0.00032938989714396033,0.0003291812882840253,15.024115189681032,15.024136313561788,111.01837503543857,45.00280030987234,21.024433679863154,51.00232524037654,111.034525425688,0.003094965199400383,39.0015606502692,105.0498577737962,0.012428368331702862,15.024145443853977,17.02411113715236,2.000149479264063,0.0030953354544374138,7.000160319540879,15.000181711590276,53.00282220920565,15.024136454522651,54.00809518450797,57.00761521132352,42.00690892928783,76.64622001597371,82.0446733376455,75.14164177063923,160.653888210256,157.95495348329962,90.01625176704502,149.05772987689903,82.18463826653114,79.26228192705864,76.6570078348279,128.43300225121882,98.03540634391562,98.03034394625885,95.0253657896038,95.02656350841713,1.0002917555326107,1.0163757241126945,0.008904869316173392,1.0069539498288422,6.003406955552406e-06,0.029119811922626585,7.000160244993153,43.00606578151602,41.0027032870826,58.00941536544683,44.0081593661132,40.00282385658943,58.00911344949528,25.00563019413777,58.00463811936724,41.00200551423641,58.00458125456476,38.001964787986545,50.0026624562584,43.004481472169054,15.0246886128289,0.00034697351164247886,15.024251109742071,18.02431502295227,15.024688650703418,66.04106835976651,74.10554195392208,80.1284469676653,69.11459046791138,0.0025493131700227755,3.900420168523778e-06,52.003226696104825,15.024266781123558,1.8019585997761782e-07,15.024831696135942,0.040411991253599726,55.00359630663537,15.024115371301686,111.03567388221296,15.025250740365129,44.004565335968685,21.024510948126622,2.4315211064408993e-06
2.0000012552092743,2.0000012525111512,20.000450744684255,0.00110843564010655,8.585051906134401e-05,0.00031353570262787216,0.0002636314872870948,0.04452820254279745,0.04473480389588675,0.0439632262089774,0.0004284357069509578,0.0003766831110059137,3.729193715860709e-05,0.07924113714219412,8.60854961624175e-05,9.858896291538486e-05,3.001756885316439,0.0014472245671880261,0.00024076070063694122,2.0000023285458,0.00036617149488757676,0.0003643926567449297,0.0007748736208779233,2.0000021787393747,2.0000021869201485,2.1113706183172583,0.04964893420226463,0.049378990795841696,0.046039274833073865,0.05010748094688949,0.04667085285395724,0.04808313028806951,0.048546730612783244,0.04823928831538932,0.044696135683534324,0.04454706411143315,0.04486265770068305,0.045400538789157376,0.04474364478014004,0.0009350839092012837,2.00000225744686,2.0000022848016727,20.000450745741702,2.000002164769251,2.0000087397343687,2.0000021672735633,0.00030240422269297017,0.0003068331616118176,0.00026776075496803,0.00045340622721512725,4.818540349367177e-06,9.95117967327346e-07,9.9461010325221e-07,9.944203327060818e-07,4.622702778745578e-08,0.00014105843062734943,0.00010529484154944773,0.00010520215712288529,0.00010459625049746918,0.00010459833564495575,0.0014468403146191086,2.413352404861207e-05,0.0014469872781585538,0.001447207393941514,0.0014471586117207767,0.0010640324056273782,18.000435247219905,17.000364673532868,2.000116347506223,0.00011126846131817617,2.0000779880180506,2.0000138622737653,2.0002354886810614,2.0000023848750534,2.0000587243579426,2.000009603405534,2.0000022353431968,2.000112171633459,2.0000033934050494,2.000002290532667,2.0000023812456136,2.0000023119233763,2.0000025978451466,2.000139977189499,2.000002200735394,2.0000023166360132,2.0000022137154065,2.000007799234803,2.000043498369027,2.000426569336869,2.000002198197306,2.000002199858193,2.000002189720554,2.0000025193034006,2.000217969580989,2.0000021888953934,2.000002449306334,1.0034892639527735e-06,2.4512563665442075e-05,2.0000021996488893,2.000002164611714,2.0000022110740785,2.0000021670759223,1.748988567886792e-06,8.515653730893304e-06,4.000059869795017,2.0000021628307385,2.0000141719880586,2.0000675112881385,2.0001745522178354,4.0011028197289535,2.000598475000495,2.0000021888020063,2.000002170658821,2.0000022146674583,2.0000022966313615,2.00000227099047,2.000000082223874,2.0000000769428024,0.000775449504025845,3.1240795039223883e-07,0.0007755970887566837,0.0007750807186302582,0.0007748839050483747,2.000002175914948,2.000002168496481,13.000364561620232,18.00043369592325,2.000008737786972,16.000411661073457,13.000364574759223,0.04423606290826391,15.000373640256056,11.00036458641838,0.04472662523546015,2.000002177357983,4.0000021679912,2.000000004110658,0.04423483034908489,2.0000000088687866,2.0000012288845648,18.000434919105682,2.0000021646095463,15.003725468599308,18.002543153359635,16.001873856966704,4.006488189371031,8.000303042350547,0.0016845168336623961,11.002143620952099,11.001831226828545,8.000363533460604,8.00918406998126,8.000378883322197,0.0016091649140457336,0.0017066819136942982,11.00178360939075,10.000111742004272,10.000111736811405,11.00031998173737,11.000319980765658,3.664835823170925e-05,0.00016826827074626588,0.00013384760458666695,0.00016419311760533983,8.585532084730699e-05,4.575764185441856e-05,2.000000005638592,19.00064111043263,17.000559952641257,23.000862004518734,20.00051062224962,16.000546761966557,23.000886540198824,14.000464142155455,23.000469016842764,17.00038722687297,23.00048055063801,14.000381773590052,15.000349455761594,21.000478922483964,2.0000021614667065,4.5433997234628286e-05,2.000002969219994,2.000003314533418,2.0000021622678243,2.0009533492704006,25.102019773356595,26.124201527156142,27.124541595733767,0.04462125871865958,2.99853773117422e-09,17.000442695766004,2.0000029675806426,2.1176230143263803e-07,2.000015906294408,0.0004626990887847317,20.000450571513394,2.0000021638411907,13.000364575737219,2.00001498880119,20.00022762434237,2.0000095456137577,1.0897804578637843e-07
25.00000403181003,25.000001744029227,208.2184949217894,4.000000151922653,2.568848748601524e-07,0.0008863260735088043,1.0000460545981107,2.000042615828716,2.0000383595464197,2.0000383628622562,1.0000389496173414,1.0000086821621406,1.9121634218016194e-05,1.0000244178162103,1.2414258072301512e-05,7.881907545304267e-06,24.00129472040301,1.0000249830612946,2.671406914344729e-05,28.000007437302795,1.0636363777434709e-05,4.114726365310174e-06,2.948731046837596e-07,28.00000463538683,28.000004425289678,36.94535602345233,12.93960440876167,14.653769429741688,13.27349193361589,15.724552402879402,12.160042595740448,9.068966842672136,10.210741190452175,9.06960127922519,9.20486893714861,9.207161156816063,8.230832396963713,8.222171834740621,10.203111012768828,3.0056608062493178,28.000010978784882,28.00001271518124,208.21863178318117,28.00000374374748,28.000003315321013,28.00000389083247,7.909649855673256,3.1000711489452515,3.0542696809689467,8.205307267354435e-06,8.901636473770198,3.0217150807503925,3.0173082147242987,3.0189678109054228,0.001270772225237253,1.0014574524780926,0.00023894774880911743,0.0014457957183221803,0.0013265334256025191,0.0013208084067498778,1.0000251957002202,7.677853209886599e-08,1.0000246486525053,1.0000247452667705,1.0000246637613401,4.256396229403258e-05,191.27735327601107,185.27735339690304,39.90085276285467,9.04930724212118,36.0150521373487,32.00654293435763,34.00437622657789,28.006695526144014,30.00779248551485,30.006497359209398,28.00001173932183,34.000528836445696,30.000018545412612,28.0000093983044,28.000020208758137,28.000021145011754,28.00001855304987,28.000017891120567,28.000005022785533,28.000020718797415,28.00001290921995,25.000001898760196,30.000008711751416,28.000004141675397,28.000003743589904,28.000003702198235,28.000003482838892,28.000007630937606,30.001067150921752,28.00000369488203,28.000006791015036,3.0000017423060266,2.0000011826912516,28.000003508377766,28.000003485301452,28.000003557357203,28.000003483006267,5.000371724538066,0.00021252174097964393,62.00586689490814,28.000004280025006,29.012804609237644,29.013180774780082,28.0081807460464,62.00493663598325,25.001080650572927,28.00000393243072,28.000004008729523,28.000018620706605,28.000022573968444,28.000016783472944,2.0000172485913716,2.0000171704269976,2.6847274552873017e-07,2.681047261324284e-07,2.920989909028706e-07,2.096149683005211e-07,1.1303759936191624e-07,28.000162765247357,28.000394661466416,72.00128561619405,168.00495830675237,28.000122219926944,168.00494465617007,72.00128557213061,2.0000479960533,172.25649978421728,70.00126994558318,10.20151381537304,28.00000380443016,62.2665243547733,36.2665220362221,2.0000477109784898,2.000016615847438,25.00000189187353,191.00652637598887,28.000469793863388,160.00001372605792,184.0000137154382,157.00001201054798,4.001199089247369,50.00126979102023,0.001260404671919157,70.00266561494504,70.0029215564992,68.00127004933704,68.00205093195119,50.00167303452738,0.001223328755845298,0.0013378955344824416,70.00069379732359,49.00128556181121,49.00128555701312,70.00126921048235,70.00126918465713,3.8295369629419544e-07,4.680085662673691e-06,4.233336205371575e-06,1.2854473146333708e-05,1.4835987439167498e-07,3.000001858316947,2.000016452734875,204.31306858019803,189.30446503609093,241.68834599386307,213.70720468134346,169.20604547066839,239.500586042777,144.4855834387809,220.10833706425706,167.40560405220285,222.36644809560818,167.39815063357605,168.55679863096861,200.00499852346067,28.000003386425234,0.07947254343714968,30.00000329673141,28.000494266338553,28.00000336022876,28.000121858675755,181.0495191726727,154.12415130460377,177.04919783133815,1.00004803304003,0.00012476330391357645,186.00493380082193,30.000003282137435,1.5681752663229696e-07,28.000007501647712,5.389630686626263e-05,208.10878130926255,28.00000411254999,72.00128561527805,28.000014362105247,200.25632618947657,30.000373843775844,2.1929128170678037e-06
1.000001506669483,1.0000012482010112,2.136333443780176,1.230538270918667e-06,1.5279626557912182e-08,1.7230981740595585e-06,1.0000649991966075,2.000054485450253,2.0000500168322373,2.0000301872461335,1.0000456116938363,1.0000315086598188,4.382755774895104e-05,1.0000425899587753,2.4361513286677155e-05,1.6619820793350206e-05,3.0006497010132707,1.000034032653773,1.750761255258147e-05,3.000628453257511,1.653336202718926e-05,2.57825170892124e-06,2.837402799327319e-08,3.0000022998480795,3.0000023033740155,24.544432905207252,17.993495829210204,23.015628828959574,20.617070231722696,21.084795140600658,14.177619994363761,14.102769056558808,18.55668392897429,14.105424140776032,17.551100515638353,16.548040304143694,16.58243623175872,16.57285252885402,18.54749518696593,5.018107145168911,3.0010465897692886,3.001214602368959,2.136333612483755,3.000002083183805,3.0000029573748046,3.0000020902461113,24.469075355995905,10.167691602367531,9.079269889456297,2.0937848575754257e-05,23.36493738998174,3.5890729437955016,3.480930535156602,3.522602201237719,1.0013055349678661,2.0127069955083843,0.013500269983582374,1.0122086117145117,1.0053919731455723,1.0050166108210288,1.0001942515159365,1.6589660427150376e-05,1.0000328923198565,1.0000514397317453,1.000033502568305,7.564623814538526e-05,2.136652021089111,2.136652100981352,23.39756668230278,6.2550621185565785,5.451596026409853,3.2188520914484773,5.156320524009243,3.2257436167028386,4.241381609053042,3.2175462253686318,3.001129429552446,6.004053095830279,3.0016313426282872,3.00089590009969,3.0018965811119576,3.002054782630139,3.001815297536497,3.001730760615483,3.000002458269876,3.001917472234784,3.001282937294439,1.0000022351503746,3.00002840144807,3.000008974834528,3.0000025208034993,3.000002846115837,3.0000024270471073,3.0000111962186593,3.0018682444580014,3.000002309688266,3.000009262459347,2.0000009327335526,1.1255223763533905e-06,3.000002548091956,3.000002065502289,3.0000021343379824,3.000002098071632,2.0000013009166118,1.500973131574871e-06,4.13566939643557,3.000002182801244,4.0018949153169,4.0020610331251705,3.0020170222654836,4.135367464954661,1.0016271590513206,3.0000106405613587,3.0000068919532925,3.0018317957327527,3.0019724698654002,3.001570127877388,9.614617390094506e-06,9.598419278578477e-06,5.5093165996226934e-08,3.801175981288873e-08,9.847531417437894e-08,5.340436965789338e-08,1.1731318207086095e-08,3.0000022319387014,3.000002353271321,2.000625682943688,1.1353804168805592,3.0000031783632632,2.1353723313864292,2.0006257250942543,2.0000655552906226,2.136531105768598,2.000616521231769,18.54172589533555,3.0000072236431716,4.136586378480712,1.1365844221144337,2.0000608718397803,9.37445096615517e-06,1.0000013334123685,2.135373634934692,3.0000026092202643,1.0000101573595108,1.0000101547023905,8.909376327846395e-06,2.0009187228582546,2.0006164411285505,1.0010774877473743,3.0016679000075053,3.001651630533284,2.000616451092142,2.000875455215062,2.000617952599974,1.0010504848957462,1.0010391065338415,1.0000500550115616,2.0006257116513244,2.0006256951889823,2.0006163493994777,2.0006163473632386,3.747950576727031e-08,2.3294929906180737e-06,2.124866013157751e-06,1.1386494364210747e-05,2.0324211400131507e-08,2.000002148365993,9.404472885592675e-06,2.1367073381202317,2.1365947167976462,4.138467999164828,2.1385591594002524,2.1361599038274672,4.137465242176606,3.1373861950571365,2.135774154781159,2.137039518701621,2.1368489002917346,2.1370333604201686,2.137804205387687,1.1353730633443901,3.0000020289204388,1.7488432939038299,3.0000021696493717,3.000002768186662,3.000002038545025,3.0000544815938475,2.135714183055105,1.0007161625220529,1.1357849850079018,1.0000661849122983,3.315363791842976e-07,2.135364751534088,3.0000021500733096,3.49029139269219e-08,3.0000260448656,7.595681575019002e-05,2.1357744452133036,3.0000082067651705,2.000625727807722,3.0009798995004493,2.1365328061120517,3.000004180347795,1.7771274497743912e-07
1.00001105309018,1.000010824061427,2.4205250197597996,1.2132938966517149e-05,1.6216647822846747e-08,2.8640684534920805e-06,1.0003257078650492,2.000461182958218,2.0004396357438106,2.00026994492054,1.0002857697776937,1.0001905270603297,4.375298355813482e-05,1.0001992415307115,8.881804685507707e-05,8.274755854188876e-05,3.0011823100483106,1.0001520374129593,9.934102109121169e-05,3.0006646886842576,3.250321706008841e-05,1.852167387236913e-05,1.0892883899982862e-06,3.0000420201030256,3.0000420236440735,23.841879488050747,17.89875378349015,22.4909307731356,20.110624079541402,20.603586447596236,14.164295512339583,14.022703798923358,18.04830831036843,14.022787874514712,17.047468370394608,16.044134443757912,16.067056337749595,16.057797307365128,18.044127261352507,5.007596301584427,3.0010791143065387,3.00124541636099,2.4205256712047163,3.0000418035803826,3.000049762851621,3.0000418106342606,23.504123164694814,10.075654168147612,9.031076479878678,0.00010667039282838769,22.402529015601765,3.5670767103695304,3.4637666003448313,3.503619325976507,1.0016697656310982,2.012879658500304,0.013283476600038141,1.01239405857312,1.005703817994993,1.0053348234544268,1.000311586826766,1.6760591023207018e-05,1.0001507876136486,1.0001693054647915,1.0001514018305688,0.00016435600760747072,2.421764706220013,2.421767310569437,22.43446007675564,6.201215373800999,5.435267545500093,3.2117258714256764,5.151600319275573,3.2184435993564775,4.233136548482995,3.2104995267031446,3.0011611908663474,6.003728611042976,3.001688490237852,3.000929413828101,3.0019187719235574,3.0020761011600814,3.00183966078039,3.0017616919180976,3.000042178508696,3.0019403018287862,3.0013130582035217,1.0000189122948857,3.000154849740196,3.0000608377392406,3.000042017541749,3.0000420664161473,3.0000419367947377,3.000045134887399,3.0009695119158204,3.000041856647843,3.000044403926595,2.000031079306303,1.4231690422021467e-06,3.000042056721542,3.0000417819925818,3.0000418407939167,3.0000417768259964,2.0000319349599107,8.72659076537697e-06,4.417295934287875,3.000041903109679,4.001038020361891,4.001617311977509,3.0012354351122945,4.41679994167574,1.0003964101477265,3.000050342917238,3.0000466045917373,3.001855693092293,3.001994691621306,3.001597093850261,1.395828076748262e-05,1.3927824014636717e-05,1.1160374629153694e-06,3.802994908053402e-08,1.1594286381835577e-06,1.11432855865395e-06,1.0726449585610896e-06,3.0000420817606828,3.000042585341714,2.0010102673559453,1.4167786708272572,3.000050053678864,2.4167758572352662,2.0010103429897073,2.0004548995991502,2.4212934997454028,2.0009970806407127,18.038605567578802,3.0000469310134448,4.4215571580353705,1.4215154961228738,2.0004502504286807,1.3477082448860076e-05,1.0000108797939886,2.416780907730456,3.0000429713080314,1.000044665016386,1.0000448362575918,3.310910025436918e-05,2.0011164266969472,2.000997019138148,1.001316256575234,3.002288647403677,3.002284899772139,2.0009969281388047,2.001860007640052,2.000998792079625,1.0013031191386006,1.0011095158338246,1.0003193325931945,2.001010322854643,2.0010102974744632,2.0009951778247563,2.0009951761816014,2.8926397014547054e-07,1.0549587597506707e-05,1.8926060459156878e-05,9.298527074953853e-05,2.2241378348530756e-08,2.0000417157288157,1.3507102763759018e-05,2.42183431957552,2.421543835909352,4.42890056132611,2.429228467686147,2.4197054886943725,4.424975333788371,3.4246506096098335,2.418347412601967,2.4232782776741724,2.422546195188681,2.4232741917836322,2.426255929483725,1.416786638185344,3.0000418060720038,1.6708671994652182,3.000041923786619,3.0000443153817113,3.0000418156945012,3.0003719407996052,2.4174288458054,1.0019127017661547,1.4175631779827613,1.0004000508566473,4.210022503966385e-07,2.4167693242332504,3.0000419103838056,3.491463749883411e-08,3.00006966232823,0.00016634741973076548,2.4183460881373096,3.0000479235974296,2.0010103470470244,3.0010963250182603,2.4213139969182023,3.00005144371634,1.7771112419673875e-07
1.0000025123326743,1.0000013605314413,2.148899115827204,1.3485306883980841e-06,1.0034238607568054e-07,3.3689806625360344e-06,3.000176948295723,14.000165605526552,14.000189164666905,14.000107664587615,3.0001276533831365,3.0001029720437393,0.00015728245204021422,11.000162567424738,8.30089414658732e-05,5.967818780319999e-05,5.00066152194143,3.0000347327234644,1.7584156585251428e-05,3.0006529261654538,0.00018941253161171783,5.583337463161924e-06,1.3414351026122418e-07,3.0000037156587718,3.0000032600449615,137.0260508230568,107.60765945316207,107.39700776860444,107.46398625846868,110.37445681924594,89.82130477911137,95.58580687252332,105.4071018529744,95.68024042825296,98.27090908126155,95.29242287894527,87.86137092261062,90.8345055918036,105.25398187638666,33.52721666143511,3.00109708513997,3.001276928409529,2.14889902402092,3.000002425931477,3.000003104136192,3.0000025742060745,66.88751185223742,37.661700684183806,36.234408565197086,0.00015564978612587644,47.72602439672694,3.745479433882501,3.6035996020624195,3.6579719783130926,1.0013451529094837,2.0141099284141255,0.015092464175752465,1.0135219682863852,1.0058156180626063,1.0053959072169147,3.0001988270857955,1.6744331781096714e-05,3.0000335593219165,3.00005236974642,3.000034176539839,0.00031956323434516375,2.1492172564244383,2.149217336936758,47.75960826430946,6.629807938353067,5.56676706776983,3.268921322355792,5.189787504680411,3.276976365303241,4.298081118641572,3.2672427574619967,3.001185559988211,6.005247999928497,3.0017278114490575,3.0009377727934226,3.00201582263649,3.002183692493028,3.001923271126642,3.0018319353511873,3.0000038517837537,3.0020356427592483,3.001350192295442,1.0000024272700574,3.000029689043702,3.000010081558129,3.0000040825774037,3.000005323762098,3.000003749667921,3.0000374635692952,3.0050571005928393,3.0000034259978143,3.0000301385449673,2.0000012609695506,2.3123920403607247e-06,3.000004017448673,3.000002410962668,3.000002520462493,3.000002492669879,2.000001515376594,2.0094096905410033e-06,4.148472414388659,3.0000029076233394,6.005101005191849,6.005558743778867,3.005450585038388,4.147932736332778,1.0016779451267668,3.000010830459084,3.000007050326388,3.0019424346861894,3.0020948713874027,3.0016593910645923,9.716364353012223e-06,9.688843886740165e-06,2.5808349272032005e-07,2.148190956071983e-07,2.3022822827576631e-07,1.5179234615546342e-07,8.759447523650373e-08,3.0000024637575677,3.0000026597652507,2.000637692341712,1.1479455773031055,3.000003390076303,2.1479376396923495,2.0006377036919996,14.000243371096996,2.1490962232042636,2.0006287684641295,105.22192687600337,3.000007373955637,4.149150846607741,1.149148840024619,14.000212150186972,9.542315495072e-06,1.00000146731911,2.1479390179308004,3.0000030022173227,1.0000111844704371,1.0000111680641357,9.822212615259512e-06,2.00192579122286,2.000628327015407,1.0019556384873152,3.002542829534741,3.00247359036348,2.0006287382773147,2.0007470689205737,2.000631800328093,1.0018833716835758,1.001879495448241,1.0000572371920995,2.000637648263033,2.0006376541114745,2.0006282600525527,2.000628260376328,1.3196644025201087e-07,3.320671421045664e-06,2.3943978882434532e-06,1.2380937261423632e-05,1.0324919907168124e-07,2.000002260296357,9.450243611575266e-06,2.1492312054387637,2.1491597911771807,4.1510318117721265,2.1511228941181817,2.148683136683193,4.150028891765348,3.149951526939739,2.1483394207850384,2.149604538815785,2.149412616779109,2.1495981308366354,2.1503695630597335,1.1479369007291058,3.000002225557991,2.3330739700843295,3.0000022964398796,3.0000035466845305,3.000002242552467,3.000038735832041,2.148548782508499,1.000945195640922,1.148578186949127,11.0002499916048,5.296649691317347e-07,2.1479294785319007,3.0000022672970066,1.200067243087879e-07,3.0000266681295544,0.00023973222346315232,2.1483397066574805,3.000008494135594,2.000637704745243,3.0010096677182783,2.149096454225363,3.000004531412042,1.4462549889431718e-06
1.0000016054621808,1.0000013462957504,2.14889867572476,1.3298312039970403e-06,1.6294408992890804e-08,3.3561019713203085e-06,1.0000660531767156,2.0000554604499468,2.0000512938906714,2.000030652427738,1.000046239148837,1.0000320765173927,4.4940676650725915e-05,1.0000437593264744,2.4772442014962076e-05,1.6864555140728522e-05,3.000661486877412,1.0000346999590546,1.7543593160075105e-05,3.0006528780345953,1.8189449101691526e-05,2.661118545471088e-06,2.887273449255442e-08,3.0000023966202343,3.0000023996038356,30.22790862562664,18.73199346461597,27.94935069086472,25.321508030962256,25.922065466224105,14.358329060135343,14.674261680068126,23.240580388840538,14.713165252063618,22.21860912610519,21.220416250356827,21.415091077892335,21.401149133787246,23.211905044232253,5.16600593518306,3.001096950897705,3.0012768781733743,2.14889884427904,3.0000021787850426,3.0000030668872677,3.000002185919533,29.841512121018898,10.614902509765884,9.218184748848966,2.2376010008262164e-05,28.726024360103178,3.7454793944245175,3.6035995737806448,3.6579719223292395,1.0013451307410224,2.01410990775864,0.015092429957975424,1.013521943745526,1.0058155891891807,1.0053958647567725,1.0001987881563519,1.6729879108048735e-05,1.0000335477623723,1.000052348183964,1.0000341650830002,7.910962967121594e-05,2.149217252721361,2.1492173320970855,28.759608154405257,6.629807785328934,5.5667670144441335,3.2689212715460547,5.189787448763548,3.2769762954552175,4.298081014352245,3.2672426587534504,3.001185477244384,6.005247905821102,3.001727692843718,3.0009377341950363,3.002015710952156,3.0021836065469794,3.0019231574731915,3.0018318103169097,3.0000025551812595,3.0020354750115295,3.0013500805519917,1.0000023473010053,3.0000296619342404,3.0000099483012264,3.000003892861613,3.0000052253337053,3.000003615812972,3.000037296594528,3.005056795851212,3.000003206812006,3.0000299894968445,2.0000011349388944,2.1725231295648375e-06,3.0000038948492196,3.0000021821720724,3.0000023610071906,3.0000023931677338,2.000001304344362,1.8394558531954526e-06,4.148472397390522,3.0000022787391174,4.005100899184058,4.005558631441653,3.0054504585939985,4.147932418684207,1.0016778667456128,3.0000107812254155,3.000007006781492,3.001942361565029,3.0020947691632993,3.0016593044389133,9.639723385003801e-06,9.623521413181844e-06,5.5648319430101806e-08,3.806758418004848e-08,9.901121468060199e-08,5.391233343069232e-08,1.2219078356156384e-08,3.000002327569534,3.0000024489296337,2.0006375713667164,1.1479455755077972,3.0000032880426684,2.1479375628439046,2.0006376135159063,2.0000673631550354,2.149096197427008,2.0006283847341013,23.203221330982746,3.0000073404565097,4.149150776589007,1.1491487247939338,2.000062258776177,9.399594005858065e-06,1.0000014315507209,2.147938866632795,3.000002705228303,1.0000111834453096,1.0000111667140534,9.82125980813641e-06,2.0019257833489448,2.0006281275897613,1.0019556315718168,3.0025428208003038,3.0024735785957883,2.0006283120853943,2.0007470570318957,2.0006317758561094,1.0018833620976544,1.001879484278846,1.0000572237698864,2.0006375986165406,2.0006375821585336,2.0006282003091758,2.000628198273289,4.0207177322255495e-08,3.2502195829761203e-06,2.325837263827851e-06,1.2313810601101293e-05,2.1341253002864576e-08,2.0000022438318097,9.429584102536577e-06,2.1492311967718845,2.149159781523,4.151031803040037,2.15112288667187,2.148683129667335,4.15002888423863,3.1499515106916554,2.1483393920121543,2.149604451961488,2.1494125267956723,2.149597922010825,2.150369436403458,1.1479365919069067,3.0000021244239488,2.2878726122293176,3.000002270919296,3.000002866754976,3.0000021340534953,3.0000385928599864,2.148548776886253,1.0009451891688872,1.1485781797020531,1.0000680460978169,3.3182758448243465e-07,2.147929452901572,3.0000022513302436,3.4926232535753804e-08,3.000026592298813,7.832664382002203e-05,2.1483396769311,3.000008329618282,2.0006376162203807,3.0010095846164146,2.1490964311616567,3.000004297353231,1.7895524852365494e-07
1.0000085691807652,1.0000068909885542,2.0527232887448323,1.157854043689887e-06,1.3980604517935066e-07,5.258269343192319e-06,3.00029934290765,16.000318003373966,16.000372003765126,16.000238445590092,3.00023590855778,3.0001531873227756,0.0002544132071102836,13.000272248885091,0.00011794643765486172,8.45094440325315e-05,6.000451760006401,2.000043626320866,5.694818057769313e-05,3.000630465165907,1.0002599158301648,1.000027884889128,1.6312207056670283e-07,3.0000095194020635,3.000008716902778,151.98644083510754,125.53253376308021,123.27468993317076,124.45692956533011,135.02567987342113,104.79499792688095,118.59363661908021,131.07656241698817,118.69521416984719,119.31416702528186,114.29620853056188,106.87142522356805,109.84129456430314,128.28199154314152,43.55336708813931,3.001045022078991,3.0012112371448523,2.0527230234383698,3.00000782961848,3.0000081203738644,3.0000080798370434,75.7014210739408,54.23209131959795,53.074049340770486,1.0001965980951668,45.47202203576672,3.5666149828958833,3.463270318510123,3.5031357652130315,1.0010874495431457,2.0122974357722287,0.013269237790349032,1.011808330260111,1.0051187068581178,1.004749665165183,2.0002033650630717,1.660367129361388e-05,2.0000425035644933,2.000061027697191,2.0000431144424526,1.0004721101502794,2.0528252740279824,2.0528252487645555,45.50669998335491,6.203735499836613,5.435249157184764,3.2117495005860386,5.151579871729035,3.218478693476028,4.23533190228008,3.210528443084378,3.0011269969026797,6.0058108429024255,3.0016490126094015,3.0008996106465124,3.0018944261528984,3.002042035486576,3.0018055739459752,3.0017251368976914,3.0000096274660875,3.0019062872215625,3.0012789853368145,1.0000076730445855,3.0000951890150698,3.000013773443794,3.0000079727270004,3.000008075282252,3.000007860866643,3.0000133633231116,3.0013526006201316,3.0000078633755063,3.000012090444226,2.000000838555995,1.2296430541192503e-06,3.000007948940944,3.000007720481518,3.0000077162719974,3.000007631117622,2.0000012420445232,2.8148344404753813e-06,4.05280333550444,3.000008247230938,6.00134032358151,6.0021417945862865,3.001999856033761,4.052387253189104,1.002651069710975,3.0000161033166948,3.000012354267307,3.001821621174196,3.0019606802869507,3.001563003245356,6.929655472463073e-06,6.920786380131027e-06,3.329244906173331e-07,2.5334224113092826e-07,3.3441800049265723e-07,2.3229622118390243e-07,9.644013346034122e-08,3.000007792007221,3.000007910223851,2.000415823678558,1.052412766035741,3.00000843025683,2.0524130718599563,2.000415815380783,16.000459979965104,2.0527863236117736,2.000409694764145,128.23981298192368,3.0000126695013463,4.052778366779868,1.0527710573798021,16.000380719937006,6.905177573072914e-06,1.0000070051684713,2.052413653838187,3.0000082033968596,1.0000429927740142,1.0000430838001362,3.616631682657236e-05,2.003048772761887,2.00040937087396,1.0031403725151293,3.003525196418309,3.003380904236058,2.000409461927442,2.000820815144649,2.0004154660284605,1.0030394865776022,1.0030499557099222,1.0002613221541827,2.000415053282633,2.000415056579388,2.0004083843974074,2.000408378591129,1.5559244483033597e-07,2.6492356179722993e-06,1.7374127806187578e-06,2.6337819027701348e-05,1.7003905248874424e-07,2.000001754892442,6.7706381458348516e-06,2.052898933575401,2.0528068587307633,4.053478024793171,2.053465507354583,2.0526734727711227,4.053115001532585,3.0531019224900366,2.0525426384948826,2.052948439484756,2.0528897049424155,2.0529248302490415,2.0531965796511833,1.0524081844484616,3.0000075509224464,2.999081801756049,3.0000075880547037,3.0000085804434975,3.000007593959482,3.000209255590246,2.053225488814997,1.0009999026271381,1.053276214480018,13.000461478401654,5.992632698181808e-07,2.0523870409267473,3.0000075595679,2.3620431335888578e-07,3.0000286615256777,1.000318966436289,2.052542603461372,3.0000137974777075,2.0004158179508824,3.0009633790885792,2.052787069903739,3.000009478604939,2.0846101009889276e-06
0.0020497974893268723,0.002078800973523765,1.0380561258272203,0.02675407228779349,2.2122149848052067e-05,0.0007823249591952393,4.004174255851031,16.0100219867424,16.00789564140401,16.002947794152146,4.003122268334285,4.004477271046516,0.00015728124263277252,12.02582721115012,0.0015347136474204452,0.003738957901313401,3.041338490180412,3.006525089996629,1.2216402344019749e-06,0.0035732733819800293,0.027429331699646682,0.026756183643874717,0.004009297355030453,0.003573761321564531,0.003573832113886052,124.87430484159081,109.8642841648416,110.69011188932132,108.53128922599373,115.5647597110389,95.8214971371345,100.60656544801618,107.90740016130412,100.70961949178816,97.16191069547723,95.1198252391713,86.22493967684817,85.69963030686944,105.1230330746319,34.56397166743759,0.0035765893545072207,0.003573915476046848,1.0380557324988855,0.0035730111851910466,0.0044412061454175734,0.003573165493716141,43.113623814575895,32.1339830107734,32.06990597011872,0.035136385857392635,21.00202662304671,0.002016971306846847,0.0020146308706892454,0.0020164742471515435,0.0004551847299003175,1.0004627935089072,1.1092982653656333e-05,0.0004611065948963744,0.0004602195601474724,0.0004602338211005727,3.0064996557607397,0.002982647257999384,3.006502681986375,3.006502022556108,3.0065015030158873,0.05586615674380325,1.0340926274749906,1.0285898949787549,21.017189134103006,0.015149378580440546,0.01988240681380953,0.011736644508367833,0.026466845275102385,0.003788884920618296,0.010662678013905297,0.008090686949072844,0.00358226734874858,0.01663629440034653,0.005512490360853002,0.003618398726351102,0.003681865506300477,0.003598928168798807,0.003626540293508803,0.004553803574589609,0.003574112942836505,0.003573859930033839,0.003576797276777929,0.002930663088147132,0.018684236938392926,0.019484334452557588,0.0036445160963095454,0.0036369408528527294,0.0036221975388489574,0.004236501472750674,0.05599530019026511,0.00361463087554053,0.0041054297736357655,0.001547382573267013,0.004501976467246651,0.0036477332034033417,0.0035742042434765493,0.0035883553425045765,0.003580202142694569,0.0018255562790889315,0.004130824681281231,1.0129292251953936,0.003573401644075482,4.041067578908726,4.054839564539876,0.0881002447635613,1.028679766128163,0.006986649168211405,0.0035772422321618015,0.003574252160232361,0.0035756968645277833,0.003578463302216851,0.0035776580498952937,0.00022033619147699302,0.0002083784955475392,0.004015063328770582,3.2377409285268085e-06,0.00401657295136397,0.004011451850463383,0.004009464494121008,0.0035736835041608084,0.0035744311465599732,0.10953212709205723,1.0319510300886514,0.004420799403861703,1.0280385747610379,0.10956009068435626,16.007976536999156,1.026378925503283,0.1095735029661971,105.09759201842445,0.003578585178417786,1.0035733888656992,1.0000095463542622,16.00792996283053,2.0404593447328188e-05,0.0020488355120880835,1.0339799131130214,0.0035745061397602497,0.07954894177546835,0.088338352842291,0.08260377973603485,1.119164189115849,0.09744390651572431,0.11479606845887008,0.21968433089901468,0.21004698912015152,0.10561953644389221,0.1692231747162931,0.09800268733132869,0.10855195386616479,0.10719713550312493,0.19086368491587824,0.10953677892412315,0.10953566230220069,0.029471282624412228,0.029471605452496916,0.009405312291470808,0.0581615126034985,0.03359847050130777,0.03199090229713607,3.677657062362343e-05,0.005805318994767465,2.0230465994339285e-05,1.0588606680109836,1.030374452863469,1.0797279086618132,1.0712556905237358,1.0319206288646212,1.0838435705908693,1.0563062257016904,1.042688790196026,1.0234190307944393,1.04547475975601,1.0285128603760298,1.0247267977041867,1.0433115003904756,0.0036067858157708436,0.07384404163729101,0.003887848322858011,0.003724978370171473,0.003606822756268813,0.06880461890958788,1.0368923139168589,0.038382683245513353,1.0422819968015402,12.006890933852022,6.621681758414218e-07,1.0361349592871856,0.003893139184914818,2.167357281117249e-06,0.00962555298321299,0.039818980965059515,1.0379914739962708,0.003573061571449857,0.10956089204175597,0.005515812343768155,1.045459024729829,0.004718384267698902,1.882394699012628e-06
0.0020224697961756075,0.0020396603062959187,1.0236033602193961,0.017676973655621632,7.691969837487452e-06,0.0005646777607649594,5.007312763857478,19.014369051598635,19.01246532104872,19.00371672097719,5.006606994200546,5.009311056441329,0.000296136875402348,14.012414179072739,0.0033786861861388163,0.005567763227354182,7.014108473664497,4.0029999071211035,1.7789874748453591e-06,0.003432956664398072,1.0066868219875738,1.0062324605501776,0.012321135921019136,0.0034346212084680793,0.0034337722365244414,159.1239550367038,137.25545763406984,134.61449157084192,137.57152433397653,141.9500564199021,116.72429288985718,126.60759072515992,136.90833754460982,126.71064821594612,124.14070976348788,118.12452360664398,111.7298151249504,113.68193811997475,134.5839160042122,53.56347140796344,0.0034360653096167358,0.0034334785792619338,1.0236029554114872,0.003432834961480313,0.0038628092829628732,0.003433220562245522,69.26431775625619,56.23243046110764,55.078626554858296,1.0158355626297393,32.00187510199225,0.0017715344435380988,0.0017694811212755357,0.0017710975532148072,0.0003270821084790902,1.0004282419723949,5.3831941165653e-06,0.00032906506821670666,0.00032825867381252184,0.00032828185421839034,4.002994080661757,0.0005737086515622764,4.002994555830653,4.0029949122458675,4.002994718532371,1.0260128848299233,1.0154841306417373,1.0178039886036565,32.00786531471046,0.005759871632502328,0.01051186150995705,0.005190724002869864,0.010490690985518906,0.003502214608313876,0.0069227597223337125,0.00534082444287093,0.003440643252674928,0.007610762073217021,0.0052686364731022615,0.003449615829986414,0.0034785193442476944,0.003460766819375197,0.0034957286323359336,0.005593992382598951,0.003434361660949829,0.003433321082701204,0.003436253267057385,0.0024630887324806924,0.005806681653357162,0.011494666218293018,0.0034722587697879293,0.0034449884490381283,0.003455492732989356,0.003519352961909574,0.012347841292971819,0.0034395345869229405,0.003506204708067753,0.001426220596593124,0.0007017088061548451,0.0034757463651198155,0.003433428635572377,0.0034414004950599625,0.0034352307015552207,0.0015594007017565707,0.0011847700357900891,1.0076634620439424,0.0034334865547304898,5.0058249493782805,5.008645652225219,0.026129405577522004,1.0210816173787922,0.00318333260170085,0.003434707403162634,0.0034334311136946546,0.003435056552641137,0.003437711509106617,0.0034369789714022016,2.798783438802049e-05,2.6705694232149045e-05,0.012347182149005424,1.4083125256350296e-05,0.012353818873008633,0.012330787771056284,0.01232191859426138,0.0034330245812455,0.0034342201969221665,0.02046595361619368,1.0133989407822284,0.00384311661311703,1.0086671769924886,0.02046892062140907,19.012716478600016,1.0150116813169003,0.020467064183142487,134.05875695149035,0.0034350453045520145,1.0034342906743612,1.0000102380213156,19.012629214791357,6.576200140209562e-06,0.0020207643156146945,1.0154136830331921,0.0034342633120886808,0.05074774625464926,0.0565221636108857,0.043340499757925435,1.1147489223154805,0.019270735712216734,0.13426834901954215,0.16267344222022082,0.13933613436143993,0.019047256919389532,0.16934315230478875,0.01979160267066423,0.13902659037265624,0.11492751584284137,0.08011964946679861,0.020468036353973606,0.02046729600431473,0.01822121599754518,0.018221237099998913,0.0009252374031340562,0.024638798890283545,0.012235213138456274,0.015324099372635326,1.2621751359223508e-05,0.0037378333695282646,6.383906005333891e-06,1.041195224248567,1.0231451389342658,1.058676027525875,1.0527470273210364,1.0248828007071966,1.05660426183775,1.025875456588427,1.0331921057345923,1.0229712026599418,1.0361919744104162,1.022895676028931,1.0098275491870636,1.034091163242996,0.003464883265011995,2.985017104963126,0.003583782078005315,0.0035509769348393825,0.0034649368257483213,0.05198318988171188,1.0263704606316522,0.02974364947703755,1.0346778091765363,14.00838148424018,7.394143378180859e-07,1.023351853186986,0.003584962186602544,9.583195820788985e-06,0.005115424988195254,1.0297070867426816,1.023576301261194,0.0034329060181614297,0.020469012704550926,0.004731454827867915,1.0361617223845228,0.003989606539796301,2.283846639618034e-06
0.0036348641282877435,0.003817421394599871,1.0382171355099827,0.015340046304988364,0.00012982045463626267,0.00032960738772044835,4.006434414973925,17.010973810825483,17.007979264995022,17.004429865535446,4.006488661302417,4.006838725384244,0.00017317329407842618,13.012222205999908,0.0008233117770898707,0.001750785137705718,3.0381419311490925,3.027755396051736,1.779080434215375e-05,0.01152989356019875,0.0422857749631583,0.039695802692688464,0.0016413185718768715,0.011528803896056952,0.011528644783028856,135.89416560223088,119.70246250723568,120.42253029615314,118.21434840247721,125.37905443976305,103.38831491756281,110.48985747895193,118.81938543568862,110.60152445907416,104.80263834334791,104.55395434458141,93.53920571220343,95.31003261853414,115.78484386526041,37.819771308441524,0.011546025836992338,0.011532734480373185,1.0382166692087147,0.011528029075493242,0.013591284289460432,0.011528185816022047,47.321306559358675,35.328938842544254,35.26201274820967,0.10957590339943966,23.011324530935727,0.011389916444441648,0.011365805918577325,0.011384627082761898,0.003105204558931574,1.003140435512177,0.00011187896241945502,0.003139664948198767,0.0031273257668132277,0.003127468322032612,3.0277347595586046,0.009698731080931259,3.027751043344314,3.0277501077113653,3.0277472317581497,0.16265413295033854,1.0379902905911984,1.0381041511465936,23.02049252423139,0.016860736880056088,0.02799653327585983,0.01511046676473349,0.043520079594742335,0.011878701893713704,0.02858447726279559,0.025797847325692277,0.011575203188765348,0.019775080928964985,0.014989704653212652,0.01159395777355593,0.011706869298504383,0.011652168159308,0.011776146094393177,0.01282209769091186,0.011528962143224316,0.011531161569539691,0.011546967323575531,0.0058230804038129965,0.050773442506362586,0.030935423137258302,0.011791977591972333,0.011689229703892648,0.011694887301533384,0.013082319837715024,0.11300647280244024,0.011601827031372688,0.012787051763283064,0.007971731720890843,0.0034360164076115973,0.011809812244622239,0.011532048935208275,0.01158777706269263,0.011548913933202388,0.008028808408900343,0.003869171865049838,1.0359004959584934,0.011528275776956953,4.0607958398581765,4.1290495178321756,0.25060652520415444,1.0209307001040344,0.028642661744786243,0.011539723050486473,0.01153266863113815,0.011540999266833638,0.011554895082471112,0.011551271462409795,0.00041942427363437867,0.00041667815916515477,0.0016430546417358165,1.0870330801972611e-06,0.0016434958752842284,0.0016419629338138145,0.0016413409835425365,0.01152920949270323,0.011535322009005238,0.04201814505333976,1.0345481763435955,0.01353903580842067,1.037437832344244,0.042024602760028715,17.00832430754115,1.0244123238180771,0.04164886717563484,115.74663357610915,0.011541617227360516,1.0115344689800871,1.000052012967044,17.00827066799315,0.0003724785729832345,0.003633792520446276,1.0378099733631136,0.01153539373102256,0.0536619288145392,0.05185068350772627,0.04526735546030651,1.076470289378741,0.012369035855954507,0.07702602281964303,0.10683354220462854,0.11216570521783277,0.04002228922864341,0.13877440628011303,0.012641510872111147,0.07364479545973449,0.07312765482874331,0.05796631403045165,0.042022880759718745,0.042021183331986574,0.04073134412924952,0.04073141514411174,0.0008868157359440717,0.2223372202626178,0.12672303076883007,0.1457191569416473,0.000213285516057501,0.022086174009458465,0.00037230426851735045,1.043519459474939,1.0246850032532808,1.0555332292815613,1.0447000684247412,1.0242110055566451,1.0518632132047125,1.0505448496285785,1.03856792875151,1.018273567797743,1.038613390519924,1.0111060567950982,1.0378155027096498,1.0348487710262824,0.011701531182480674,0.1089122856635179,0.011718091474555126,0.012747283211177098,0.011701565463733821,0.03648780194585743,1.0376326944429224,0.051131771548882356,1.0478750288447194,13.00524869304639,1.4528945361255567e-06,1.0244527401514563,0.011739044375040728,7.137672696738969e-07,0.017433089567031813,0.11208100226035311,1.0381376265240994,0.011528875763534306,0.0420249345061244,0.017726114726425532,1.038582522881864,0.013669913958735985,1.9824260577506197e-06
12.000235831010087,12.000282574453292,32.01449468178915,0.001475349914571986,3.295685236878829e-05,0.1737161097467948,0.00623149893138246,0.013117126775111702,0.010550031866642487,0.0018055382375869885,0.0018585480493330732,0.006537929803140777,1.5106006037904364e-05,0.05505008020123145,0.004727105970641371,0.007596783074994911,21.049865503280387,0.0026162531220721534,2.3403390925282947e-06,12.00571330552224,0.01628374009495634,0.016142722939588926,0.00010810853269501413,12.005713503924229,12.00571306037708,0.12362358997605967,0.0938336362176228,0.01607188480151555,0.09024345750559976,0.09685368891441207,0.09301516570467963,0.09569597471184979,0.09674828822770594,0.09605241957384987,0.008142595947098949,0.08660535840542305,0.08600686856716237,0.008782500768645472,0.08815397198036895,0.006172465139466484,12.005721039789943,12.005714770442776,32.01449482018556,12.00571257414148,16.00588608837123,12.005713814101574,0.05052209450304824,0.0566677555812481,0.04882914918220527,0.014234128408740694,11.007044039763546,11.00711164347675,11.007098051597405,11.00710860825403,11.001413640992642,11.001429301298096,3.84755996250122e-05,11.00142575340797,11.00142109443002,11.001421078798469,0.0025792165212249747,0.00024528491564296837,0.0025794580184659147,0.002579752485556016,0.0025796517730070833,0.027467391194085016,32.0121220679139,32.007916015434155,14.011024627700694,2.0107916602139535,12.011334430823261,14.00754342603784,19.017111563201524,12.005842093897565,18.00677849316642,12.00639733301172,12.005729933843124,14.010740719860033,12.006003442269721,12.005744545466635,12.005795453893636,12.005772324551225,12.005833520509018,15.006776438135534,12.005713370937722,12.005713918428633,12.005721284134385,16.00048680740049,12.009121550054877,12.02840904665191,12.005813293954292,12.005738809542686,12.00576982405307,12.005861557493919,15.013652246734496,12.005745530068149,12.005844559094998,0.005520515426789414,0.005167260659575324,12.005822458153503,12.005714473137758,12.005751220094357,12.005718878565187,0.005565845302412936,4.001079326328394,12.012813158464654,12.005712871636073,12.011126279250394,12.012106719962665,12.0133544844818,12.007336702959055,12.001538439462013,12.005716568427529,12.00571413306023,12.005718432333694,12.005725148714214,12.005723466300365,5.091728947880897,5.089208778330002,0.00010808976320289386,2.179484408540524e-07,0.0001081419080903072,0.00010815211652003764,0.00010795582621351879,12.005713831918195,12.005715917058028,90.01296393621158,25.01191670264031,16.005886229839092,32.00838200176244,90.02914460331789,0.010486312526752735,22.011506490044177,86.04465095956387,0.0881029411570044,12.005717029117488,12.005712193723497,2.1650439624571384e-05,0.010487365387467376,5.000050553180223,12.00023420805104,32.01210112079873,12.005716213490864,35.20227080775492,35.2091241362298,23.208761115025585,64.78831574251407,68.04323499556384,54.20970655042234,120.31965624019053,118.96546934431251,76.00557399000377,116.16619362506822,68.13700121918498,57.68051120799129,55.931423350333134,99.67068541802315,81.01443717259569,81.01448765195724,76.02278088343184,76.02397874340127,1.0139451801954678,1.0563051694955512,0.059441319413573675,1.0197699313338509,5.434295823972506e-05,0.007084302998567196,5.0000505203288474,22.023720581670222,22.014051973076903,32.0307347656617,22.027113034555597,22.014184760081047,32.03179420528562,10.018174608850133,32.01579296571352,22.013429660060257,32.01748712058585,22.013379728393698,32.00561097514526,20.017212364595082,12.00579506744598,0.004807569864396474,12.005808582620892,14.00574706590507,12.005795097841531,50.334026058245406,43.019258848667526,48.01838363741217,36.02204043741325,0.009764727904520109,2.8255203065108016e-06,32.01398984671552,12.005811270459771,1.3918213890542026e-07,12.006104411251819,0.024084226634825776,32.01447359121783,12.005712864625082,90.03030178935305,12.006894124601354,22.01746417130409,16.005972340430752,2.811441191569266e-06
1.0014155834324796,1.0014674865296378,3.0100752577576397,0.00850093296419269,8.686832394872208e-06,0.11163312591924665,0.012611660706776696,0.01896289169002994,0.015689166671974716,0.002065322684907064,0.00248964115347114,0.013254717575113924,8.65703794509637e-06,0.016098195622291468,0.011006987436648116,0.012192160697135688,2.0197291588898074,0.006275450965904723,9.69597765898706e-06,1.003819693924095,0.027391580748989522,0.027006108458726738,0.0007936551448801379,1.0038189125774792,1.0038189218872886,0.05505570522512055,0.040069625703999974,0.03790158843377019,0.021621713727163733,0.04579209191532974,0.041501470002747454,0.039986372013664,0.04024159448781575,0.040072656377327466,0.0317459800054783,0.03732093577927497,0.03466175365424174,0.030848681876032985,0.03841421753278997,0.02640794479250127,1.0038232268761194,1.0038205002091622,3.01007525855856,1.0038189619067417,3.0043306198818662,1.0038189596364342,0.022245846542389567,0.02369700974994056,0.02169524341250965,0.03380291819864219,1.0031573219938443,1.0031456912251895,1.0031416906197659,1.0031448119789168,1.0006774799843554,1.0007517966284678,1.7353442464795164e-05,1.0006862884501326,1.0006847009520778,1.0006847147236482,0.00626750005942404,0.0009130599264225729,0.0062686258219746965,0.006269349817885235,0.006269050214828664,0.06567989323278745,3.0074100384135316,3.008325411303544,1.008907194943007,0.007492754573317883,1.0091696346223797,2.0054773518708533,3.114010366908251,1.0041677288701676,3.0176498110390546,1.0058743645556223,1.0038274961467686,1.008369274574273,1.0051582340418586,1.0038362421449964,1.0038639931133195,1.0046058466960506,1.0064224515892024,1.1098720921591247,1.00381891233889,1.0038204131471498,1.0038233530736973,3.001950099236822,1.0152028271656899,1.1096598903259065,1.003989080068365,1.0040078878501362,1.0039453785446444,1.0057435689611123,1.1267823751766033,1.0039912548626078,1.005362444088739,0.002532308681147476,0.01681130854547817,1.0039934729803057,1.0038263485067527,1.0039279360201325,1.0038434108882706,0.0026226882573807675,2.0028168451051416,1.007342036575307,1.003818910756037,1.0113003433129277,1.0228190866995763,1.0466060304945735,1.007413399191881,1.0074365047807352,1.003821571607256,1.003819999076108,1.0038222522822515,1.0038253372508836,1.0038246132458488,0.00016685822083855847,0.00016465572958161955,0.0007942356469789668,3.132861677444063e-07,0.0007943861197301713,0.0007938687834558532,0.0007936746313159743,1.003836574001631,1.0038222812437199,6.034525224147522,2.006104107595868,3.004329742431743,3.0053768168509483,6.034530382850536,0.015649501423344717,2.0070832831880607,6.034405214379897,0.03814114476656312,1.0038220566759624,1.0038202178118776,1.0393321538013934e-05,0.015649521705559888,0.00012990214055221054,1.0014155592229674,3.007389789125915,1.003825410094639,4.020976374450751,4.0225677230196375,3.0200334472873163,25.67727817817174,4.02759249455699,24.805902590836528,31.655771680681674,30.206919775936,6.0283362011599575,11.467671034523493,4.101143091725307,25.89969765226168,24.699910942959235,21.580855544587934,5.034527788697508,5.034526514148693,6.030859195092053,6.030859257097036,1.001430757883245,1.0319495830898333,0.014945799706219915,1.013485016343686,1.4078361811971057e-05,0.008816652993972203,0.0001299021592000247,2.0161558422308263,2.009797680041663,3.0230676216150623,2.0186608609065098,2.0100033710938265,3.0215256127265,1.0128483112022466,3.011780620012,2.0091415256613683,3.0136067058930416,2.0084761565356555,3.005688646367089,2.012169504482108,1.0038544026872704,0.0015372276327457698,1.00403932407116,2.0039762459859,1.0038544029397587,17.07096554052651,3.0151219629575534,3.0173758494870233,2.0184301795154638,0.014510769572357026,4.118019083671254e-05,3.0087903038439605,1.0040431598934114,2.1075979615158082e-07,1.0062435475262235,0.058115887933069627,3.010065700137107,1.0038191688152123,6.034530549803855,1.0049706536078844,2.013598578619576,3.004534741103527,5.823450765008445e-08
22.00201994368806,22.002211241914477,206.36632228018345,10.019318358714047,5.2607790118813956e-05,0.0014788742662351546,0.010743906076016678,0.02439041801239687,0.011704758511160086,0.007495005839762855,0.011140763670195076,0.011053942424401057,7.016068158609865e-06,0.018065115992187658,0.00024401965880009097,0.0007165897767672106,24.01438264811092,0.18970483830814378,0.0007013771865339072,22.002792836748206,0.017984511935259993,0.017061541492063802,3.0001629634676634,22.002792458829504,22.00279246203868,23.10098877938547,0.05932602469593979,0.05063582248342101,0.054928226935938726,0.06633691976122827,0.05159687647069884,0.050808250648537875,0.05114895247125961,0.05092071779495581,0.046637202107568644,0.04062106038591277,0.025717807362691376,0.03329717647730167,0.048491931329603936,0.010298575954593527,22.00279500213939,22.00279348731191,206.3664592107378,22.002792119442233,22.00852348888129,22.00279220053605,0.008537798191387938,0.011940238712179285,0.008293392830782134,0.05111215368880091,0.0015434853382744384,0.0014920583388008334,0.0014906272681974259,0.0014917049005816155,0.000696086346968757,0.0007063921944975832,1.7241143465937392e-05,0.000703915991996235,0.0007025220668979849,0.0007025796328182071,0.18969937436855272,0.0020983490288028076,0.18978320323477468,0.18990733506899674,0.1898759044711025,0.07071103613378152,188.42532942328097,183.42546515918104,28.02486988534446,6.0228235142131945,30.034012561436825,26.006670948357836,28.05336740710091,22.00320236090424,24.018756798843498,24.022849271893403,22.00282550495234,28.02381122575005,24.00574385797921,22.00286244973737,22.002957136123847,22.00283113044295,22.002897741745098,22.00829315694716,22.002792965652304,22.002793819398295,22.002795162815403,22.007756812046498,24.724082575870646,22.048392257275164,22.002897882270535,22.002919352486522,22.002871733864414,22.004136950749118,24.097739328608903,22.002951910827512,22.003869736873025,0.000823528153554516,2.018585994060477,22.00290002212671,22.0027948563217,22.002829781535016,22.002806359501076,2.001373548029746,0.007428595514616965,45.00877150467243,22.00279244763849,22.040321451588653,22.119889593804203,22.13289116182284,55.0069247113165,22.039934964018517,22.002803521473275,22.002795085030723,22.002794641260135,22.002796975478052,22.002796255126064,3.0000508707208757,3.0000503054341845,3.0001629898923188,2.1036474172909343e-07,3.0001630136135664,3.000162871468228,3.0001628297814245,22.00279334831692,22.002792930707447,75.01277839195846,169.14957546725384,22.00844586646252,165.1514936814787,75.01277945124811,0.01187445607648362,166.40144483795007,72.01273827267718,0.048407876336840495,22.002807910478047,45.002802624054894,23.000017247524678,0.01187492049617417,3.0000422898911276,22.00201847707682,188.1531355395529,22.002792999268454,176.01438026697758,199.14990626912456,176.15577684154113,7.148037129553611,49.00794122303059,3.151458570584901,75.16061078426178,75.14784823846564,69.01236978433975,72.16265606641181,49.008914532577066,3.1407840192348107,3.142500732264379,75.06553298710607,51.0125791199015,51.01257882327988,72.01226983841505,72.01226982482476,0.0007533735329422908,0.09662813035233626,0.03467102895072762,0.08554566252377027,8.122116990518178e-05,0.020279966321560816,3.0000421626097484,199.37315993762647,184.36287835720674,240.85986698329404,211.85750771941926,162.3516466546257,238.66852943879104,144.65223070776375,219.25626850070037,162.3368177304823,221.44553914818746,159.53387508610626,165.45862894959095,202.1500501914614,22.002815510034953,0.0005135975557394082,24.005217856306416,22.00633676457362,22.00281547103958,25.065798813121646,182.4108418097559,159.44255840958257,183.42631084580717,0.005125066998717867,9.590291777852575e-07,182.143417060402,24.0059965642969,1.2559110973548549e-07,22.019083124448564,0.05237467575669632,206.25601159211598,22.002792568598185,75.01277952304018,22.014636846421208,198.4044250469742,24.009038518491522,1.6189429162714583e-06
0.0016702442876068038,0.001803764790482808,0.04524339604969341,0.014874974784089882,0.00020940959574134726,0.0006680799338380226,1.025208345949123,2.0779022541984973,2.0525580894854354,0.012096431130767384,0.03166701673431511,1.0306783113238147,0.0008207246066690969,2.028369878647196,1.0007979295229548,2.022050815517245,0.05674108683153509,0.04955555449647185,6.947412624843821e-05,0.002748934330484357,4.083051546305212,4.07168886195969,0.0010879367731363577,0.0027482709214220707,0.0027482492477224367,0.18661380075876438,0.10066158260966526,0.0902460382051984,0.09520133405456133,0.11829645047341472,0.09586078348842543,0.09737493171078769,0.09811972539553686,0.09762447207856619,0.085606949961983,0.07275417798070363,0.05993973138446469,0.06551861831133397,0.09243705775125224,0.032642645913405294,0.0027513255960512056,0.002750170872445518,0.04524342744614869,0.0027482765192705936,0.008976483272214087,0.0027483065664434527,0.022154447164794658,1.0455582571265112,0.02095783881135643,6.1996823068979845,0.002014121558044461,0.00202449829832999,0.0020223490243116786,0.0020240137139156955,0.000911487590636871,0.0009469205494280616,3.9849066507405246e-05,0.0009375469966955287,0.000935473753407403,0.0009354991874124379,0.04952155077073697,0.026229128583064573,0.04957572581485463,0.04955938699773108,0.04955175776744225,6.2797310803750905,0.04452228004962277,0.04508561886593148,0.010317504578408212,0.008684168385528934,0.030469147438156714,0.010137508834643438,0.07797627924411127,0.0031001193975425155,0.01492708971902619,0.00803855083316561,0.002872912354802389,0.009657527923323372,0.004311451429102245,0.0027683145584885037,0.0027982346575073868,0.0027906256538788514,0.0028663396114665166,0.009152860248219838,0.0027482694427698484,0.0027497780335552727,0.002751622182672961,0.007906495027706828,0.04110844834038986,0.05990636373738909,0.0028979533383378104,0.0029487227740996897,0.002865064296810998,0.004901063223718169,0.13694456904265964,0.002961704087023074,0.0044688422802081715,0.0011457374927094297,0.021750602028795203,0.0028997656320922933,0.0027525255736844116,0.002801056611936363,0.0027700221291649765,0.0011305198127239053,0.006857020725914547,0.010630166321313165,0.0027483418911278604,0.016319607628815194,0.08827971282588999,0.1864432465423233,0.00951604180130081,0.032305191277124105,0.00275821971998762,0.0027511069056819753,0.0027509871170138716,0.002753330840899207,0.002753018087582957,0.00012595018591345832,0.0001223509354383437,0.001088885066006103,5.059787248135203e-07,0.0010891073081619217,0.0010882876304727993,0.0010879687840860115,0.0027498776355078395,0.0027492502975151045,0.04693121519506014,0.04266538259419187,0.008891232836018663,0.043146982913643446,0.046939616449165944,2.0534413510178724,0.038876998494662356,0.04686920977317694,0.09206627222343443,0.002762025112892356,0.002748311215148627,6.0336514367941475e-06,2.054414410959586,6.583596234329453e-05,0.0016701659407239837,0.04427002708619062,0.002749257800660188,0.05781717144927291,0.05523808653958873,0.052052575528279396,0.12786832145061183,0.013987362617329909,0.13800153543231014,0.17627082593404042,0.1686464986027898,0.04419257363367921,0.22491138574115438,0.01455221593157517,0.127886151852497,0.1287293119565441,0.10083146070899487,0.04690124754336992,0.04689900648157797,0.04632536008074422,0.04632545915717864,0.007132138735578469,0.2729257076152684,0.05802662160670222,0.2357298349711042,0.00030206982042463337,0.016259989497151493,6.58300267800529e-05,0.05000210767195131,0.03966984671022587,0.05906265267380915,0.052431656398139716,0.036667910651051676,0.05811563095051512,0.05375003347052698,0.046055154951754454,0.011709310157029406,0.04623345657991225,0.03215353554090279,0.044362727005598714,0.04439368111407643,0.002771206219955862,0.002370103602628671,0.0028421898053210045,0.0037493909588920886,0.002771196882930869,0.058617406082544496,0.0233897039516335,0.02777486607000469,0.027391125436619604,2.039051053348649,5.196897499293485e-07,0.03749451637974652,0.0028596934531785203,3.9631315994358984e-07,0.0170620892985886,7.218336534901442,0.045133502493705124,0.0027484290910958203,0.04693987513756933,0.033849394643022925,0.04623462989544482,0.008936094824330646,6.841700493678301e-08
0.00013136585285886717,0.00015073496300976207,0.009775258648371803,0.004191893126995575,0.00013741899844860924,0.0005894659986397804,1.0298687736372438,4.074319053058936,4.0642646879412165,2.0266072857378497,0.02585707228668398,1.0174790392213666,0.016407576070154844,6.019531259230915,1.0198725993490054,2.0164886392918393,0.03804368586461442,0.033560768405940716,0.00025323391800941697,0.0019668553566258725,0.008780632721104544,0.00841958840643311,0.0006461591806647829,0.0019666986778136093,0.00196660068527794,1.2697593354912131,1.036920204504825,1.0601677973577126,1.0289584993507095,1.0647875816820587,1.0551295278332495,1.027723012682304,1.027877386016453,1.0277726436300796,1.0243613491247134,1.018645985525036,1.020758110514729,1.023568023387331,1.026717801724284,0.009446025832725065,0.0019685861757552663,0.0019672405282668524,0.009775344856398787,0.001966621319796654,0.0024551140879928803,0.00196661277296394,0.01174333461477376,0.012923690959897201,0.01150045555259582,1.0107405995314684,0.002404463609466103,0.0024192354921229054,0.0024161896304120516,0.0024185613518439212,0.0005345996782654593,0.0005985828991591311,1.383156828018638e-05,0.0005418023733140773,0.0005405688088691864,0.0005405799965059339,0.03353698111759512,0.0008362912457053351,0.03354661374530353,0.033560344836238265,0.03355679824001868,2.0300857078145635,0.009550010727968987,0.00910155031354079,0.005878979970379031,0.005748106309781732,0.005948622820456864,0.0026192565229681206,0.00986925924593016,0.0020144007113203012,0.00411166638329923,0.0029829416744887103,0.0019833028054600877,0.005767725065278026,0.0021098994605244495,0.001977257123029376,0.001992772363060293,0.001986520769017855,0.002015444366837131,0.004364851359643052,0.00196666091617717,0.001967040002714898,0.001968711334722456,0.0006371089172947559,0.008013996528784479,0.029813063937411337,0.0019976001449282135,0.0019792727162505127,0.0019855506050115096,0.0020455530700111096,0.010785611603150454,0.002036822253359245,0.002035889286093561,0.0018572341469122935,0.011948761031862659,0.0020000853086814107,0.001967746407665817,0.001986109199607658,0.0019697036943085756,0.0018962107850278933,0.0009514329202430561,0.006401169740547702,0.00196665169100465,0.0045488624120996425,0.007018552875384875,0.009996010080360997,0.005120360878381856,0.007868773416293747,0.0019678818393253994,0.001967128582558324,0.0019680645558687454,0.0019695815988254686,0.001969240572633766,0.00011226388544383078,0.00010692798028549585,0.0006466085345736874,2.425002124952195e-07,0.000646715680937176,0.0006463664230148894,0.000646167203748009,0.0019668186182843013,0.0019673838904305015,0.05387473239696783,0.00941541265560163,0.0024530565878207247,0.009190903022336662,0.05388720970746352,4.028609950401707,0.005210737067213421,0.05387944541518381,1.0266288182374306,0.001968065035934453,0.0019665814182890334,4.785833154775338e-06,4.030289502628783,2.3129351209982373e-05,0.0001312630637268057,0.009523592380328696,0.0019673990599365734,0.06012309550751206,0.02672362405260462,0.025656496711176105,0.09776105298808803,0.04917866786965943,0.08902964986163459,0.13954270663977272,0.13200951524621335,0.05201443233635598,0.19643898696883041,0.04957476813081518,0.0829831283317426,0.08374276228196953,0.11624426399295264,0.05294640817243548,0.05294618476062508,0.008915792816246021,0.008915939051256809,0.0026610474868611045,0.021560210790583914,0.027026656065763648,0.016346649043563144,0.00014332324123552358,0.004244620171873299,2.3134977893242957e-05,0.007920079925750431,0.005431019085952485,0.014893843366266448,0.01148199328388936,0.0037949037442248606,0.01481255579064302,0.011755118986526874,0.010080942662692138,0.004330883533209727,0.010211732732899489,0.003453683006530971,0.008866400793967862,0.010062934656848314,0.0019850309034557404,0.0006466258948591231,0.0020321501514554948,0.002054238188801992,0.001985031955465679,0.05722249624160907,0.042866906807821854,0.04317304615149598,0.051111885563314856,4.060932785512932,3.119874381905325e-07,0.00775936773145964,0.002033872288192247,1.6775765911637742e-07,0.00295881193557433,1.0137261267792528,0.009763251915230862,0.0019667187876404126,0.053887557709450355,0.007647108871438839,0.009274730332415028,0.0025134252100658984,8.87301673014664e-08
1.0004302588172702,1.0032959077717472,1.006396535457702,1.155064969107481,1.2810489004194846e-05,0.00031656885944517224,0.012403977787548419,0.02430103549081943,0.015433649463322376,0.006327025144539554,0.010323723877786429,0.013775109275128419,6.5749203103721225e-06,0.013036410643093037,0.004396437769783964,0.004874257591670832,0.006533639993873888,0.0051502743190739745,0.00038838192039241927,2.00120932736785,0.0112291176450864,0.010999104576938168,0.00016052976901135164,2.0012091673266097,2.001209376532327,0.01860927990573884,0.006318756311908005,0.010180935937151065,0.008702081401475492,0.011019841563891821,0.008732895119318825,0.005122796671560447,0.005137065551514828,0.005127614156094985,0.00452428319212457,0.00421682126081555,0.002646263715075611,0.004224026971717988,0.005024720168808855,0.0015386785104099861,2.00121010540684,2.001209556460879,1.0063965376680455,2.001209160915443,2.0029001801621096,2.001209237505606,0.0015012313029221778,0.0026568494524431335,0.0014791742630127106,0.02126413174014891,1.000844053313701,1.0008478689089948,1.0008470956312712,1.0008476965942443,5.643065593635707e-05,0.0007307203926388421,5.531745836979272e-05,0.00010991449117803813,0.0001066333486608368,0.00010664324981069538,0.005148273031109624,0.0001305232600039501,0.005148906718853718,0.005149869853430664,0.005149618193575659,0.03362711429583039,1.0057511075902834,1.005618840764193,2.010171416059336,1.0097430550939857,2.0075270548236084,2.0030284840299886,2.014188236715003,2.0013054045332157,2.0096476888818713,2.005165451392147,2.0012197583095364,2.0099310157432178,2.0016505359627805,2.001229638131922,2.0012556185204273,2.0012361438744435,2.0012918037102114,2.0067000061061027,2.00120918786934,2.0012095388459854,2.0012101523426598,1.0021263104329876,2.04536187973791,6.599398874344342,2.026580468826195,2.0147405695361735,2.019715310265435,2.0248346434045272,2.036647181073257,2.022098206299719,2.0252630624236385,1.0576896617759568,2.3738056042835587,2.027661418886104,2.007050280885897,2.053090855877863,2.0087281438156404,1.0013720010517886,0.008456605054581637,2.0065430619924736,2.0012091553212428,2.0027895951564285,2.00757089599154,2.009588995217077,2.0035467331780143,1.0115664208902078,2.001210156167594,2.001209525009738,2.0012099725469055,2.001210614644923,2.001210428296165,4.4467176932391454e-05,4.4302328154047986e-05,0.0001605722392977112,4.4524787502060196e-08,0.0001605914155489185,0.00016053824448264894,0.000160507661680023,2.0012106644498733,2.001209515159386,1.0052909239880972,0.005349979887179921,2.0028959651173506,1.0052608309484092,1.005291304214406,0.015571992087833024,1.0053105210854927,1.0052501588546916,0.005019483180141738,2.0012103843862,2.001209165081968,1.9300349717368484e-06,0.01557190995878406,4.1636181595002564e-05,1.0004302091210207,1.005738616632395,2.0012095185556094,1.012208781951316,1.011972093487777,0.011102243680625068,0.10039447440007754,1.004555878644198,0.0968155868887455,1.1029732191119108,1.0940472313524132,1.0048789284227377,1.1011128018211505,1.00485833850029,0.09384272229219467,0.09407830648453391,1.0684890819153188,1.0050912081689427,1.0050911234069126,1.0042594881520595,1.004259490640724,0.003437192235965094,0.015338556814599554,0.004048357556152713,0.013515137154835754,1.5161220459964784e-05,2.1551573390880234,4.163709881858517e-05,1.0134197948553918,1.0059695672178675,1.0189046038033371,1.0145921661276527,1.0036971687639031,1.0184581129248467,0.011362861170179251,1.0073836806950895,1.0052952187681672,1.0077150365049246,1.0032157650079012,1.004977154798378,0.007277988484846103,2.0012165482663327,4.490413762238529e-05,2.0018480802291427,2.002051011232505,2.0012165542375193,2.056480953455766,1.007033858761822,1.007729203499809,0.008852048078090095,0.013759997753098217,4.560420992864843e-07,1.0036423338456169,2.0018675579818592,3.64239375411711e-08,2.0029182843735156,0.022546494234402692,1.0063908976431757,2.001209209253799,1.0052913209619536,2.0061086105044845,1.0075137596549177,2.0034796742787475,1.9665642728951027e-07
1.012118851429066,1.0128392742887335,1.0368905235790185,1.0420307671943208,0.00041127633667014095,0.0018285793706018945,0.026878669289516134,0.044141606497980955,0.029624388063752866,0.014370474375861378,0.0210583242606884,0.027891968865977952,1.410498785879036e-05,0.012821587129127005,0.008297757576309484,0.009431469035747085,0.050428553980768454,0.03273376910607127,0.0007681447055322333,2.012538927347754,0.023327569382427547,0.022015529896893125,0.00041777366574647707,2.0125355357118107,2.012535728899048,0.12221861945797058,0.06862006184133108,0.08489179930408611,0.08681223462881361,0.09856123897780003,0.07373617590479767,0.06233596419738856,0.06276626716968137,0.062481083464372485,0.0556742128712821,0.05064841096692421,0.030243979334842568,0.04638586206327623,0.05937723305820533,0.016929214647718058,2.012559859662276,2.0125429216926896,1.0368905451054142,2.0125358566767626,2.02321885968963,2.012535905791992,0.011149889090391552,0.01345962241143968,0.010898699888172336,0.07355935085341082,1.0008024941048348,1.0007987874533544,1.0007982159498554,1.000798653942941,0.0003729098334497298,0.0005492661684176199,0.00014955787964911232,0.0005185181843889358,0.000517050945434441,0.0005170639235125267,0.032700654027786685,0.011866626066650334,0.03272274573038646,0.03272122592216646,0.032717426375386154,0.11998471998721569,1.0357095089061656,1.0364401871314255,2.053262077163451,1.041449133875196,2.058561765307172,2.0233797856351687,2.088818342469064,2.0134754622250517,2.060335568557426,2.0329073481374604,2.012607889956316,2.0513002721639944,2.0240648515267634,2.012733823978569,2.0130458544814243,2.0127848000613184,2.013151896412117,2.0295380303499115,2.0125355415719177,2.012541281900013,2.012561000432385,1.0228044012847872,2.1316927117280526,6.159316891886727,2.0378398843376972,2.026163200096432,2.030992102387675,2.039173692597131,2.231201121762413,2.028388767349239,2.0387264820712034,1.0566622501889498,2.062031162206053,2.0389073087353644,2.0183414628850893,2.063784927867149,2.0199952600095017,1.0022145810564824,0.017871317727001193,2.016263967286377,2.0125355365712743,2.035541717071842,2.1191011223031806,2.1343836017646924,2.0190683063664063,1.034723023824297,2.012579898691767,2.0125493065912825,2.012554089395374,2.0125718011932023,2.0125669797312833,0.00017340225153324436,0.0001700234636830715,0.00041799209419473573,1.3853029405905857e-07,0.00041805637620537066,0.00041784711766985324,0.000417757207920773,2.012541036243709,2.0125452459387403,1.046319340066656,0.023545019795911067,2.0228791123038135,1.0350145692980006,1.0463272417275153,0.03057010082444407,1.034692037211391,1.046216609504721,0.05923137250927858,2.0125957147536786,2.0125356937338506,5.7549758730244737e-05,0.030570290111217282,0.00011674857221380466,1.0121187819360347,1.0355472570151152,2.01254530385945,1.0464359330815065,1.0458490910356175,0.032916939892841016,0.360125982612882,1.0343407688440507,0.3672845895359464,1.4086535562925857,1.3640551087143744,1.0457878155730655,1.44949694340875,1.0360654512660827,0.34207729744371196,0.34597656775951463,1.1915292734609648,1.0440922919265372,1.0440901830948262,1.0456768704823582,1.045676959251245,0.0014060709294923593,0.10231850137756564,0.014636050267994987,0.09871202004957505,0.0004381976996440152,2.055364039253638,0.00011674948903722584,1.0578161404898443,1.035988677140688,1.0924080651295447,1.048012303296014,1.035558831002087,1.0755714515318364,0.07099005711383224,1.0390467396592873,1.0274958818337971,1.037955502443797,1.0252684899388667,1.035298183636391,0.025682026952914626,2.0127574216047344,0.0006405059470439313,2.0145218604148796,2.0151711575821274,2.0127574275759414,2.162251163611837,1.036641003907146,1.0478178964442106,0.0373554801150639,0.02560933203986794,2.454143323974783e-06,1.0260657550126118,2.0145985005457927,9.993206605760811e-08,2.0534718372571272,0.08001834322473102,1.0368209669664534,2.012537119177281,1.0463274867712613,2.023672010916028,1.035710851320741,2.0246498885249453,2.3145990969316578e-07
3.0052557613071126e-07,2.294711831334419e-06,0.00045074447043928935,0.0006535181914890406,0.01921789884566747,2.6016992109996898e-06,0.003436273550316311,0.006064382529953919,0.004391189579103419,0.0017346434897829686,0.0044361031695863955,0.003626113290220281,9.430066953245927e-07,0.00033074036914244875,1.0943644236109989e-05,1.6302254148959698e-05,0.000823938201969522,0.00014504398315318812,0.00018806952426759068,8.29778164705946e-07,6.652967203772091e-05,6.641827387690428e-05,2.3440669015582595e-08,8.242655227307188e-07,8.388176699233757e-07,0.003351976249140469,0.00017055918035122398,0.000269205167394848,0.0001799189633997,0.000274633582496839,0.0002520360839857061,2.2974542994133677e-06,2.3124257723649873e-06,2.2948560529528202e-06,2.2615842120641263e-06,2.264636884904783e-06,1.3228146867820996e-06,2.5387329693827433e-06,2.264830893060059e-06,1.3535913170679887e-07,8.363316757240351e-07,8.675956912340881e-07,0.00045074753036305793,8.27943118207657e-07,0.0008113521987185629,8.208430078350541e-07,1.3695796381582548e-05,2.2421790268192212e-05,1.3594418142878674e-05,9.435555673930853e-05,9.098449074182548e-07,8.474673695050125e-07,8.519514016765673e-07,8.385375092603668e-07,3.2638130398882525e-08,0.0030710844523342377,5.781358484012447e-05,4.339115700316036e-05,1.5113031996593664e-05,1.5165289642901826e-05,0.00014493383157596887,1.7074049797613082e-06,0.00014493736524299347,0.0001449440298799034,0.00014494054268897476,0.00019404669617413404,0.00045067561847031786,0.0004506434631490597,6.844036184817348e-05,6.82319489294646e-05,0.0008308678831589786,2.250661649903876e-05,0.0009617716625040299,3.188252664280329e-06,0.0008714872379088496,0.0003036424344000237,6.996387236402651e-06,6.374822751843862e-05,1.0092918567321625e-06,8.390340239784335e-07,8.683196439186527e-07,8.567199500459029e-07,9.432760827768565e-07,6.131818276601612e-05,8.631116624428308e-07,8.51890636101062e-07,8.46219388040668e-07,0.0008106990930621142,0.0004885816807019869,0.0037343763401632116,1.4571745522146324e-06,1.149355443898444e-06,1.2509908647909065e-06,1.522168851628217e-06,0.00010386872517667266,8.325403051024646e-06,1.8256141361038852e-06,1.6625061507849563e-06,0.0027035736935229,1.4992744697818254e-06,8.656259672622788e-07,1.6822862381092815e-06,9.439366979348258e-07,2.8772590289731896e-06,0.0008205313322273375,0.00022541176599407363,8.368522358962975e-07,3.7341071300030706e-05,0.00010302150678254418,9.002081695059271e-05,0.0007717909390356605,0.000168059020085869,8.105187187544183e-07,8.098618977470147e-07,8.527912311304218e-07,8.697504344817838e-07,8.854564628165833e-07,3.7398503296560044e-05,3.738621685671391e-05,8.029132583235743e-09,1.0360241965947779e-08,1.0289720042437753e-08,5.211010829035225e-09,5.7772712974738804e-09,9.10642058904352e-07,8.187595549506329e-07,0.0005029648413763388,0.00048714577104499356,0.0008067180836956883,0.0004500756544237809,0.0005029823374622945,0.004453812041296751,0.00045007732906328016,0.0004658273089116336,2.2408418712699068e-06,8.12242603969238e-07,8.22090046571217e-07,1.8055638811070837e-08,0.004453738737221274,3.721558413747342e-05,1.560169421118175e-07,0.00045013278057201735,8.21183446780855e-07,0.0008918767731232529,0.0008925071455176332,0.0008922307036069178,0.004618642568044621,0.00046574525485257025,0.0015787649141293593,0.0019986567554035766,0.0019015437379144465,0.00041034093667866804,1.0017318935114181,0.0004684827793538838,0.0014790623871646395,0.0014902602224384205,1.0009419463585836,9.393883811234787e-05,9.393295990461742e-05,0.00046496354972063136,0.00046496287773382217,1.0364345681455547,6.396115190073167,2.484043177786274,3.076520405694988,0.027770918872176715,0.0006543174516652433,3.7216230442681265e-05,0.0005000437609503791,0.000450832502825756,0.0005000778657590065,8.442020654042938e-05,0.0004333824217465402,0.000492908066913432,4.322335310872523e-05,0.00045769563788091095,0.00043525255558869366,0.00045135132581230087,0.0004261784931535108,0.0004509642733917847,0.0004554301845497666,8.127949794051626e-07,1.946916387386019e-07,3.063303419864431e-06,0.0007862584464081524,8.100182258834532e-07,0.0012595568610144383,0.0005376752297302344,0.0005827562484071611,0.0006513829739306073,0.004158803776953417,6.393888576660303e-08,0.00042543478778248327,3.0994893612341203e-06,1.9478980501008675e-08,3.694746476118707e-05,9.807453825484851e-05,0.00045047244551735873,8.190479044016725e-07,0.0005029885588114288,0.0033273107245584527,4.217495717800111e-05,0.0008084607288642028,7.298934209484284e-08
2.621202691889509e-05,2.674120839939091e-05,0.0007732491293951985,0.0006283056090235849,0.0003255891110485993,9.04423919393421e-05,51.18361560781946,77.25347547209091,72.52890051590904,47.214778933027844,60.13416150335145,55.06127141172068,0.04627429591041928,21.163000764664858,6.038866697591677,11.026059978657294,1.0037198724558345,0.002360583484274125,0.00042481445539972404,3.677195916509912e-05,0.007719631178418748,0.005216517536470249,8.63555381119242e-05,3.720112630036729e-05,3.7002692380313127e-05,11.008421269110515,11.00132033630344,11.003628615841734,5.000727728369897,11.003669935154706,11.003557112125362,5.001069413103522,5.001080983563489,5.001062614705688,5.0009973641532595,5.000901137664334,5.000973301366239,5.0009960104264595,5.000956217372507,0.0005999433958254823,3.6860523082531394e-05,3.676558233506894e-05,0.0007732674595286581,3.691049308008137e-05,0.00011408675470181683,3.7017665720407485e-05,0.0006798379749603759,0.0015461938975872918,0.0006653250456894692,6.009067112921187,5.4028609687025866e-05,1.1876734749673819e-05,1.186207314613327e-05,1.1859236081206089e-05,4.1238624621802256e-07,0.0025023834350070104,0.0002998616100466514,0.0002904731198225097,0.0002700007680271983,0.0002700378078722256,0.0023596080882115774,6.718542875644536e-05,0.0023598795864642292,0.0023603060315050216,0.0023601955168778563,11.020344439080343,0.0006315284153005524,0.0005885877030571187,0.000650112768059533,0.0005831176985369046,0.0008999248456179343,0.00023495624263771282,0.005285664422774741,4.461172972026558e-05,0.00044303956010518884,0.0002540713639077178,3.77390075394855e-05,0.0005947605083154218,0.00010672603007174865,3.715519550009149e-05,3.76490516595757e-05,5.3918412312741317e-05,9.426237433921395e-05,0.004714425623017596,3.7039744981918706e-05,3.677673665285163e-05,3.688021317466595e-05,0.00010282425075869955,0.0017625024798009275,0.005396178335022766,3.97200976438505e-05,4.081700991361797e-05,3.913972590141409e-05,7.907099268174753e-05,0.005613748155923891,4.413697649915087e-05,7.072749966006513e-05,1.3404692292480145e-05,0.00211125549554785,3.970092695957296e-05,3.688996883462435e-05,3.8477528392555314e-05,3.7245792473207777e-05,1.398197552424239e-05,0.00011651091069898426,0.0003288082019817601,3.7552157358962844e-05,6.000233894329538,6.000743159020594,0.0014180431727141719,0.0002191376979306291,0.0002210832637633056,3.676849367376095e-05,3.672045782409795e-05,3.679459521976313e-05,3.681405315403072e-05,3.682924920981905e-05,5.83045003325964e-06,5.817992483104038e-06,8.632272967544723e-05,9.196261483309999e-08,8.63267685560871e-05,8.632633207000917e-05,8.628872764590101e-05,3.6976163448756116e-05,3.680296926198365e-05,0.00022693172089839793,0.000611329509908062,0.00011398311456456028,0.0004206162807287926,0.00022695357537298028,77.15983464863311,0.000631469740763666,0.00022145874586381462,5.000947933536838,3.6773300057916944e-05,3.846656439223923e-05,1.7421422873856454e-06,77.15662019621568,5.785980629262923e-06,2.549460123720731e-05,0.0006313059784408882,3.6905032891575626e-05,0.0009840908642630918,0.0011687370217549405,0.0010371483243043077,0.027009414210675715,0.00022078263783271548,0.03367492105822722,0.03417477098402564,0.031996457156478766,0.00022133984782734693,0.019237659676619535,0.0003091882276240408,0.032855707037086956,0.03196199879156958,0.02889375634642472,9.873725441974811e-05,9.874597878854905e-05,0.00022049792878437835,0.00022046776055994284,0.0009018627521702029,0.0020358843479738103,0.0003911804230823357,1.0039400815254522,0.0003259336153777522,0.00047860865700840227,5.755819887821671e-06,0.0018456332382380217,0.0007740058138906,0.0021745288721748707,0.001730404214739007,0.000965777297187545,0.0021890536256154486,0.0010875937099489314,0.0009361923472596884,0.0007622850648343054,0.0010438077641244249,0.0007035066606756627,0.00044786832919302844,0.001018127949037798,3.682263038954461e-05,0.00012875815500204343,3.984400767777234e-05,6.402256133101663e-05,3.69681787817041e-05,0.027786205267876566,0.0009994647592717631,0.0011969944130265035,0.0024913380523632032,62.495710178448896,2.4181616090938635e-07,0.000703096642509334,4.0066780191120814e-05,1.733211852447094e-07,0.000363383891259814,6.009190232699125,0.0007728847817603715,3.6838882408975e-05,0.00022699888636389245,7.00102419361732,0.0009154330157190791,0.000116746337718681,5.464804291334483e-07
4.0032646539833205,4.0033032659603345,34.2075501159566,0.007458867904421608,1.2455956350882948e-05,0.0007256308619740735,0.010315197509447968,0.01710626382297989,0.011792236558400448,0.009719396894547188,0.009258434147836557,0.010255906771003248,4.318064877674979e-06,0.004181183192861747,0.0016687299000440717,0.0017993934645402212,3.0203979352690236,0.004696132864561152,7.381689573104293e-05,4.003757747600993,0.005146822572991242,0.004983132093039092,0.00024056624801856863,4.003756565591226,4.0037566004831815,4.0569626419021985,0.030390666827978693,0.031458433791704474,0.04043488313528143,0.04299931128462746,0.03370049733996845,0.028959642248798614,0.029122512254191636,0.029014500271922584,0.018460491957049817,0.02493390634593983,0.01717788040843558,0.01653394983829546,0.027822779299574767,0.005702825790162208,4.003761925961198,4.003758985447631,34.20755025137068,4.003756613042241,4.004676714459332,4.0037566119545875,0.010115431279496353,0.012339424018492171,0.009916124599491653,0.015529289074072404,0.0007203040668656657,0.0007158217895837608,0.0007153088425012702,0.0007157078611203044,0.00021554708541284603,0.0006532769550994761,1.7185021855001714e-05,0.00023012281990920832,0.0002281099411601389,0.0002281161568592916,0.004685934033517616,0.002763652163955118,0.004688484326613164,0.004687579603207841,0.004687236834468602,0.021708991625010585,30.147570569004152,30.13034345115629,8.034319213168017,4.030997475854202,9.036617115540395,7.18084306016645,8.042390933429875,4.0047183072475265,5.016888225096531,5.00999605858425,4.0037667661208545,8.031826365953878,5.007002229238063,4.003862774433112,4.004003285689338,4.003790314370423,4.00382484708913,4.005074603129824,4.003756573676856,4.0037595269638855,4.003762302938981,4.004187450766044,5.036875208581723,4.026492462423374,4.003819028249198,4.003789405558804,4.003795370739406,4.004043020338407,5.031295232618785,4.003805192945116,4.003991994898106,0.0005192639115500961,1.0076277558426971,4.003823575332184,4.003757814885719,4.0037722617348805,4.0037618307798715,1.0018129202960748,0.011197456654479165,8.018266484726261,4.003756559166262,4.021883242791849,4.0379616469452015,4.067283330211654,8.006847491431607,4.012131151927205,4.003768049259294,4.00375993516841,4.003761450653212,4.003764697701181,4.003763813134083,5.367262366212724e-05,5.216084215202061e-05,0.00024066828028932875,6.26110936117331e-08,0.00024069516865421952,0.00024060414617932684,0.00024056387708948723,4.003758955160597,4.00375834602377,10.02652952795809,26.143419530468492,4.004650433329614,26.08804611544981,10.026533067557581,0.011832907627963922,27.14370115996502,10.026506884829919,0.02778786323170167,4.0037724443677405,8.003756600842648,4.00001061016486,0.011832705970773173,2.8396303854804013e-05,4.003264615035532,30.146657218586405,4.003758358582878,26.143856630279707,30.220587747102446,26.216522336802136,0.08337007762469179,7.017940149774318,0.0767230073117775,10.108119133906783,10.101677864144119,10.024735596253437,10.123206122729586,7.018419073050415,0.0789706711773106,0.07905480377370507,10.082324145489933,7.0265281223092115,7.026527232021348,10.024240548777467,10.024240589820987,0.005967619023723407,0.044917608130124624,0.006821035181404899,0.029078758285846013,2.0933684646945275e-05,0.006040755816034488,2.8388014695270933e-05,40.76995171206334,31.413821396733105,47.230858296144476,45.42000583348931,28.321038422355905,49.2630488733225,36.06491822440098,39.25371098305881,27.201847278062075,40.319577200558626,27.20126114533495,26.072741185383855,37.315043732175525,4.003797339224695,0.000524103512685305,5.005113355717309,4.004409102166927,4.003797339647197,4.0499617515408435,29.194089715663736,26.204565404529152,30.259751726049576,0.010908496661113402,4.721798679652514e-07,30.205155746279342,5.0051277877295295,4.047111975246781e-08,4.019150830965466,0.01812084015645751,34.20698765923341,4.003756842998486,10.026533167606392,4.004848552937942,37.319256569226496,5.005955886171579,4.7285569317279274e-08
6.017666754341244,6.017747770123822,27.054295460130128,0.014903940072206336,2.8980018945925124e-05,0.001436955100480108,0.014363736512417787,0.028010480954955452,0.01819770390858228,0.012603091169857587,0.012089659573377697,0.015030989171058193,7.136688568422884e-06,0.013410027318256123,0.004199844025657455,0.004533988610825094,2.0479210467188373,0.017093531259606328,0.0003026460738367323,11.021774934917776,0.02399434578746858,0.023488315064905126,0.0012956596054953331,11.018941241566417,11.018941321979819,8.247956408376451,1.1141172356347535,2.1446832845190245,2.14550623280432,1.1605534776519053,0.10373683125427259,1.1074219436088788,2.1083597329373784,1.1077382934875706,2.0913562558327174,2.0789297351643095,2.0440211876426733,2.086673746842922,2.1009755109102097,0.028947723595160787,11.023804089787847,11.023486255519698,27.05429538926481,11.018941579465777,13.02196160337391,11.018941560071783,5.027443712088816,1.0365911333889315,1.0265496391728692,0.038718508625422636,10.003603623079716,5.003605765994692,5.003600794229011,5.00360464833828,0.002250326131641052,0.0025143498532357615,7.876308448302846e-05,0.0022791597813515093,0.0022714153935424943,0.002271505684249109,0.01706321128617892,0.0042141213933019495,0.017069424691439444,0.017071182087497864,0.017069823053150114,0.055262264646534956,25.049659753017938,24.052059864232668,33.7268484897056,28.728065030951104,32.903836084875124,14.679714135306469,30.29358983779236,11.799387491681546,19.792743176111983,14.67469936873729,11.023493183323149,31.85211928079314,14.388192199223278,11.20877372581081,11.392910827785517,11.027376965195344,11.027075854785071,12.029021636842435,11.018941529701884,11.02628107893395,11.023903993995821,8.020697373448806,12.113882441271198,11.04411789275598,11.019478325365643,11.019284148047984,11.019283358046735,11.022294210868838,15.204949386860607,11.019097249811004,11.021652146939939,5.001425329351471,1.0063381946744627,11.019513405386224,11.018947971030656,11.018997323837391,11.018984640819653,6.002419956583492,2.0192415467453664,14.028247603441955,11.018941070474073,11.113598658384847,11.19216860997038,11.33928184774538,14.02751311760514,6.035050632702943,11.01900152788013,11.018968666726293,11.025792223404592,11.026194972060402,11.025537685705535,0.00010551606066234469,0.00010044179697964621,0.0012968083779020024,6.943252247409488e-07,0.0012971956095891338,0.0012960404478666698,0.0012956205318969032,11.018947903986223,11.018956803322315,11.06537139083708,19.031766803535696,13.021646963086992,23.04543330233671,11.065383318388113,0.01875074833170076,22.041435808006714,11.065373915485523,2.100654709697797,11.01899512607932,14.018941492423924,3.000090684051663,0.01875084182530405,2.0769377923155854e-05,6.01766642514301,25.049412734999656,11.018957685449648,21.08609223926258,24.08369898332879,18.06288954011811,6.205739102997936,8.05161255082327,6.200497544255368,17.26865635699156,17.249581480965162,11.064755166847592,13.294458713735175,8.052727412776091,6.194628015294329,6.196447260479342,12.177253080352296,9.065380285852067,9.06537721830266,11.061883839695636,11.061883983641986,0.0032475767186929687,0.07477174118848688,0.010939921181698405,0.07758751987722369,4.8836032497989656e-05,5.011531039520468,2.0893705779942957e-05,33.1485741020095,24.06045235416973,49.288792975560504,39.82329130482765,21.088305316417816,47.21808630938104,39.23494569831891,32.05846744692831,21.043315802021212,32.061323972988255,21.031790301665392,22.047491469743093,27.043422894958923,11.01928900500869,0.002172408308540634,12.02024395029139,12.01968764646729,11.019289025918965,14.104954483438918,25.054162559770138,22.09820941141926,21.084696736113973,0.014209216336873103,3.7276154445552744e-06,24.03971266455591,12.020305184897245,4.6604883893287856e-07,11.035646057081031,0.04294579217729355,27.05418861253869,11.01900718158577,11.065383595144844,13.029157472625517,30.06126796298574,14.022758326403771,3.284355202460337e-07
4.006116611375995,4.006132215569559,31.842291480222148,0.007507405321729655,8.775983993922022e-06,0.0007863783147979265,0.008901086651599173,0.01685777609229475,0.011524939783036411,0.008545158131997237,0.0074526331924979665,0.00879115885706231,3.7735072887992727e-06,0.007724667515213829,0.00206751928842268,0.002437684776669958,2.019700149177405,0.0033299576252605475,3.954577009674207e-05,5.006594138762244,0.007409701492755152,0.007289570474890731,0.00030456425434849496,5.006248108178339,5.006248136763474,4.079795998780717,0.03406886561617928,0.04929043063802677,0.054138443916830585,0.0583771539808219,0.04656224948028906,0.030924343499618118,0.03109687633189063,0.030982645193564317,0.022378154784355266,0.02610601023702614,0.016649873678846308,0.020995066882882184,0.02972532159886281,0.007732062863950375,5.006799735231547,5.0068737036900846,31.84229241114853,5.006248203063153,6.006810244066447,5.00624821893329,0.013697896269336231,0.016437681297315355,0.013417738583070694,0.013628941300686807,1.0004007738239198,1.0003998035915136,1.0003995896464775,1.000399755871579,0.0002647645078319712,0.00036693387859703937,4.4779806587870116e-05,0.00030715050372767075,0.0003065883184339354,0.00030659374152790383,0.003320464653323123,0.0012315702660999864,0.0033214448180878733,0.003321396336220434,0.003321224112493045,0.018528576945718054,28.664272615632047,27.37522887773824,9.250848374975664,5.230208037583205,10.187989886559137,13.01879985187821,10.119421076663526,5.100932119303451,7.1231487268446205,6.0980861002974835,5.006760797028677,9.041931675898779,6.015298737481716,5.006879266666747,5.007487472181492,5.00721048222015,5.007234099718451,5.0096653135705145,5.00624814781517,5.007071263914828,5.006885553931109,5.006679141011146,5.0306608950764575,5.015212662055851,5.00636453223582,5.0063036808316985,5.006318696812515,5.006743996643297,6.046282431724886,5.006280791152098,5.006654251545108,1.0001658037773247,0.0031411623438992943,5.006373519238273,5.006249440198679,5.006259457626694,5.006256312458174,1.0006614025409242,1.0059918901328913,9.012941249625577,5.0062481135168655,5.024354387582279,5.04267383861047,5.064953521087375,9.011734255986086,4.0101576841180515,5.006263643062257,5.006253821702979,5.007019368257098,5.006994400242332,5.007045227632168,4.1583409378145964e-05,3.977262587288108e-05,0.0003047041150660884,1.3009595911386075e-07,0.00030474302303950044,0.0003046098481204882,0.0003045550105468535,5.006249630984812,5.00625191123212,9.028346963898501,24.654954414666495,6.006733215060782,25.483233872858143,9.028351204832884,0.011664526226594125,25.66693622817754,9.028343285919762,0.029674485778209574,5.006266467788749,9.006248183406111,4.000022405295739,0.011664407047525872,1.1335703464242606e-05,4.006116561369853,28.661068029790275,5.006252017858224,23.417221726071865,27.879054663248265,23.871811150345412,1.0884690888896726,6.021121862553131,1.0814746282363232,10.116511030409344,10.109166044599293,9.02820323972906,10.128118810836686,6.021643781215321,1.0851888560039913,1.0856510137017863,9.100831816979783,7.02834950889028,7.028348406425134,9.026747154468707,9.026747206126084,0.0075499987009077394,0.03149071041579631,0.006894592266575567,0.023628588778474808,1.49607330318849e-05,1.0031628004012751,1.132565152412161e-05,38.256064446235065,29.047307813285922,54.43133614615491,43.090981716284205,25.95950316832497,46.079995205390354,31.97004509357165,34.9301069821407,24.83770522019528,37.30565805211368,24.83385099201284,24.21199110833707,33.29265470158011,5.006334052137046,0.0007483396040873147,5.0068075920973465,5.006464731387438,5.006334045293526,6.05634572054703,27.754587713621266,24.768019520369368,27.939058649481083,0.009923785348280536,8.786409023065118e-07,27.83429846384692,5.006818735342618,5.829812077936947e-08,5.019013607763296,0.016437470462228005,31.838726573008294,5.006251634044618,9.028351315197945,5.008137359145466,35.30520205154207,6.007255407502879,9.668678332853184e-08
19.001264840554462,19.001266342491473,174.7725184887698,10.002414312759244,8.772718569382038e-06,0.0008186041945665618,0.004521632789457227,0.00889493470923003,0.006877660027556977,0.0052031650339605506,0.004271974523097508,0.004670773465671002,1.6835541061082288e-06,0.003632941558712218,0.0008002109851597763,0.0012396360310096988,20.01980634880878,0.0010335241933362215,2.7576566771674857e-06,19.001595055128686,0.004911465688931395,0.004861336172765644,3.0003439836621366,19.001594929569134,19.001594813310668,18.023928434807896,0.015191217962626444,0.015182033491777262,0.01021297510865349,0.019472617379003965,0.01806275646231325,0.014460360003915164,0.014535390993791834,0.014485691892065876,0.009967724825705451,0.013751256425155386,0.013152479818091395,0.009807327183483934,0.01399051261059207,0.00867304883003948,19.00159615543816,19.001595462415885,174.7725095001627,19.001594471107243,19.001829052991418,19.001594621957757,0.02398866232700874,0.0262678655076314,0.023446735631264877,0.00709756240217814,0.00044684804656114666,0.0004450963467817325,0.00044483883259063177,0.0004450383957711635,0.00011014277152000908,0.000336734305201818,9.910326780746592e-05,0.00020830093277130108,0.0002073820373544658,0.00020740273510400878,0.0010236438123967368,0.0004550879134211024,0.0010238348003804927,0.001023807058180395,0.0010237729628057913,0.010504951849665526,155.71713160376015,154.71106805716528,23.009931094937414,4.008584048036469,24.010784380898233,22.176515811899836,23.012402795067324,19.00209528658161,20.00453518614055,20.00325734361647,19.001597583894576,23.008646581178766,20.002794374866678,19.001612735164418,19.001638571350544,19.001609380749727,19.001630917977398,19.003692208305363,19.001595172942885,19.001595951505728,19.00159630722881,19.001499810718663,21.00394452786853,19.005443158531143,19.001609107268923,19.001599773636446,19.001602858688404,19.001637859867994,20.007611859125795,19.001597444157145,19.001630624808953,0.00033590699805366615,2.0005560825447084,19.00161016321107,19.001594542275623,19.001596665792864,19.00159523433822,2.0004284219686523,0.0005370030124498332,37.00270355937914,19.00159469358091,19.00278418699108,19.00490389172464,19.011839785174985,47.00405101439521,19.001781322466414,19.00159514896617,19.001594560296137,19.001596096766512,19.001597116053624,19.00159690255769,2.000009876897241,2.000009594368257,3.000344091452389,2.5450019261770456e-07,3.000344165934401,3.0003439462864154,3.000343870816516,19.001594540740864,19.001594857995308,60.00677472267527,138.4233704713261,19.001819164421768,132.86002790910695,60.00677513913741,0.00697184636642067,138.71458078340754,58.00677001831089,0.013914833029199611,19.00159528399821,37.00159441995522,18.000003359966556,0.006971601373010292,2.00000621253031,19.00126355025911,155.42624112777312,19.00159490214884,152.6385178084113,172.63702422707783,152.64520736887553,6.043952289121423,41.00613882031851,3.0385777775343725,61.05365543296693,61.0493322680244,56.005996952582535,59.06468422660169,41.00655031812144,3.0456432571221566,3.0445871182535678,61.0606775793758,40.00677482065318,40.00677475505866,58.00441214373511,58.00441212600266,0.01287677781774911,0.021622839060465516,0.006044798922047641,0.01902044234030378,1.5215962335016598e-05,0.001059524674242526,2.0000061068091517,173.6106517796792,158.86560592004878,203.77580333617146,181.99288499416159,143.75387544576472,202.78233997317017,117.12248313203926,186.0947176560911,140.8107355571923,188.85855432013898,140.7165261797166,135.18250155096888,172.5995841555325,19.001605850928208,0.0015631205227453736,21.001693661287995,19.001671625135163,19.001605846493966,22.026996319057883,151.98011942180793,133.49891470221962,154.05658361924998,0.00632664775657812,3.1155987493307443e-07,156.53551245998977,21.00169431287068,1.4181633966703478e-07,19.00266125631179,0.009471764466436647,174.65015715356103,19.001594902967422,60.00677516252791,19.002107792060006,169.6325651163871,21.00191653544303,1.0735856057703851e-06
10.312950443533909,10.312980252455915,23.366560916992622,0.007873452122774172,8.553989842368093e-06,0.037046323240631764,0.027645912997847598,0.0481963500074057,0.02876140598629841,0.021212457426647947,0.021701448950694795,0.020588852595702194,1.4421658974393302e-05,0.01629279813092005,0.007640316258446971,0.00771553751604639,1.0240006758885312,1.0057650508135125,0.00010313243876145752,15.318486509930548,0.005509015423867226,0.005258268520230647,0.0003814826853705677,15.313320899266103,15.313303994600085,2.0526900291873695,0.03609532613997804,0.037204267842247354,0.03649652023342461,0.04251257800664132,0.027669210337871432,0.03268982590370204,0.03287478287260035,0.03274982198376161,0.029586184959675157,0.02868247271338576,0.015444596105327037,0.026392901253470265,0.03148309814766298,0.010215346551142196,15.341203164890844,15.323285768510168,23.366569303837668,15.313679844193093,17.540037910160997,15.313649756145164,0.00482114155381365,0.005099980327397148,0.00469472438104693,0.021994059136799672,5.0011786177537045,5.001096440551483,5.001095540081249,5.001096238840292,0.0007068823947919203,0.0007395815949215918,1.3547219850461438e-05,0.0007111725203111047,0.0007098364181512273,0.0007098516618164078,1.0057511666101435,1.0015560028139665,1.0057527215854551,1.005753078032581,1.0057527576333432,0.02788051803924072,22.38126145100985,21.381932149936244,23.537833507529275,13.542287776377005,30.765575034877983,17.781313645070234,24.77499997871794,15.932291630287512,26.709307021653785,26.59244656789429,15.363287283635412,22.890533563805274,26.367549842992872,15.444428312915983,15.814554976741176,15.48445214346414,15.644330256365194,16.61765676393408,15.313305438397657,15.32256451218473,15.342349607557882,12.53974644527835,17.425780785437006,15.386025504613087,15.622515682633441,15.444706092780123,15.500436424427608,16.18049271920841,26.586214879075154,15.373782095756521,16.049092465274803,5.087323571997764,1.1897659252736406,15.647316856989718,15.317803687995685,15.3385271414107,15.337791983339518,6.007806067426762,2.048027243201912,17.31853685790811,15.313335196539978,17.463008036797852,17.52724759718898,17.538165338950748,17.319605286846375,10.319132008278112,15.326181994469575,15.319287260150867,15.336877328781847,15.356145504766001,15.349586935383758,0.015278953678247014,0.014366841808337305,0.00038170823499354337,1.5184384174014363e-07,0.00038177824551985915,0.00038152308626590597,0.00038142719052935086,15.314770712651157,15.323542889906195,13.327758238279333,12.004689594205662,17.316077355363007,21.317068541997287,13.329890623036793,0.02965149357959939,20.3747905052097,13.332690883015427,0.031415061003365226,15.327383095637321,17.313326453994655,2.0607797126047,0.02965105899741036,4.173282754704835e-05,10.312925984491466,22.317633778187187,15.323560651485813,19.429532057131702,21.429734318549883,11.26287774668783,4.704347899493774,11.330331921980825,4.8482141441100355,17.58295136620726,17.558215203892072,13.32747128428026,15.575141207995484,11.347476660068569,4.4001333575076425,4.4673165548978035,14.492225434538344,12.329461933246066,12.328890353424537,13.328798561512164,13.328823725782865,9.673286564370614e-05,0.03458590089451758,0.002491208847302847,0.026982706454932826,1.4236825234659737e-05,5.130649248549453,4.176651301415351e-05,26.464344858360555,21.388941149578496,37.30744427009038,31.010214056105735,19.423681958972374,37.75920435441563,27.974163503062673,27.34400496180684,19.400866908998776,26.395471406528046,19.39851238116593,20.438107498128048,17.009155848648263,15.54838842464634,0.00017299753109807604,16.344548567812403,16.31478768641862,15.548388446854489,18.358041764712677,22.33199200035179,20.394690479456997,13.090996410141612,0.025800614282803145,0.0015007544186635604,21.315930912169197,16.35053519329007,1.1818320306973783e-07,15.336251813130058,0.02729327909607273,23.33874956531769,15.315038851452359,13.329950208618413,17.36462135047431,25.379740212409757,18.31946221166745,3.850546625600781e-05
22.0005226610647,22.000523235630386,208.1401557764323,6.0028850856764855,1.121969057399972e-05,0.0011352719536020614,0.003997117210334997,0.009422061878388625,0.007721423453522488,0.0047681109524445224,0.0036471414624231245,0.0044639460710668875,2.1765603734367562e-06,0.00645066903261514,0.0010268937779754034,0.0024035120402949453,24.02222915617401,0.00031561954338398305,3.261738400898771e-06,22.00095246107107,0.003109059954081378,0.003068467636692983,2.0004504644938352,22.00095185865529,22.000951745686972,24.030833805333025,0.019046890009802628,0.012506119463535085,0.01566727690855665,0.02219134788467804,0.021082839810635703,0.018576107602651475,0.0186800559472117,0.018611221321641152,0.008342094364128808,0.01761033529565953,0.017219271329732833,0.008342047663602551,0.01787608241658176,0.0075088740505416685,22.000953357567923,22.00095350312662,208.1402940496984,22.000951433433933,22.00108924514337,22.000951518811057,0.027372361162706284,0.02896413791891134,0.02671906105743349,0.006242030716795963,0.0005755743294705278,0.0005772752442277186,0.0005768963324153327,0.0005771916674460337,0.00014102249459615747,0.0003280969963769718,0.00012597855837267666,0.00026580476916626856,0.0002648248607058678,0.00026485932573402796,0.0003024672285942879,0.0001296738202673019,0.00030246327920248486,0.0003024741425988941,0.00030246362642989173,0.00912096836409033,188.07560614377516,184.09950758436176,28.00845560446409,6.007597700272586,30.007417888268066,26.468738383311596,28.011805411298393,22.002487505598378,24.003839307717293,24.002840740816318,22.000953843537413,28.0045233616531,24.001456493748346,22.000958863656386,22.000969453251514,22.000961203167396,22.00097213094448,22.002390388311778,22.00095219777931,22.000954674786684,22.000953734266513,22.000661392922517,24.003155127278063,22.00408002951917,22.000957651345043,22.000953702454765,22.000954854164103,22.000972508140165,24.00491932172162,22.000953010287613,22.000968897383014,0.0004326301547611649,2.000553730843299,22.000957979896228,22.000951292128345,22.000952828398447,22.00095153590949,2.0004958329564557,0.0005275344093511523,46.002240114607496,22.000951779566964,22.00202347182681,22.00354943012146,22.00473451154753,52.00403308540706,22.000875339874884,22.000951515953687,22.000951174368048,22.00095415263358,22.000954580129047,22.000954680739408,3.0000153558301497,3.0000148506312936,2.0004506394511985,3.30767789454244e-07,2.000450722024224,2.0004504272058674,2.0004503149968778,22.000951342290783,22.000951422974104,73.00918529801905,169.05128868338505,22.001086816391037,164.0944600561601,73.009186229569,0.00782846500399824,168.33706981910944,70.00918049597742,0.017821327481396025,22.000951564129696,46.00095115428431,24.00000158291209,0.00782821681736334,3.0000077605355537,22.000521061691632,188.0534061163771,22.000951480346732,174.73998612485062,191.5764650979038,170.57604815249394,6.043877420664978,49.00859301352296,2.0388816320158423,72.05388335471264,72.05025700322065,67.00901108313187,69.06465262215474,49.00914049737808,2.043328129159068,2.0434664976065893,72.06716819030852,49.00918525779672,49.00918523994433,70.00259395773423,70.00259393823632,0.016799188859183477,0.020947098483587855,0.007851233834661846,0.01911320049253883,1.9603615052359742e-05,0.0009360476699485608,3.000007622984154,205.78468560599978,188.24315161942897,245.06878888641637,216.55404769415685,168.1300669855367,243.3114457714327,144.61810266963744,221.4397287928874,166.17389251507157,224.4452946609083,165.0787639216292,163.55762965423438,205.19819094696823,22.000955936320995,0.0019250998652794518,24.001017091822828,22.000999698192548,22.00095593499696,24.030133529512696,182.57878046243326,160.5045980549005,186.44426808369218,0.00717126083325664,4.648836178464346e-07,184.90981949534864,24.001017506443485,1.9631168548678064e-07,22.001727243761632,0.00810883965376887,208.0221192142204,22.000951732101104,73.00918629366637,22.00130903450055,201.46089709448606,24.00115183956179,1.5711556503531646e-06
1.005187454306502,1.0053082611539692,1.0670847506960763,0.014919990196700515,7.85552354761184e-05,0.0015028249384569864,0.014447666588494832,0.030679241781500336,0.02060874029056478,0.006991452670224596,0.015480886633272056,0.016306087883578926,7.212653292381825e-06,0.011203633000992709,0.001425918820651803,0.005415163854625264,0.054738407202454514,0.039195745658445136,0.0006254881971085664,2.0054859739916013,0.0327752451248678,0.03172448766538656,0.00011588208822677978,2.005481927310491,2.0054819143247333,0.1257162904692739,0.06807541422827423,0.0792253831269413,0.0775836789578497,0.09163942593139073,0.07417038895941697,0.06344381267853923,0.06387939259826737,0.06358647422734849,0.054394885646253596,0.045762589740926556,0.03454512478060905,0.0488666875264128,0.0606232876666,0.022484533449234494,2.005505890221898,2.0054931704250643,1.0670847985572955,2.0054820362919763,2.0100183392357116,2.0054820046002693,0.01793461958087605,0.02403879091856464,0.017372559464872116,0.0620629609567602,1.0009745503266523,1.000908460309812,1.0009077465914233,1.0009082921186951,0.0006024643361150667,0.0006784821214426528,3.8352286317490646e-05,0.000633265775140922,0.0006320694115029671,0.0006320909548253251,0.03915843980380744,0.0045069384742506295,0.0391721924976488,0.03918391404273601,0.039179884453099445,0.09504669268049287,1.0661159938464337,1.0664053688457809,2.0337301230869804,1.0285637263900165,2.045245554880741,2.021899739569302,2.0576503669178092,2.006077641440929,2.031311426434859,2.0321111974221235,2.005549355392849,2.032281222678055,2.012767548032158,2.005592704498546,2.005760938487728,2.005631738052041,2.005905043139782,2.0220671847032152,2.005482163741363,2.0054947463089925,2.005497257317737,1.0097251992877214,2.1514898908568587,2.082116018689473,2.0057187100325216,2.005742056840284,2.005655734592093,2.0081923862616557,2.1751950498432207,2.0057729210284587,2.007655700116612,1.000408410636533,0.02691338868391464,2.00572569675789,2.005488460388354,2.0055632502706158,2.0055124983364694,1.0011041464292285,0.016235516289625242,2.013076002729595,2.005481919615401,2.0784827112054725,2.152358136393103,2.2911698031654955,2.00938367544868,1.0260352118186375,2.047060997939509,2.0196332491506053,2.0054927981824875,2.005498532793932,2.005499063011366,7.375807761236405e-05,7.072569527403835e-05,0.00011591264560691177,2.4031476439742334e-08,0.00011592142321358041,0.00011589890961531716,0.00011588102953616024,2.005486005263287,2.0054850417200725,1.0425716398747171,0.06055772599308258,2.0099275340919647,1.0652851842902726,1.0425787309662031,0.020974588964360913,1.0566925819141364,1.042559488819362,0.060404533031727374,2.061847607385106,2.005484836355491,2.0773091053458558e-05,0.020974977762966328,2.3098486950969464e-05,1.005187354425272,1.0657223485329035,2.005485157445784,1.0780654395225242,1.0759348665150186,0.07042444505765406,0.3104499452072636,1.0268985226188097,0.3162645665564187,1.3541478731286853,1.31894677423208,1.0418722901031174,1.3191803684450267,1.0283906461843788,0.2933409184150189,0.2968637189156137,1.160142609734564,1.0422055139344375,1.042203617507805,1.04216686537793,1.0421669481888207,0.0037353074551422327,0.14941480758270728,0.03791077330820408,0.11252875911474373,0.00011912620441832967,1.0132541182362655,2.3100770418566107e-05,1.1032079640793158,1.0579045001500609,1.120250583449267,1.0997393040630241,1.0567936486998717,1.1208579038349313,0.10731991432062503,1.0678992508652814,1.024651587468614,1.068777855752697,1.0415235733188062,1.0654179153247627,0.06330900519290776,2.005550943380156,0.0012663494436149056,2.0065203776330445,2.006668553885099,2.0055509511837237,2.177978698316013,1.0463789584900407,1.062478760184054,0.05811002347507839,0.014275537160044472,1.4870925513547187e-06,1.0504618942929855,2.006616912371792,1.4360517651574005e-08,6.005923493535161,0.08080042505789582,1.0669125929805383,2.0054824099241086,1.0425789351081416,2.0213294841223526,1.068439319367649,2.0107145542976497,8.637495470595525e-08
0.0011872930693484869,0.0012494733884121606,0.004256039185382569,0.00165887743832862,6.370868676048744e-06,0.0005449664080367431,2.0081754276667554,3.013047129934295,3.009353177248151,0.002090001205144327,0.005289076562006058,2.0084211210416307,0.0012581034352965256,3.0105320327133995,2.004927205021063,3.005507506661553,0.04073793934633188,0.006094315874008997,5.700244125572119e-05,0.0066757953326545705,18.0575146143361,18.03286044040513,0.00010540575001701041,0.006674874443440955,0.006674812717135338,0.03017716413924698,0.012322989747624788,0.015102484482938213,0.012731842480658114,0.018163391720367603,0.015287922842429157,0.0119058825087615,0.011978607945761867,0.011922833964330807,0.010847728220543458,0.009995014752878584,0.007908054753260807,0.008628821759959205,0.011658946698812879,0.0048799400567895515,0.006684172608288304,0.006677237831479232,0.0042560914864811054,0.006674851874407233,0.007040666729997111,0.006674854834360751,0.006744722886590679,4.0078064314441315,0.006658230780097545,18.873854756049507,0.0383522608763032,0.03899196745121331,0.03886266822466016,0.03896274343029036,0.03140292026792454,0.03206827313767084,0.0023618727292318213,0.03206812235401111,0.03183247116892823,0.03183536989584979,0.006068656421719758,0.0002555574118452879,0.006069418762628444,0.006070588133582417,0.006070288124729887,21.047809334111534,0.003826703700295283,0.0036859142382822275,0.01026648684898067,0.009068214779728419,0.012034161212398874,0.007460786513691709,0.01266182179085932,0.006795847008458817,0.011694327501700675,0.00914086661276298,0.006695274801583861,0.010005565201600407,0.008753668563890597,0.00670568491932438,0.0067604617261654,0.006745347473666223,0.006823818800681902,0.009183733978120787,0.0066748600988337445,0.006676316676939321,0.0066846624376249286,0.0016311830821689834,0.010530327039331332,0.013309986303587675,0.006781835961040879,0.006705470813480834,0.006735791551392654,0.006881794935114517,0.02136923470065266,0.006694868209059096,0.006852448409590571,0.005520266954441166,0.002293283878532888,0.006791756155293992,0.006676350164147092,0.006702811526176554,0.0066808672554774535,0.005532616098892199,0.001247162656010583,0.05054067457955601,0.006675443127026714,0.012831797903898571,0.0212147624695641,0.04013975173267874,0.0073620975081642595,0.0045545851422863085,0.006679540327970305,0.0066768734496200485,0.0066814715661991176,0.006688697592818783,0.006686886400521475,0.0008573553805398733,0.0008520581759409024,0.00010546977469292268,8.81332175511298e-08,0.00010545269157229245,0.00010541484340471082,0.00010540135249193453,0.006675494168849522,0.0066785934853847454,0.06181964545135861,0.003400249611764739,0.007031705356654344,0.0035730962602816964,0.061832124399016516,3.0101865155019114,0.0031857558351993122,0.061081187159463556,0.011580124575420736,0.006680032650109718,0.0066771088774035875,2.592190227791931e-05,3.0111169514678737,0.000766652687996467,0.0011865615655140972,0.003820563030661635,0.006678761744315194,0.011490069021684814,0.011752707948254117,0.010161865996952594,0.1235115757274043,0.058186408817746255,0.11139665151899643,0.17153886014685224,0.16522695439696605,0.04549525107736726,0.15258521849967682,0.058646134045448474,0.10986082454257919,0.10688198177134181,0.10088917234948791,0.061808340875185774,0.06180545686089486,0.051737037059008895,0.051737253634904085,0.00013504837993911578,0.01988042778569351,0.014446001678441686,0.009770188027773375,1.0265589993417986e-05,0.009278580783690078,0.0007666274099430264,0.0066417553695085636,0.003618384244725566,0.012305908937530027,0.007085876340830778,0.0032420713222083425,0.009058951660116261,0.00913644140006688,0.004356977320528407,0.003453574556060417,0.00464768881736922,0.0026293293546313834,0.003259797075768559,0.003454688361518199,0.006765542215065986,0.0002999188781917893,0.006729635171537873,0.006704788347796947,0.006765527753331752,0.06739956068422479,0.02007639242893684,0.021646117791127007,0.020725040452814827,3.008388688244827,1.0989432549568493e-06,0.003262652264444296,0.006732669997913035,1.0210268350609577e-07,0.007065957147211819,21.041897851666334,0.004252735606001828,0.006675390550148756,0.06183285987466246,0.008537269735171932,0.004626175698376947,0.007075141446360251,5.203615627442315e-07
1.021880920960879,1.0219359161735824,1.0301635887738503,0.012953850844615766,1.2958767407054454e-05,0.00209587033757338,0.03278500563974358,0.040303458269917006,0.03414295856889183,0.006932266192910704,0.007371417399118823,0.03160126345023324,3.028736631568444e-05,0.0290968284335595,0.0265102080685691,0.02660255249216823,0.07414694193659568,0.0101142632923426,0.0014683320757363097,2.0230557445400037,0.011617333620270167,0.010890742669375729,0.001000002711283605,2.022348619397182,2.022348586098603,0.10949311376234525,0.08297480822777584,0.0768814510550258,0.08513517246910902,0.09215165355487044,0.050079897429011505,0.07929042161532288,0.07997284807123647,0.07950788465986372,0.07066138760519214,0.07120480887317414,0.03130378540583389,0.06025645172809525,0.0748337798701674,0.01614245128772761,2.023688591669898,2.023207031024881,1.030163613481628,2.022349241627249,4.0233966346450405,2.0223492008241615,0.005369126120132802,0.005990560714075576,0.005101021001099906,0.04571753152765155,1.0040810490390986,1.0038468756505958,1.0038406239380688,1.0038454313528926,0.0032783571285119393,0.003397747562280616,0.00011786133596956256,0.003312151612799752,0.0033003343240605655,0.00330047795289601,0.010051993855715848,0.0018725578856678927,0.010054787452665467,0.010056336908766454,0.010055621548447578,0.05710213203905429,1.0294068955971878,1.0298854193997398,3.284194973155178,2.24340296359619,3.240246143797157,3.1307110375668064,4.159141476367531,2.1969201344691265,6.05983771291759,3.189125163113192,2.023447910954309,3.055752984541072,3.052188831553331,2.023643371385893,2.024815511090559,2.0249819736155934,2.025171541747832,2.0318070454582866,2.0223486523112943,2.023546177006189,2.0235777964228987,3.0229314734197286,2.073713183187267,2.0465729972412436,2.0229290155347925,2.022622352193571,2.0226997971264815,2.024788006947949,3.1569390445516157,2.022470544134693,2.0243459015502263,1.0006371913692282,0.0034985609341562775,2.0229740460665107,2.022355334629884,2.0224038981758232,2.0223890211906927,1.0014405851353143,2.013697024599238,2.029050346733507,2.022348614707108,2.119042938638549,2.138350275680768,2.2179819519262547,2.0318053354980807,1.0371490885740806,2.0223808596910686,2.0223634282583833,2.025243578232678,2.0247456475661108,2.0236274041910693,0.0006823687847009742,0.0006781438548863881,0.001000828805101162,4.5058205413514865e-07,0.0010010877663947368,0.0010003162292220999,0.001000023599024533,2.022354498415695,2.022367722741125,1.0561743033497029,0.007995659887006866,4.023004406856846,1.028678210114974,1.0561842927031846,0.034413549795781505,1.0288151576806237,1.0555847881534044,0.07468539305099953,2.022383720778951,2.02236237650118,0.00012563289290593705,0.03441270433865582,0.0006099808708814726,1.0218808533190482,1.029266635887096,2.022368092176088,1.0522105900276213,1.0522048695928299,0.024993273859575026,3.3077269709100916,1.0477567053056112,3.267103618474918,4.361121923940603,4.319877813428195,1.0545813274169475,3.540133530641515,1.049215774563708,3.292365089687978,3.293073542858438,1.4277684724393827,1.0561809021768687,1.0561782645440625,1.0552732307610717,1.055273341923222,0.00023239052251231243,0.042812895299353754,0.004573551624779538,0.03882512836267522,2.1723919734175764e-05,1.0086141035901377,0.0006099846774348019,1.096249859215152,1.0300266389657295,2.128540991013251,1.0494014076519471,1.0743686205305574,1.0746033984623093,1.101032596462681,1.0315498754687762,1.0288449689075851,1.0313632641192247,1.0245804513799701,1.0292034660104734,0.009326203694772264,2.0227806556208057,0.00022851732918888087,2.023419948352567,3.022779081215758,2.022780656125108,4.174456484582641,1.034278969256337,1.0847943085896352,0.06357038849121376,0.03113175570873959,3.833178699183269e-06,1.0249790163766277,2.0234543990002303,3.102920152692325e-07,2.0308949107041236,0.05099181783692162,1.0301029567269495,2.022360173188144,1.056184866195231,2.0243194039968944,1.0313310023271676,4.0239497734597265,1.196187886741383e-07
5.000884923651538,5.000963850653679,9.005677688333344,0.008766006337670345,0.001015927881620298,0.26329535750472705,0.012520532991722762,0.026746848517220402,0.015425050960158544,0.002684289382083632,0.008694295511419581,0.013855677802762223,6.759158524254636e-06,0.008345896050834653,0.005523401383546528,0.0067937791664828525,4.019901077295621,0.008480664744648297,0.0024725034336810564,9.004103806527226,0.011676949452433534,0.011486762837375748,2.5167040149699837e-05,9.001346196840348,9.00134636448684,6.02655698740325,1.0080109333795393,2.016592387094848,2.0120578672899687,1.014930080453275,0.011499324241624583,1.0064933181100155,2.008212922786737,1.0065024853238116,2.0079095541137137,2.007512575002426,2.006171397917042,2.007240559382795,2.008042065188309,0.0010176731959808357,9.00637753740927,9.005653445856918,9.005677598074058,9.001346110381478,23.00541731289679,9.001346130228193,5.008042773380326,1.0059234338283043,1.0033245683136678,0.018154307729339188,11.011008903795217,6.003872950075533,6.003857991177066,6.00386606984128,2.003270098207011,3.003704501424485,0.00048642088999605645,2.0036717202385685,2.0036563053786542,2.0036564484480124,0.008472454649189819,0.0010426651270023502,0.008474145619640511,0.00847553072663386,0.008475035905417896,0.027061630611009763,9.005453024184371,9.005407760290923,27.472673595604316,23.445145200817393,17.03893614974909,16.511464185684165,35.42681719001788,9.644452419168209,34.45659300371742,10.544191666888366,9.00581332374349,26.017261963133045,10.335955791301012,9.184325331526054,9.360872791383272,9.009325296063041,9.009131075150643,15.019603350076226,9.001346578363258,9.007962213295851,9.006312655306473,19.004958034794676,9.03795288526045,9.06486585638769,9.001394208195467,9.001387554525351,9.00138034360699,9.001700593950188,16.035225995973185,9.001523497592192,9.001639079289735,4.000514255770285,0.024226341683376174,9.001396258437046,9.001349135494193,9.001390487673683,9.001353813204435,4.000540041817859,14.00472961463725,9.012319141896022,9.00134609756424,9.009372842821287,9.034005015510031,9.038880800300799,9.005818325044583,5.06559409806581,9.001377646051484,9.001362355142954,9.00920839725593,9.008971133246384,9.0073906544391,0.0006147005248895439,0.0006144471312856342,2.5159924804919633e-05,6.461017998638144e-08,2.52810286635342e-05,2.5164646999486273e-05,2.513413258723794e-05,9.001347709078068,9.001347204274975,20.006982294552532,4.005165838162049,23.005369032334656,9.005293637911077,20.006983031237066,0.01551209912018604,7.005402246146021,20.00637521671898,2.008038222320566,9.00136714409961,9.001838985791428,0.0004953859292362258,0.01551196782417649,0.0006087212822182223,5.000884547724767,9.005441714849473,9.001348099886277,15.007433991526097,15.007537029012978,10.006617123794316,121.0098328308886,16.00619051374397,119.685499583979,134.5233061930475,129.81667543160265,17.006173363838098,132.59807071843025,16.329067420994463,123.91429075277594,120.56032181564204,87.8860584372067,18.005717480283618,18.00571733871713,18.00611631134354,18.006116325008545,0.0007857731001643768,0.005553016085673518,0.005266041168914416,0.019875628753919624,0.0010180491586930854,4.009765774623656,0.0006088523391686537,7.012172374717543,7.005847248274956,16.012947294972903,7.008349531296675,7.0072114605857,15.01090154667152,9.009552009303569,9.005805635594161,7.005396419810108,9.00609446135861,7.003542467303811,9.005186635784503,4.005198180009328,9.00135449426376,0.00023490522570905438,9.001464360931834,16.001623782611055,9.001354512954562,93.10759715826774,12.012443798586077,12.015912566784163,8.015951736709521,0.009488970532108275,1.6278469837573774e-06,9.003575225548845,9.001481687056906,3.880210633858248e-08,9.00670202993259,0.021524267781824098,9.005672315779062,9.001411954235582,20.00698330374535,9.009073962595714,7.004827504583589,23.005442512552502,4.333001480551971e-07
3.0009270395550582,3.00095995721047,9.007861851276068,0.004394943204666398,1.3094104152769793e-05,0.28627215964215347,0.010352144444070545,0.022725986450007837,0.021187285300447566,0.009637070746180011,0.004692549622761806,0.010641668851580953,9.045882078023195e-06,0.019282164192777836,0.006803468140824339,0.00858402882477421,6.026990557873478,0.005793460953373345,1.1029501397296282e-05,3.0043606123572792,0.0266067429373163,0.026375509417287717,0.001163501912305651,3.0043596874732637,3.0043597762194834,0.062333625742019706,0.04858571144477501,0.04996501363998238,0.017599490289995755,0.05578366939475235,0.050222716421776566,0.048602538732916145,0.04900261106590218,0.04873121420150018,0.041982491991940075,0.04479298888212257,0.04159070957625467,0.04088361322899496,0.046323602908424716,0.03505698701298945,3.004365116753223,3.0043616248903735,9.007861852331883,3.004359751704249,15.004656767506038,3.0043597603618313,0.03633025912421236,0.03776921854035825,0.034854995493234696,0.02232487769781573,3.0068701627964085,3.0063695332689373,3.006358542275916,3.006366993895402,3.0027611528115927,3.003560392887709,0.00010574984928784776,3.0027985607150596,3.0027848247910374,3.002784943784161,0.005780341733961806,0.0005114192734741782,0.00578135634251927,0.00578247770511599,0.005782144182912519,0.04660610356538519,9.004399342691691,9.006755531959486,8.009378108362352,5.007911834526878,3.010174313330686,9.005953207509496,20.047829073476617,3.0045327862663336,20.011195390634292,3.0066625518315204,3.0043713944169537,8.008527874676266,3.0059732596675195,3.0043808436589376,3.004416246824615,3.004639851971883,3.005251000904636,8.04352447269158,3.004359727771952,3.0043612414842626,3.0043653134032318,15.001265096688401,3.011811261671476,3.0142351055327725,3.0044503132826788,3.0044335300694205,3.004420542989626,3.005119009219209,8.061578169604255,3.0043897764712337,3.004969493608944,0.0034579083353655313,0.0013303847977192906,3.004455087192069,3.0043612393922845,3.0043801507404577,3.004368207472925,0.0034720962178595447,12.00175504245637,3.021335083243822,3.004359694746021,3.015225761528573,3.025441375132156,3.0619675413357865,3.008372830156408,3.006406505310633,3.0043633835350696,3.004361193484632,3.004363689767428,3.004367877106251,3.0043668642262022,0.0001964027140802822,0.0001951635352437543,0.0011645063995406432,5.635766260711122e-07,0.0011647706906947643,0.0011638650345964594,0.0011635179028252549,3.0043609991651334,3.004361921212852,22.022311769973626,6.003630349337404,15.004651486238965,9.00313008915193,22.022314679208257,0.021130825738203726,6.0042651772401205,22.022142839819736,0.04586689485241469,3.004364082787261,3.0043990404764305,5.209268367173709e-05,0.021130660713671295,0.00017545067087794118,3.000926852709707,9.004381775910383,3.0043620788549337,15.023692560401843,15.024758430730316,12.021623305644662,129.20240064373627,16.020416869379396,111.7811737215823,129.27471736235228,125.68512224295317,20.012807852313465,115.39284353493811,16.32315779775588,117.31027578682142,113.2486872633558,90.32765942402175,19.022300272390076,19.022299539168763,20.020325775079105,20.02032580999926,1.0008116329468544,1.0366663625806156,0.02294662473191603,1.0165090406887658,2.1293577570627783e-05,0.005773508874895493,0.00017545271981342492,6.019649707170722,6.00796909148868,9.027357300362793,6.022588764100327,6.008174811853196,9.025753070840269,3.0142808160265173,9.009875538777312,6.007596760546152,9.011148656626741,6.006941604958005,9.003321736699958,6.010205601184698,3.0044088905374404,0.002999788238745852,3.0044072951766676,9.004390711890586,3.0044088921233643,84.41578523326217,11.016608332054423,11.019767462681619,8.020331166818508,0.018520358443594155,2.3961710785581036e-06,9.007068473403693,3.0044102850819576,3.724165306052825e-07,3.0073620681102184,0.0468868147714024,9.00785487194188,3.0043600799716184,22.022314798829694,3.00575061928079,6.011125924607699,15.004688685698268,2.39878108698716e-07
4.011533463200929,4.011722706030413,10.041739951242043,0.01898853575225046,4.6666078213663495e-05,0.3201536068099111,0.01608693914442219,0.020214131555762484,0.01727051064473669,0.0024120626237882944,0.003829012406028371,0.016083401613439685,1.2039431501567299e-05,0.01574595389880385,0.012776226036504754,0.013350077490803377,6.117925843650093,0.03392253615699812,0.0008535070410277773,5.012562834819185,0.014011002520364947,0.01349093221789845,0.00016526743498495181,5.012559443706819,5.012559528864849,1.1845658857434935,0.10384222670698787,0.09517667904131949,0.10661887431505532,0.11405151593082949,0.08782073987468889,0.10214595063148937,0.10293374826414478,0.10241119882238099,0.08717222251799232,0.07334898321595149,0.057818191926308195,0.0791864408017514,0.096931778576158,0.039617766551344254,5.012581643685164,5.012566398123386,10.041739977326273,5.01255970321147,21.014181228170393,5.012559703683056,0.026646339990692252,0.02814215352877616,0.02589903146376573,0.038762395598852854,4.002017663815286,4.001958633226783,4.001956569212266,4.001958161126268,3.000898845533424,4.000910586136889,2.0099109066693426e-05,3.0009056147522597,3.000903667915509,3.000903693696448,0.03381092161059703,0.0064319105746909145,0.03382581577035782,0.03383340460436758,0.0338297162520245,0.0564025698350347,10.041000560189808,10.041517358468294,11.037976416698067,7.02662314875746,5.051239717346246,13.018938692849556,28.041375409768246,5.013332563434963,27.079660888096996,5.036066730973611,5.0126077107706815,11.036527614416341,5.02823208444111,5.01269731780985,5.012959200458829,5.012712018534395,5.012869990070108,12.015611175418288,5.012559523035685,5.01256483028888,5.0125826463149386,20.013162314844408,5.111471829717506,5.071022032058287,5.012907826307676,5.012801146096008,5.012786174411852,5.0149179073112435,12.149858234512664,5.012722412921934,5.0144654410826375,1.0011569491795547,0.012779308049683465,5.012928864246673,5.0125657426775545,5.012629660852086,5.0125911187659735,1.002384408975272,16.01909008601987,5.0297088188245676,5.0125594643444655,5.128290981362852,5.176475422103319,5.352657551476185,5.015369232614355,4.036202166839541,5.012632220236582,5.012580132927457,5.012576829835861,5.012593112221905,5.012588178837054,0.00040502888701530017,0.00039601686199245735,0.00016532232999783732,5.6618904949537005e-08,0.00016532196225698057,0.00016527218954997584,0.000165246410249039,5.0131336885752456,5.0126903536597425,24.096413945695403,6.029523977823866,21.014420189272197,10.040519348858727,24.096435039493745,0.01729128936062997,7.026317052738407,24.09619462227106,0.09647511750877619,5.0126614477810785,5.012605363860583,9.101146719372632e-05,0.017291144125584773,0.0002540580115784786,4.011532826905264,10.040802980546122,5.012809742696782,18.052033047210475,18.051711783639572,14.039998938442602,147.36911430632236,18.064037260507458,145.03774777067383,165.9579811929913,161.17190044696113,21.09513598467143,146.8477998942353,18.40915232540566,152.21220703354376,147.87672463119085,113.2538391908836,21.096428033079164,21.09642242590466,22.094777392149606,22.09477763641869,1.0004918943006937,1.1224891184686083,0.02832604010599356,1.07618010065833,7.721361297486734e-05,1.0184938119138354,0.00025404905478899865,7.057470121583406,7.027383887331047,10.103601288678796,7.06490128233434,7.027176794327182,10.083672323397693,3.0792642959674317,10.042861105629243,7.022726567014735,10.042619369724916,7.017546263799497,10.040740163771803,6.030934376878594,5.012762369086402,0.001976771616673585,5.013696181102862,13.01506356740102,5.012762373276906,103.10236227428258,13.04341310915777,13.05346922632875,10.042331928132429,0.015512354694839973,0.0010463805646550516,10.03197672034354,5.013757264796207,2.9246629224113107e-08,5.081608552777067,0.07246235566138405,10.041654034523784,5.01256092731557,24.09643569380215,5.016393212588475,7.042568430460178,21.01529809219618,3.663066861095199e-07
11.000566564469034,11.000593520192623,17.00587040946399,0.0036864217889961996,8.948243030536364e-05,0.31896349707026783,0.01427517981284355,0.028068036951534404,0.01907665113032425,0.009101683226680157,0.01924228496173425,0.018022679370683015,5.839614009501939e-06,0.002031353637874659,0.0003042517490375979,0.0009899542723274177,6.007610608716509,0.009907122456035996,0.0009134389393988437,18.002510981881038,0.00786977882472667,0.00775411948117638,0.00026626939688081784,18.001112806275856,18.001112957043233,1.0168172246189386,0.00833821017223418,0.010923520987818517,0.00951254611186578,0.012434941501100728,0.011378905853408179,0.00609656092555827,0.006114345362558073,0.006102284269009613,0.005282361257186131,0.004917658448898567,0.00419988149723257,0.004513213474753658,0.005985847816847821,0.0027079841978311123,18.00338367626954,18.003034468504026,17.005870437843566,18.001112489445656,51.863277498362315,18.00111261812818,0.0015247805673999104,0.005589063297638663,0.0014396483512302003,0.012566232735670674,10.00106051186821,10.001055158333532,10.001054289331403,10.001054958684328,3.0004940930204045,4.000962668201757,0.0004547896068284482,3.000942165627587,3.000936767048758,3.0009367840940615,0.009904677536410757,0.0047776566034058365,0.00991053905233248,0.00990911963834619,0.00990824636350347,0.022442467996709164,17.005725971618823,17.005786136909958,27.60669455757355,16.579370124843077,21.679710802095652,37.17633959029918,58.21355548030054,18.387531282869407,57.236656387051916,19.300738195445767,18.004772823097415,27.019761476867185,19.004493976564333,18.00329875493243,18.00438853778453,18.005282623568014,18.004971924761506,26.007010857318175,18.00111529931746,18.003689689224448,18.003352507390908,45.8627334263186,20.028567965048456,18.02202230690324,18.001136769060512,18.001137113036794,18.001129972274725,18.00135768234392,27.02670367022197,18.00115441362768,18.00131025553861,7.000563350426019,1.0079073298616361,18.00113742613515,18.001113716172412,18.001125519509642,18.001115813015414,8.023871860083826,35.11879515157818,18.00284786986065,18.001112951280945,18.005967490169635,18.017494076237814,18.02415394818273,18.004137045936528,11.00743644856944,18.001125887677592,18.00111931314036,18.005428777255105,18.004935506336327,18.00377229876324,1.1727454828417724e-05,1.1654193523168716e-05,0.0002662436224337321,1.9998708371263218e-07,0.000266318560111539,0.0002661479745601493,0.000266059726029134,18.033100792546723,18.002039668599057,31.00299895526023,6.005157320194255,51.1189821946241,17.00566837709063,31.00299914266128,0.020237123293097653,14.005394612183157,31.002988898877486,0.0059740061602055455,18.001122938418874,18.001437274890456,0.0004527420152220807,0.02023691982505368,1.0731086207327063e-05,11.000625362474558,17.005712737399307,18.00233900383789,25.014522190267193,25.01386282644707,14.012934809893073,164.18951459333837,25.002290093091666,161.87562666007207,189.6892961876112,184.92492616058348,28.00287234307407,168.5268812113342,25.346495714183277,169.04372031154267,164.7094848955278,121.02521437513413,28.002673767984426,28.00267373996515,29.00284481470779,29.002844796182004,1.0008603950540995,1.0121358058945529,0.00476713361680595,1.0195422327872334,9.177961170682543e-05,7.005292228799094,1.0718354006810035e-05,15.008249688231693,14.005789216680926,21.01873385060325,15.007677226295755,14.005209805117488,20.017066108496767,7.016383741497948,18.007027121519673,14.003286745841159,17.006265173234123,14.00344620659041,17.005642247231364,6.005689021731789,18.001118886487617,0.00011486499398012412,19.009526329378303,33.03491558143553,18.0011188986094,132.04037590561467,20.007190450822545,20.00862002686799,10.00815818735749,0.012388613218908716,0.0036069830516322057,17.003759400603087,19.004626781505873,1.0708558818465433e-07,18.004371570730633,0.015049185764760307,17.005864764452358,18.00112637570592,31.002999164830868,18.252152373774635,14.005940653037317,51.02842484268614,1.2361792242232683e-06
1.0289214327803728,1.0291413769245916,1.039117801504311,0.02125158694142766,1.0133380850860281e-05,0.0005431004555424764,0.007006084422070506,0.01167659936361017,0.008048636764103579,0.005320743419127079,0.005364788964245236,0.006622050228319853,3.7277317368279114e-06,0.011616322815332886,0.002611244001049112,0.0027517577528955806,0.010980999547351041,0.011481341043758782,2.880412949782826e-05,2.030389705971933,0.004134265564676544,0.003165702042560459,0.0006808188502455036,2.0303803949547516,2.0303803213206835,0.057249316166293314,0.029586105561441717,0.039251494897129174,0.04184482506426576,0.04455481471202581,0.034387907600434794,0.027934152317313075,0.028083107941369326,0.02798438757256244,0.02359113340831803,0.022146235132938317,0.014062695847898609,0.021860087144567067,0.02692235558647949,0.008873316960176923,2.030452870573281,2.0304006270711517,1.0391177904781805,2.0303813303549476,4.033771454508255,2.0303812476028074,0.006067976976252688,0.006337630859546777,0.005970893019069368,0.047016680022592384,1.0020866819720056,1.0020960371959735,1.0020936562049725,1.0020955144057673,0.0005984319731943299,0.0008644476976697296,1.3002148307899751e-05,0.000603439315402409,0.0006013832640608918,0.0006014001459422692,0.011476438239624583,0.0007987075152571463,0.011479129003981185,0.01148238991318758,0.011481468668609477,0.0512838150987067,1.0388592105634726,1.0387796905300364,2.0607421124701957,1.0327755117436885,2.0869275588245397,3.037216902356849,4.061414496208501,2.0315578984320317,4.073052043079962,3.0630048614130096,2.030519743604383,2.058899655321345,2.0573035643990742,2.0306908944845423,2.031290475452703,2.0308641796189533,2.0313370468048637,2.0322557095443585,2.0303822718771296,2.030394087407464,2.0304562609755785,3.0325164557919835,7.099390013012412,2.095414695740971,2.031251063873861,2.0306893786570996,2.030890030507257,2.0326714255862774,2.132958197072237,2.031013689671803,2.0323205114302354,1.0017460418837367,1.0496617714171017,2.031326507961335,2.030391373592525,2.0304884955510203,2.030438228808466,2.0288589500722267,7.00187794844563,2.0875859795649903,2.0303803175710815,2.095001580029246,2.106076664362417,2.1235908255234817,2.0337531705697787,1.0453619226225324,2.0304244755823175,2.0303994087113906,2.0304329966559154,2.03048716932699,2.0304731753851937,6.845460072066719e-05,6.470011019204628e-05,0.0006812173970085526,2.83717848051618e-07,0.0006813488426784224,0.0006809171421710639,0.0006807521586961635,2.0495611753100746,2.0307314039034523,1.0476577293636804,0.009731327988031545,4.123994224347236,1.038439547133891,1.0476664971033907,0.008304236809236473,1.0359584527864758,1.0476716071126253,0.02685995107360567,2.03043092094355,2.0304679176164786,0.00030073805388132523,0.008304656184468965,5.7592599589670786e-06,1.0289498935539396,1.0386475843832685,2.0308701395600397,1.0504115388313666,1.04988772890697,0.01995178451691388,2.1136213915243847,1.0438894425647902,2.107221778340751,3.157617529982162,3.1472976962683763,1.0461936533090601,3.1642054974961624,1.0443340176312244,2.1059915974766072,2.106836350603787,1.1162976119117545,1.0476630849102604,1.0476607528067372,1.046758775550461,1.0467588798608722,0.0002899370778017265,0.03903022583825779,0.005408774489491996,0.02337807697078221,1.6644123260807152e-05,1.0217715570510486,5.752705114484035e-06,1.0633975867721428,1.0363717097266276,2.146408524082544,1.0583209152955972,1.042180905471478,1.0845631392055797,0.08431823111824413,2.0657432304627497,1.0345096404093472,1.0402253642680626,1.0319438209459764,1.0386311222582398,0.011080691805908966,2.031065044487229,0.00026761746742119,3.137528830532827,3.03489635823478,2.0310650309310136,4.09255291421852,1.0420754943464636,1.052534181385305,0.02385707868087071,0.007163354749711259,0.0008727910198005024,1.0345525025294442,3.1648428496501224,1.8738851749904863e-07,2.042236514493424,0.05391193641093523,1.0390852175190335,2.0303852081200637,1.0476667828686437,2.0323927924192806,1.0401750525085536,5.059206749905851,5.338225276096774e-07
6.004806642585817,6.004811445782565,22.006159029232254,0.0013329389094939295,1.2200035501373158e-06,0.0001464730089351625,0.0025040007469551654,0.00616412118878577,0.002848372435412276,0.0022617452363233163,0.0026691465025903815,0.0021806051843215354,6.568885026706591e-07,0.0009583099235415005,0.000265774414826934,0.000273866196150318,2.0008972414409576,0.003606332512803133,0.00026619521751974364,11.00488211447544,0.0002277441075188383,0.0002227623635979762,3.797876691795762e-05,11.004880699372924,11.004881311841636,2.0099000181960034,0.0031063863730492183,0.008035351019641377,0.007791973651912644,0.00848507701884643,0.007605387366371711,0.002091086677598577,0.002095124087427783,0.0020923829247765607,0.001762356205387041,0.0017974786540456379,0.0012176094242896723,0.001636534496390535,0.0020645442380510656,0.0007630800457016033,11.004889163566975,11.004883088888672,22.00615911438125,11.00488063974949,13.011908276259609,11.004880702213063,0.0004479501349419577,0.00047032021989753945,0.00044449685155817836,0.0012420277542066363,5.000091836486915,5.000091344521575,5.000091317227766,5.000091345070675,1.653587647393835e-05,9.342599018489012e-05,3.319138160360471e-05,4.9618549862845724e-05,4.9479844230043226e-05,4.9494921757549687e-05,0.003606189047909583,0.0021799605555603077,0.003608121234190205,0.00360745640248615,0.0036071869242450746,0.0015263442572185522,20.006066559019906,20.0060989952893,13.012355421101315,7.007646160168487,14.01744704064639,12.006527590774336,15.01378477250487,11.005033727308339,14.012538328192337,13.009885432529323,11.00489517917759,13.012070074114554,12.009492809105307,11.004919851924177,11.004990775062693,11.004928828618329,11.004975518404633,11.005099660664726,11.004881011168488,11.004882541493432,11.004888954062581,8.012653627856096,19.41276099133288,13.02994130223272,11.03301362017767,11.023263915889096,11.026314620877214,11.032513338394283,12.048310540316361,11.340797630245943,11.04949342820444,5.011622346351988,10.224119943604443,11.034940086089081,11.00628033145145,11.013677476410594,11.013521480564854,14.236542614223769,3.029536890714746,13.007400808625523,11.004880739359571,11.009433570779137,11.0123282354296,11.01534212187764,13.005801873303659,6.006001517251474,11.004884439824462,11.004882347923479,11.004886124731204,11.00489186422248,11.004890405019221,6.016381847415871e-06,5.642983468362088e-06,3.79033824453625e-05,8.171220385052567e-08,3.791810124944032e-05,3.795644679459916e-05,3.786767143268608e-05,11.00686904396964,11.005527660627914,10.006847322375224,14.001240975355802,13.007301911276095,18.00600839767009,10.006848086646253,0.00296616731036975,18.006559224760803,10.006848752420183,0.002062395114602791,11.004885004659572,13.005214847712757,2.000409059096332,0.0029661399657474334,5.370042246182075e-07,6.004896235949426,20.006047277406136,11.005622381106047,18.007254790068526,20.007245886646384,14.002307353285453,2.0101968553173797,8.006509875244609,2.0090805090343644,12.01679726008168,12.016234380256183,10.006772768268261,12.018425623950614,8.006601045040636,2.0098239223389185,2.009868956978958,10.013580098311962,8.006845143992773,8.006844932171823,10.00676128225473,10.006761297289158,2.3304775967929983e-05,0.0026877675039054835,0.0003514011347491608,0.0011941405183347497,1.4269803887814367e-06,5.001590482303014,5.171213059497681e-07,23.015583042651482,20.01026980369603,25.245206942086586,26.27472062879787,18.011240399624867,30.144422599011218,17.1670349140524,25.22451401648099,18.005634180283312,25.00636830427405,18.005289804807806,18.006018402581994,21.001540671326506,11.004948366075403,7.143681124986687e-06,19.345289307478385,12.009219729442586,11.004948431201226,13.011701381955108,20.00678963765658,18.008596631577753,16.00382419884672,0.0024817359950377355,0.0016510584588270262,20.005544783015925,19.367369052804115,5.772896812479012e-08,11.005693983396272,0.001768411127140141,22.09138728588376,11.004881086641532,10.00684814822489,11.005708836954863,23.007011937353074,19.242892751413844,4.565846730900333e-07
6.000015977676195,6.000018821929937,33.00009992162859,0.0014418451707907645,9.079563007789066e-08,0.00021908356378829422,0.006646463567106964,0.006773561010397604,0.006768592794536938,0.00016521309187144306,0.00022398115388565977,0.006684686874032509,4.750468584466284e-06,0.006566447128478064,0.006497562655607338,0.006502939104694234,11.003712118540536,0.0006178854600737499,9.903924544142292e-07,6.000549243727673,0.0019361807494722482,0.0018458480674772048,0.00016476967578663148,6.00054949722404,6.000549570873516,2.0027526176870034,0.001248626263405633,0.001792605079527141,0.0017930246300001786,0.0021803253823062287,0.0019352162322637304,0.0011357911228544021,0.0011470595536928322,0.0011364477497800554,0.0011113417766443073,0.001064924327340767,0.000855593286574725,0.000741588779983207,0.0011325201575509058,0.00044719295939225754,6.0005495972629035,6.000549304559638,33.00009987912315,6.0005492966552865,6.00057862506458,6.000549342423264,0.00014482287412594165,0.00011578638160267048,0.00010291021196383582,0.007781709643753832,5.003855497610176,5.003838744286739,5.003832624108481,5.003837370338924,5.003205749267016,5.003241354411859,0.00011753477305202347,5.00324143672747,5.003230084736733,5.003230233581561,0.0006167391015665331,3.5223912062125245e-05,0.0006167292827785507,0.0006167934895327449,0.0006167835228044175,0.009011171176675483,31.000093729674433,30.000092268060317,6.0012474927558666,0.0011838866164555824,6.001163025111861,6.00057623222578,6.001593194366107,6.000556365008979,6.001844841539321,6.00078978193034,6.0005503527565125,6.001183890271311,6.0005944074866955,6.000550749782048,6.0005530081768725,6.00055319072413,6.000559689789301,6.001453961547826,6.000549539906403,6.000549326662033,6.000549483006253,6.0000480005986425,6.006841356108414,6.003237302558706,6.000553260430798,6.0005505125976715,6.000551550531027,6.000558363570451,6.001969536880588,6.000553008455898,6.00055705695989,0.0005354407610041578,0.0013615769673609851,6.000553606151634,6.000549260463244,6.000550769331256,6.00054945954608,0.0005342723875210395,3.557010244123389e-05,8.00745491044066,6.00054929937985,6.0010981725818136,6.001359620636064,6.002326127728765,8.001742454192136,6.001946651571478,6.0005493146363,6.000549189691572,6.00054945846468,6.000549804082167,6.0005496359019,17.549288359296273,17.54675068878357,0.0001648590940949306,1.356215569424959e-07,0.00016477202875410187,0.0001647281284847142,0.0001646970586129817,6.000549356547268,6.000549362070991,56.00897559699015,35.000079418005086,6.000578638882367,29.000085449621043,56.06917877459151,0.006731984532029551,23.000091120232074,47.00431457882144,0.0011313909395523104,6.000549304437751,8.000565493681272,2.000017223073512,0.006731909166447537,17.0000012400443,6.000015516731769,31.00009396011497,6.000549361219062,28.001702666042544,31.00166670478629,25.001043379393675,8.02876048339579,34.00354298763898,0.02805984194462279,47.01957799561432,47.0308768057743,40.00415361230873,35.030460255246254,34.0036518402137,0.027714428124910498,0.024790312228225704,42.00727794275785,51.00787300062071,51.00796945146369,42.01692130208671,42.01811770488236,3.44122841166365e-07,0.000669464082434039,7.600942694879007e-05,0.0008351019160657558,1.119985503096343e-07,0.0012245131219659477,17.000001212599926,27.000295247749673,25.000182488711395,35.000374494658544,29.00028000291315,24.000196863889,35.000325140698564,19.000287596708866,35.00013359297495,24.000096182222318,35.00013240876223,22.00005514475156,28.000086269390568,29.00012283024296,6.000552257625101,9.966553745137727e-07,6.000554405469434,6.000568066268072,6.000552299799238,6.005979010055363,43.10174194320199,49.066218623692436,46.06621576393947,0.006626326907497656,8.957617013644965e-08,30.000057722357084,6.000556381051097,1.2147043508912105e-07,6.000572523563333,0.008558818573876074,33.000099786479936,6.000549221505408,56.154352536949716,6.001091391514902,29.000132101610774,6.000579245367731,6.010279588273484e-07
1.0013722052670655,1.0014525468947535,2.0089197435493675,0.007296571750574724,7.803532066427805e-06,0.00011322424065728723,0.00344433294759929,0.006281648416919706,0.0038912674663709517,0.002719357424447263,0.0033227867712797552,0.0034865800645962003,9.119700031871602e-07,0.0032622022564091683,0.00042330289514175203,0.0006074637932218488,0.0188029065713645,0.0054033856403068545,3.4079813555631856e-05,2.005495577212851,0.00645983360741947,0.006336892868979566,4.522023576185411e-05,2.00549463913363,2.0054946199638493,1.129727431219594,0.0283078114993924,0.06910782241210912,0.07197961937163959,0.07578063627441002,0.07127181177720353,0.02278270498393014,0.022965936220103757,0.022818915150617722,0.019841059116843862,0.015449751627272284,0.014853727442090804,0.015846595371724694,0.022135210643565113,0.008066925591202886,2.005501659349769,2.0054968355735316,2.008919745006388,2.0054947148253803,2.0060488729655455,2.0054947091752444,0.007824564630091332,0.008971963275272775,0.007483754747505554,0.01303154375968807,1.0182853960145182,1.0181395286673447,1.0180949517074602,1.018129433787237,0.013294454691809787,0.013559307744584291,0.0007423032818192463,0.013504695549749944,0.013430372747880486,0.013431278402708094,0.005394509091711007,0.003168910153585611,0.005397623088586935,0.005396483697452985,0.005396064583616306,0.019020519724954537,2.0088435988354285,2.008821277748206,2.0126432871042303,1.0109139007287125,2.0120446187800605,2.00845869138601,2.011650994203651,2.005613740047137,2.011387771367244,2.0078608782185787,2.005509501798701,2.0120093914720267,2.0068220120684583,2.0055250602169457,2.005573017550259,2.005540279098536,2.0055847151982706,2.005714998514384,2.005494627516969,2.0054967882013526,2.00550199127342,1.0019771594620648,2.0334165269337916,2.020979972036787,2.0056139087417213,2.005589038840185,2.0055743932047023,2.0064493032967237,2.072021084111327,2.0055729260838278,2.0062637440025184,1.0041582490122662,0.008717521380492619,2.0056204078434883,2.0054967806505672,2.0055232754129215,2.0055060068320527,1.0047464481053916,0.01565130361356247,7.3415398654853785,2.0054946229744677,2.0573684112363586,2.0755175260926864,2.0858471571118677,3.0069871856857846,1.0397941860385393,2.0054996764231947,2.005496856773914,2.005499609412949,2.005505125627723,2.005503640626919,0.0002640643230100476,0.00026192637517593253,4.522342897433456e-05,5.741421633059782e-09,4.522613622312328e-05,4.521718736817887e-05,4.5214551083106026e-05,2.005498543664805,2.005497452877617,1.0346888060076451,1.0076743188505521,2.0060595911572703,2.008710086570411,1.0346938272942334,0.003953571951515237,2.0050713897536228,1.0344702174482716,0.022072403761714213,2.0055001845100358,3.0056112028402335,1.000133248140593,0.003953623487333252,0.00022791842507469777,1.0013721768314945,2.008818594920337,2.0054974659926885,1.012575689340294,1.0115014803029805,0.00980184601293547,0.031769357696992025,1.026344400835156,0.02297205910952301,1.0547252216679963,1.0547803906011146,1.0264676817035987,1.0509570287524004,1.0264282882363107,0.02134670816213597,0.021327232926286462,1.0255418171081845,1.0346908544982585,1.0346895247864916,1.0339705991300876,1.033970659000385,0.0003401795522727032,0.018195212758924745,0.0078068987182887675,0.018972482875361272,1.095718467922634e-05,1.0114623455888019,0.00022791850783646407,2.0132312163354236,2.005159021559985,2.019567200134657,2.015821540551741,2.004491508155872,2.0197322219577463,1.01618594358886,2.0095801210283373,2.0038760215504783,2.009026755744549,2.0030986600116156,2.008735722121808,1.0076495892984971,2.005559060696725,0.00038488514149079717,2.0061541314062987,2.005874305447451,2.005559061706528,2.013585248935204,2.0199262759619994,1.0214236898265792,1.0202755344157273,0.0026751627199280504,5.60956022823608e-07,2.006839474548324,2.006168190354058,4.356512490865484e-09,2.007538406043151,0.01470868231686416,2.008909105719241,2.0054950821760373,1.0346940289660416,2.0071264334526298,2.0090186835354578,2.0066592284859626,2.063761912717504e-08
1.001559705987925,1.0018869038889993,2.008893803588795,0.013283043400405386,6.520688966062153e-06,0.0001728202230286931,0.003960231685508369,0.0059586520810588,0.004447650033145792,0.0016869579574923558,0.0022724464954478113,0.003966799945492627,1.6362868043590345e-06,0.006120140643172283,0.001973489821349233,0.0021847181192694303,0.014194218272165184,0.004587472354280397,3.18106648543858e-06,2.019888261464734,0.00498797682833002,0.004855039206105348,5.273696121737581e-05,2.019882772934943,2.0198827552364595,1.202207364665128,0.06377100953062981,0.14324708513728932,0.15198590771144196,0.15752076069618542,0.14898596729283403,0.05527505270351963,0.05564431913821732,0.05539973525460728,0.04766712277633858,0.03964221365006123,0.031856928970771456,0.03967353305605501,0.052774335893292064,0.018197514064049354,2.0199265052255715,2.0198949011493887,2.008893804925575,2.019883415404538,2.0207095160269906,2.01988336477086,0.014907553422343546,0.015682215554823613,0.014546827370640026,0.013934210617519474,1.0231339491736149,1.0234678989312629,1.0234025762610066,1.0234535940579113,0.004084846684145658,0.004196844980069269,0.0001629791384451302,0.004135585425358262,0.004114945092408118,0.004115118467111278,0.00458170854591518,0.0010946674536017722,0.004582784453558749,0.004583163087613874,0.004582913231807544,0.02075257191505302,2.008808447504131,2.0087830762604537,2.0258540962483518,1.0243134877096438,2.0283564460793544,2.0234099736914644,2.028570476894975,2.020351879268531,2.026494541300454,2.0243947817405803,2.0199674676047454,2.024933727133238,2.022493342664674,2.020009137463282,2.0202256353656867,2.020174880056487,2.0204602098888835,2.020749611258579,2.019882763478179,2.019891234860017,2.0199286368639453,1.002771767090735,2.0640969556166353,2.0427736535174734,2.020369869489038,2.02001529216776,2.0201594402183067,2.0207200826514398,2.0549374017536484,2.0199930939874875,2.020609760291659,1.0184733634145906,0.009694388541650825,2.020415441878735,2.0198908236556474,2.020021032006532,2.0199110374523253,1.0193110157977,0.02824799333673658,6.706486098297812,2.019882808640123,2.042212943335154,2.052043537094945,2.0756896454024982,3.0226686814603214,1.037585722668327,2.019907508075142,2.0198939771045494,2.0199138715005933,2.0199471582842357,2.0199387508630235,0.00029893955993305296,0.0002963242794803781,5.2741987838954274e-05,6.72225502024361e-09,5.274516551916484e-05,5.2734591168338396e-05,5.2731333774206726e-05,2.019892836394219,2.0199009168028423,1.0390047166464973,1.0074794449438766,2.0207459067801667,2.008733709358217,1.039010858417492,0.004475132754398226,2.006532146028969,1.0387621690346824,0.0525873369410489,2.0199102409250083,3.019883078570982,1.0001077517612036,0.004475185542805472,0.0002547360395725324,1.0015596413865036,2.008784365009634,2.0199009712231675,1.014108171382265,1.0135551392492903,0.011335277680854636,0.053669657252231405,1.0314478010144308,0.03450231355295651,1.0686887865258599,1.0692287694249012,1.0205745812996811,1.0605178453724053,1.0315815290686776,0.032315785127894944,0.03243373735083332,1.0444787694611892,1.0390073438295135,1.0390057378304032,1.0373814684503495,1.0373815414938896,0.00017817241039169436,0.02605097811812642,0.007946934023962241,0.02277648532018717,1.090258416547848e-05,1.031746797082943,0.00025473612217414627,2.019921738921128,2.006654757211587,2.0243935987510175,2.0185625992573875,2.0082607738322977,2.022894674742421,1.0183777805085115,2.0099195959886846,2.0041198130913105,2.009014885762245,2.0043594027903135,2.0086941885309035,1.0074506638219762,2.0202984044570926,0.0009826324630172155,2.0209684947806257,2.020518549340425,2.020298405467246,2.0359744775985966,2.0263880395329275,1.030595331003432,1.029083428856182,0.003914876941525716,2.9201512203396074e-06,2.0066051619322174,2.0210034319764785,5.019224364217494e-09,2.0237749750758005,0.016560542473900833,2.0088838796997535,2.019885762125674,1.0390111033430467,2.021571050048588,2.0090106606752265,2.021679501000849,7.474182137488914e-08
1.000099367831248,1.0001537671230696,2.001196197385383,0.0010082543846337653,9.655285832238593e-06,0.00019012635240739102,0.001423294874376067,0.002594462530292477,0.0017793158960480201,0.0006463260765970944,0.0011670722402833348,0.0015349204308035614,2.545846415737965e-07,0.0010287176580055502,0.0004468042510272388,0.0006073175521764207,0.05155039789814215,0.0012756481620074512,2.2264949456134654e-05,2.0066360686963494,0.004866864042250034,0.004841463666356635,2.704934916374109e-05,2.0066347212136217,2.006634703060761,1.021077974858349,0.003135244531279443,0.011994290537038117,0.01165133964047193,0.012643222955498891,0.011836037670037528,0.002522241067961587,0.0027532555145167634,0.0025239015170763182,0.002643195702333886,0.00221129156824338,0.0019354909441266172,0.0019549930340796093,0.002716857023437209,0.0007631307939443331,2.0066451696735035,2.0066378103318296,2.0011961957245825,2.0066348514637333,2.006832827572274,2.006634841569438,0.0014644413032314692,0.001221136234122134,0.0008779961774112662,0.003953619667317457,1.0598099785587698,1.060219025912273,1.0599958026993022,1.0601684005091452,0.050060260823102436,0.051361566605587786,0.004199573573392344,0.05124418278794484,0.05082567572703295,0.05083081881803695,0.0012349010787004273,9.820474385273391e-05,0.0012348230599425589,0.0012349365497059603,0.001234896497878938,0.008484100420807087,2.001133608135961,2.0011183500932286,2.011049886953137,1.0102163267065476,2.007631715778201,2.0068737857157823,2.0075631548257262,2.0067565940899166,2.0104489620763775,2.0069860842475693,2.0066549559624867,2.010058694576756,2.00680828588308,2.0066687363860294,2.0067235940186525,2.00670379651357,2.0067715398970316,2.007057119166026,2.006634710634888,2.0066373929501045,2.006645669874757,1.0003907058928707,2.009525258124844,2.014115153545564,2.006747127560452,2.0066615175909117,2.006697891305277,2.0067784114100733,2.0123674527147686,2.0066787694548616,2.006764332037201,1.0065698140495782,0.007113499757223364,2.0067579558160866,2.0066365467295144,2.0066671384770167,2.0066410607245992,1.0066293163168312,0.001658439732501083,8.817539125913408,2.0066347109406024,2.0106975172422326,2.01593628017877,2.016815184003344,3.0071593090017816,1.0120329495500702,2.006640163138016,2.0066372735296003,2.0066420875561106,2.006650217415111,2.0066480901454717,0.0006787580026839548,0.0006727294536824786,2.70477964040084e-05,3.206088804166279e-09,2.7049287246555983e-05,2.704454851711662e-05,2.704351177070246e-05,2.0066356272832464,2.006638972000834,1.0578659218944437,1.001609560525843,2.00683342634746,2.001045624701424,1.057880105150851,0.0017829198618520244,2.0009373468669254,1.057322304398427,0.002714628830804996,2.0066406531191494,3.0070332639847153,1.0004238042119684,0.001782941230324631,0.0005763922910595256,1.0000993354483574,2.0011324986119066,2.0066389794648445,1.0012905017790064,1.0012568839454385,0.0010836848930806822,0.021969047711916035,1.0568961368837875,0.017626936919980848,1.0693932955246972,1.0705189919080282,1.0508495352024103,1.060946653553763,1.0570164161804374,0.014649879786597207,0.014239499935887592,1.0120518674570216,1.0578722676039947,1.0578685008280484,1.0571363290592557,1.057136496302098,4.109287726767432e-05,0.0020274735750209468,0.0008965721516509222,0.003781630821206942,9.867684050258388e-06,1.0077788731455741,0.0005763923738775113,2.002187197925623,2.0010010470062607,2.002608577120665,2.002228580929391,2.0010720294573963,2.0023988063275433,1.0015006012779593,2.001389038577528,2.000934729462193,2.001316941680638,2.0007971985540047,2.001056195634728,1.0012474548425412,2.006732342075344,2.0381809725666712e-05,2.006739496669507,2.006766179550132,2.006732343085205,2.0104125823665244,2.0087443765979502,1.0091760872679276,1.0095650889439376,0.0011826779193881277,7.070132901384908e-07,2.0009920399691885,2.006742552649517,2.643707856689523e-09,2.0067931997175408,0.007975221735240706,2.001195719382769,2.006635405625545,1.0578807381461495,2.0073874041217286,2.0013117863916627,2.006925869196438,2.56721948182441e-08
1.0002236481062765,1.0003896201899372,2.0018565790197873,0.0033349539808306605,1.005774892724067e-05,0.0001080422054842244,0.006840597058199917,0.011234523244597948,0.00853444290455149,0.0023108093523135963,0.0031183988069882437,0.007518578135125257,3.669826618029917e-06,0.006450263371488584,0.004672772439169522,0.0052060578995922965,0.01738201902564496,0.0026097488108231654,2.2256620636392514e-05,2.014384562079764,0.008300336824928195,0.008069393601171513,0.00011698392606841343,2.0143808187019747,2.014380801357816,1.0456862134213256,0.008173820766881407,0.036259110390289465,0.035341986527221605,0.038392065272389746,0.03694469810004041,0.006085646333205274,0.006109623853861218,0.006091306015420227,0.005402626816177107,0.004925982276866164,0.004359114656625449,0.003981424909172143,0.005978153428204798,0.0022058104555035337,2.0144106443564547,2.0143891442354467,2.0018565774257877,2.0143812484621306,2.014758429275707,2.014381214790844,0.0019170122175878775,0.0034790728668224248,0.0017842992974896564,0.01965711449091819,1.0268946314980225,1.027134304665118,1.0270626371256975,1.027118397359935,0.011813909387629693,0.01234010261901505,0.0006539585905022895,0.012016221844874114,0.011949107873829417,0.01194986719393719,0.0026022420042240107,0.0005270771086918407,0.0026026358072039828,0.0026028284405861506,0.0026027234231260094,0.02600249948235696,2.0014870957263047,2.0013885702104477,2.0170483980138587,1.0166994436509342,2.017080081590432,2.0150811960544917,2.0172902165287527,2.014673652168938,2.01665803152458,2.015644366596823,2.0144388272538123,2.0163495629293258,2.0149906745159054,2.0144623795615484,2.0146012946888563,2.0145807918398893,2.0147775133550505,2.0154563486534296,2.0143808092873794,2.0143867969828366,2.0144120977499447,1.0008715990320523,2.0236836315763083,2.031577799011122,2.014704133116749,2.014455864256812,2.014562001885097,2.014777840811786,2.02416322499812,2.0144521558148485,2.0147385874280466,1.0142577703505073,0.007972896946228157,2.01473536273502,2.0143861909402543,2.0144756518743554,2.014398732316823,1.0144238150460942,0.0050330175389753104,8.199060250162953,2.0143808358684328,2.0169668127033566,2.0193060345861666,2.0221056341974997,3.0149108311044066,1.0188750538183289,2.014396470323493,2.014388109107041,2.0144019442721652,2.014424753291939,2.0144189874343965,0.0014017584057993467,0.00140045252148072,0.00011701538218041179,2.084122553528548e-08,0.00011702533485783367,0.00011699131512664726,0.00011697914824205812,2.014383483936217,2.014393164671477,1.021626831546755,1.0026361411098552,2.0147625026913016,2.0012553755228217,1.0216302003220352,0.008530854744333046,2.0013012701877164,1.0202595117291888,0.005967437931468354,2.0143979275779578,3.01439321357353,1.0000856120139978,0.00853083618694967,0.001374093164014222,1.0002235964735473,2.0014856393520355,2.0143931911474917,1.0039386112793849,1.0041217997919634,0.003507146823602635,0.03421069966270533,1.0194915216043356,0.033589631792099145,1.0537102003502183,1.053264129448237,1.0138760469179173,1.045764114882617,1.019583712791844,0.0346319660309566,0.03266007160196445,1.0267630884927899,1.0216242700978035,1.0216234895961602,1.0197171163954089,1.0197171533011598,0.00032942142323649266,0.0034642636788179337,0.001754556919857417,0.007264006225583461,1.0573559059840754e-05,1.0177805877763448,0.001374093246915701,2.005650700919458,2.0016759101476818,2.007514534985797,2.0060622493648768,2.0017475081622123,2.006808898831923,1.0036762659034852,2.0023331471841552,2.0015090784379344,2.0023354611787285,2.0014717185960436,2.0010213822640774,1.0021410954990946,2.014664010478534,7.29413746535256e-05,2.0146820996624366,2.0146104595284764,2.0146640114885366,2.029855968503248,2.008275111059411,1.010051499850914,1.0101120729504764,0.006837510592658612,1.938496162487606e-06,2.001656702984377,2.0146923183079912,1.4557752080250605e-08,2.014735384230749,0.02411301057473146,2.001855788521309,2.014382848588951,1.021631132508786,2.015722276474298,2.002330188441291,2.0150225188214854,5.423445441722901e-08
1.000100170895724,1.0001589670823199,2.0012414311109072,0.0017328449245874445,9.587207468728412e-06,9.28792024446525e-05,0.001916624575319303,0.0029286682248609473,0.00217471531570821,0.0006696371589336738,0.0010550470301768232,0.002031283974585318,4.778662104512466e-07,0.001534882496039416,0.0010566412696427756,0.0010955417349891132,0.026740303656202006,0.0011281714168998758,5.500912343519811e-06,2.006853057792668,0.004905027143586485,0.004875058853173607,2.7413391112075818e-05,2.0068517169163975,2.0068516987658085,1.0257048916652065,0.0033627845804760944,0.01952432431522804,0.019059116161111396,0.020311710427325724,0.019419700797265526,0.002365078614722787,0.0025959975063023174,0.002366691943032767,0.002488305680261604,0.002091252100340524,0.0018068594935023335,0.0018095101121799197,0.0025604973930679125,0.0007312294555420357,2.006862148192473,2.0068547972547592,2.001241429445003,2.0068518471704424,2.0072290275927247,2.0068518372698336,0.0017367568796547075,0.0010781443388226653,0.0007219183694328684,0.004636568940712552,1.0337262270855203,1.033184457850394,1.0330869309738586,1.0331622490700267,0.0248547249754606,0.02545058986635089,0.0016720397140027668,0.025328122881321885,0.025160874925133185,0.025162916035375266,0.0011117647090288856,0.00023293844910238616,0.0011118183020524023,0.0011118730699712757,0.0011118401796349603,0.009064668051055234,2.00108049671318,2.001161080028202,2.0103567636469433,1.0092206464306586,2.0086857270973697,2.0071606818803214,2.008150026882302,2.006963045060178,2.009563024120186,2.007301557686923,2.006872694295467,2.009091324927498,2.00712523926582,2.006882347890158,2.006933264508172,2.0069207570043632,2.006988502318784,2.007275987802629,2.0068517063369407,2.00685436525431,2.0068626504738414,1.0005707138137208,2.0106482830726646,2.013918914317542,2.0069628205944823,2.0068770638801983,2.0069138854382103,2.00698281912623,2.010965099657053,2.0068805212374508,2.006970634931115,1.006785492873971,0.004739768402386781,2.006973596283433,2.006853510802115,2.0068837396968604,2.0068578155064953,1.0069120771597142,0.001831455893161982,9.530462131937966,2.0068517066456497,2.009034393518481,2.0098635094940054,2.0110800564076907,3.007358786254444,1.013499274697125,2.0068572053566385,2.006854289459352,2.0068590495538814,2.0068671850383715,2.006865069087266,0.0014278515976794757,0.001425179050001832,2.741183831857017e-05,3.205851563512733e-09,2.7413329036859774e-05,2.7408590232811227e-05,2.740755382938879e-05,2.0068526371895463,2.006855967929258,1.0336256314743493,1.0023565301385502,2.00722890262441,2.0009911715946656,1.0336321953405498,0.002176445347334994,2.000889538433495,1.032262558398521,0.0025576856402270195,2.006857691472577,3.007250436967966,1.0004239815002685,0.0021764603445098693,0.0013773556568045296,1.0001001385290678,2.0010793080034897,2.0068559755821886,1.0013464841101138,1.0013161068382563,0.001141354356235292,0.019075025735006242,1.031845469214937,0.014153401909023887,1.0431544250362286,1.044393484165146,1.025768193286947,1.0360007340254471,1.0319075691508968,0.012928340907947637,0.012255524807719752,1.0125905190957452,1.0336303365313082,1.033628693430675,1.0320893567418838,1.0320894313652758,4.201830151067477e-05,0.0017351146497527603,0.0006231169031822648,0.003113397431849092,9.744772706713307e-06,1.0087214527483674,0.0013773557396884364,2.002622130211468,2.0010518901853733,2.003690782199345,2.002856802407887,2.0011258818841307,2.003216110096267,1.002039093584495,2.0016109018131383,2.0010281920561783,2.0015511076290955,2.000852562132584,2.001000849591275,1.0014807830763548,2.0069493377826544,2.505982905366344e-05,2.0070235905605722,2.0070812618543927,2.0069493387925057,2.011671774268189,2.0080650437603467,1.009392593644051,1.0097823340597905,0.0015682385575126153,7.119793270029642e-07,2.001042230495335,2.007026870051713,2.6436024091441163e-09,2.007008245791836,0.008820562025878994,2.0012409841402112,2.0068524014193287,1.0336332166896012,2.0080347492705757,2.0015505599734653,2.007387842060991,2.5658329037883336e-08
0.00016335119795269024,0.00031105859529646475,0.004815555311989912,0.017783724316192732,0.00018370001270740473,0.001674852606870822,3.0528629606485382,4.104607987354054,4.073072361161115,0.01766956302122214,0.06693121005494435,3.068021184898755,0.0016210155458169842,4.011755188144138,3.003937694951984,4.0081976918162034,0.03734672575617781,0.021427540132780833,0.00026366097273463436,0.001545567778415165,22.532833280878187,21.82787390247529,0.0014298551399417841,0.0015453481409791732,0.0015452675281086767,0.05342693288994025,0.02276139268805706,0.034634657789615775,0.020414182558702514,0.039900592175358685,0.037187981425383945,0.020277531248255758,0.020393170371935814,0.020306806921715586,0.017946389107918456,0.014462998920482245,0.015592008102189069,0.014653983426471373,0.019776803036523793,0.01047937746648249,0.0015470266466574008,0.0015466883446570278,0.004815623065963931,0.0015451631015306804,0.004843859906682648,0.001545174914242062,0.011914173834063884,5.128779703522631,0.007118720373940488,25.604064010532838,0.0026076064625929775,0.002617981929126501,0.0026148877728497597,0.002617287403798181,0.0011849692145165112,0.0013210802946172948,7.919301072037546e-05,0.0012439490432774333,0.0012406896376973213,0.0012407298974485153,0.0214073679786315,0.0014314327552103672,0.02141258390506094,0.021418686266171768,0.0214169545061542,31.63238946116965,0.00430757219428674,0.004508132839972258,0.00969004183254054,0.009526409192581355,0.01607327105511193,0.004570702688527093,0.04057301996367625,0.0017310834513777937,0.01462680041603935,0.00582323371113242,0.0016726777723960775,0.009285543707534545,0.0018765732352911647,0.0015655675418735741,0.0015921661299869217,0.0016777297612776874,0.0019769334444300376,0.0243138938886869,0.0015453226411888674,0.0015463182098323057,0.0015472917333079071,0.0034726887746106294,0.04423335785333847,0.1654688869435974,0.0016886955345137632,0.0016638933572810815,0.0016481837394384052,0.0024466209077058,0.06772042921752552,0.0024907393449363933,0.002314074722262537,0.0015517720219674382,0.09132843325090184,0.001695703298762121,0.0015543022587211919,0.0016918591986674106,0.0015706937850006643,0.0014231450822985532,0.003741683715089706,0.010240796217431198,0.0015458800848012835,0.005908582871932414,0.020998758670386784,0.027413420941416633,0.005881757124056706,0.018984498341638505,0.0015479433496387858,0.0015459452345125864,0.0015469002796327028,0.0015484622811206478,0.001548391758835232,0.0007805664080520284,0.0007801654772249208,0.0014312106866712195,7.851237676640255e-07,0.0014315259955324266,0.0014303390652837134,0.0014298869642211103,0.001546125101969737,0.0015456280103419927,0.01043420313513001,0.0049082505985582866,0.004817811802570822,0.0035917099539591723,0.01043524928452736,4.074424842980137,0.004007441977910875,0.009664386158025113,0.019628316889958572,0.0015488781614974732,0.0015455313418171078,3.6489135613525947e-06,4.075547263272799,0.0007715919866682535,0.00016236147876495913,0.004299510566258338,0.0015459095644961875,0.016946345858248734,0.01709510292058743,0.015508988084111261,0.3166906550212811,0.007591596400148995,0.37526696424543826,0.3811467896487516,0.34223836061136115,0.006480632614008535,0.298494195174318,0.00925466425051595,0.35294605604476814,0.34630800771314457,0.23301715904775627,0.010346264825798167,0.010346019891261795,0.009366842588785118,0.009366930992027003,0.023977324271520276,0.042593037996976994,0.013967578846118415,0.0654908253291241,0.00020084865897258846,0.01655780111376945,0.0007715514385246162,0.009677624088232441,0.004525615241560549,0.009887554004145795,0.008154835875684503,0.005859360288242672,0.010097226349384605,0.00787185596141861,0.005946912169119551,0.003511316512998201,0.006113674597733777,0.0027947832729918343,0.004002956500755478,0.005943876390000479,0.0015574551007189088,0.006258922219850886,0.001632107122938766,0.0026998858328951447,0.0015574340276567247,0.1942246847519296,0.008070491076659683,0.01171098152524558,0.013069455850087563,4.038765545780859,1.3375235988020764e-06,0.003085945388501134,0.0016519711055107363,5.738740440856602e-07,0.006599326579219358,27.758109818967668,0.004812323690012001,0.0015453023771144507,0.010435662665370188,0.03456488240089725,0.006024358525697627,0.004855381067520416,5.613658409893615e-07
0.0017799754404802155,0.0018317290826820435,0.026376417108652756,0.056241679581432995,6.346768774499802e-05,0.0004910186422712438,3.0117870313809663,4.026530074281935,4.019666792346605,0.008252910537872117,0.01572474134417011,3.0153540035969026,0.001581386387531273,4.014026526496208,3.0023187101715996,4.005812706456126,0.048035813028401014,0.03277358640540077,0.00023707364284434416,0.004419830169590109,22.034475484724414,21.33273490279585,0.006169771608765778,0.004419261880992539,0.004419180258668998,0.21565530855678394,0.11627478916110322,0.10578870486935549,0.1093940980639323,0.14195432051616724,0.11136025774050018,0.11180618698119259,0.11271136881466358,0.1121024336263936,0.09953569015969944,0.08974087768807863,0.0593781967526015,0.07089947538622046,0.10576273532399938,0.0239922566571215,0.004424236322061284,0.004421129489339183,0.02637649665884855,0.004419127820221205,0.007964251240409065,0.004419135480184287,0.01827092865216256,5.029116367526218,0.017630327249146725,25.113176657813224,0.003733066262229601,0.0037535551122021556,0.0037481960448953813,0.003752366785294065,0.001026538930534406,0.0011963308047331438,0.00016439903242172017,0.0011743161286611326,0.0011707926325021678,0.0011708277771803062,0.032745709474328276,0.004337705010296311,0.032757043902213116,0.03276589061692582,0.03276269371953676,29.569043926350737,0.02479336466049118,0.025819901872542555,0.020920014205974363,0.019163352321789322,0.039227936469361596,0.009170772199658487,0.041638456310913674,0.004751971800514682,0.017872716857229062,0.012678465686928231,0.004496179862269054,0.020099458256211334,0.007134704153032373,0.004474101849837945,0.004552685845365445,0.004499848443757186,0.004645066397780164,0.014531458582985829,0.004419235502381796,0.004420744920475773,0.004424590646884365,0.005352633021054935,0.035403367313996154,0.021914539952332914,0.0045228398632566,0.004521683154958818,0.004492285360954001,0.0055047553257719,0.0849281977422737,0.004476323020616047,0.005288227350989094,0.0026702955023094953,0.0053636915242863785,0.004526952856786748,0.004420917803144813,0.00444117545859118,0.004430168659894749,0.0027572915511207244,0.004965294356130641,0.014187302614174458,0.004419797296976077,0.01974808299835596,0.0941198837460934,0.19954207565189575,0.057812894496474684,0.016474731176973356,0.004433985278511499,0.00442325331036497,0.0044232069946035036,0.004427111345558481,0.0044262284442436045,0.0003016997492502187,0.0003008466113110342,0.0061788995114539684,4.937475923782855e-06,0.0061812072580902325,0.006173125640874974,0.006170053046070667,0.004420135578651999,0.004420924590847417,0.0188312998976537,0.02319964105226791,0.007922048213194989,0.023465777865379997,0.01883329787875812,4.021026101747823,0.01955839354534996,0.01854657826938168,0.10545605373563761,0.004439937712099559,0.004419422644385671,1.1996005563950672e-05,4.02211483090226,0.00028712159608592795,0.001778982107429672,0.02469208257014465,0.004421159687695954,0.09574923755161323,0.09127894716193083,0.07753898640989805,0.13092253744349175,0.010030237375151614,0.139723134001464,0.15189466691611367,0.14749590561793915,0.015849126617294144,0.1538068653061446,0.010506624725722497,0.13541018221851792,0.13454828111573988,0.08434907638533441,0.018815155572176164,0.01881461701235514,0.01829191468290645,0.018292015586630454,0.0034769565495715474,0.08876774143759482,0.014996316356336253,0.09120467378033936,8.564358622437684e-05,0.008954877134938385,0.00028708104810576027,0.034761796668558984,0.021179748535649346,0.048706244346709796,0.03431406371266519,0.017273226654738905,0.04793185985724476,0.04387441621764578,0.02695765485165062,0.016105294079150328,0.027268023450202048,0.010412736226160093,0.02422295432490131,0.02540893919859642,0.004463743022597678,0.0015182027150403335,0.0045682033772971005,0.006758822860493273,0.004463721950392959,0.07163785634235026,0.025290983017203093,0.032882430075795735,0.03267088747194673,4.012550351533136,9.754410907583691e-07,0.015518373809397867,0.00458120737088782,3.3791018488088084e-06,0.024334957954488333,27.27004506300603,0.026331736089900082,0.004419439701255761,0.018833458290949904,0.02375871863065449,0.027239618270753104,0.008035272005518835,5.664647396563457e-07
0.0009745683352444358,0.0010709042965745018,1.0661559712198476,0.02054184799795875,6.743960413788749e-05,0.0003553716741020621,1.0036061457989716,2.0070786319120706,2.0047082806037655,2.0031473661478487,1.0044174103919323,1.0043616614612783,2.0218391428297112e-05,1.0057898475938027,0.0002505042468612788,0.0005164349480351511,1.0093264809061795,1.0154588041435857,0.00010486882686336413,0.003643705946344029,0.0165835824497143,0.015784181132682824,0.0002154029821102894,0.0036431259488771957,0.0036431825065593886,7.431268404740424,13.323914222582857,14.861932304906107,13.49705294030762,16.024162746603057,12.54415029008734,9.44687673132837,10.452624326727669,9.448457272182623,9.405827917009153,9.150832930552474,8.33169725095533,8.39431142167031,10.412033987195647,3.271668109903172,0.0036472341354719297,0.0036444639100614296,1.0661560166717874,0.003643167666284984,0.0054516789180830885,0.003643143963466955,7.280226705874867,3.282223246169801,3.2626804888013647,0.045465127350688105,5.00378348848303,0.0038100970091366833,0.00380473334071721,0.0038089160502841127,0.0010544744457961991,1.0011057207698886,6.772849278048695e-05,0.0011057594616044333,0.0011029633505234252,0.0011029908092695128,1.0154558636146955,0.007241679444176758,1.0154660373402251,1.015463655496554,1.0154620959492602,0.057688486931281584,1.0658183448195182,1.0657013993022908,5.022482602339767,0.021522124616647844,0.0265499026521607,0.010294449279747854,0.02711746147496329,0.003913755760774506,0.007957318605802826,0.00813038137678032,0.0036592460300953634,0.02175122346738847,0.004662866459865743,0.00370501174733421,0.0037857103050584913,0.0036698037929785905,0.003695908847120565,0.004071673847690592,0.0036431314183911234,0.0036443213421147487,0.0036474666398556184,0.002811416744062016,0.023353550111993072,0.013954544500010607,0.003702355797903642,0.003682224860035921,0.0036812286892611624,0.004022938657544645,0.03917453920573519,0.003671691812992976,0.003950544626699363,0.0026876826594681397,0.0038517735614849668,0.003706146063269874,0.0036441790778339567,0.003658516177321562,0.0036482162935629245,0.003137451384031049,0.0032382739077037284,1.0228852294087858,0.0036432153897873396,1.018774137593468,1.0408833380908245,0.07089023605231745,1.0196060572737677,0.01191858870810882,0.0036468660358085873,0.003644484612893155,0.0036463315370156946,0.0036493218506403065,0.003648515351993827,0.0002238810643328548,0.0002170159614758624,0.0002154846464055233,5.046053475749791e-08,0.0002154976356083129,0.0002154458830212787,0.00021540122347586804,0.0036437028133290625,0.0036446918358597384,0.06872580805122058,1.0644862049776174,0.005434615512078488,1.0647308761288947,0.06874186246192548,2.004942271833816,1.0084704782816643,0.06861706885457511,10.40521160922099,0.0036478077470802157,1.0036434666312524,1.0000098247317708,2.004942557191061,0.00010904607491237555,0.000974495463014466,1.0653521173750249,0.0036446894158982824,0.09337028594283292,0.08486657903167566,0.08327410981089385,1.03483308302766,0.005129032430258537,0.035367595736801496,0.09731270219166434,0.09720843845781853,0.06811849021653946,0.12176267677531422,0.0053383739750711865,0.03070074115882798,0.03126013631460295,0.07300479696393598,0.0687361599529752,0.0687318610231582,0.06837884999936622,0.0683790368380064,0.0005170494525714937,0.07975986130994356,0.05105387810518348,0.048564607759010205,9.076145720086321e-05,0.013396752972437474,0.00010904569872341559,1.0180069980608668,1.0085513141504339,1.0895083830954646,1.075430108551778,1.0060539679828966,1.0926653772770512,1.089512532512669,1.0665320647623648,1.0073489592748581,1.0665101405212625,1.0047918939722054,1.0650059565185839,1.065320805742498,0.003679570105999127,0.042894022993106865,0.004130221492578641,0.00432582835515009,0.003679566880447203,0.01936548971406717,1.066551395899053,0.06826663531369047,1.067897778771661,1.0024962692425141,3.201582981003095e-07,1.0615861795108206,0.0041374197591935525,3.9595935925422487e-08,0.008076291226428427,0.046620966849056575,1.0659516855759923,0.003643343013414381,0.06874234107001378,0.008130007005169625,1.0663115294328147,0.005901098664550574,3.7362898284680536e-08
0.00232641832207597,0.002575999023583665,1.020105656039123,0.026941816644024404,1.1548396239301981e-05,0.00040419991429581034,1.0110177850361883,2.026412648284525,2.0176379968655263,2.0080094331560936,1.0102417707040607,1.0133123983878563,2.7024437356389397e-05,1.0226792520285273,0.003479987314872035,0.0061461825733484625,1.031340968117062,1.014144470392196,0.0001428946498719298,0.006630588535250586,0.04422760107821832,0.04320742510691233,0.009611531448734268,0.006629272176297019,0.006629327651834869,6.264085944436745,13.019922903471043,14.534618993482832,13.23808648548397,15.732447578368125,12.303842998416373,9.178713545807074,10.180840404922542,9.179075941608941,9.101600659310629,9.144073079398591,8.147938355335942,8.102003399145383,10.165304975431654,3.0446675868284343,0.006638451489110371,0.006632127386804975,1.0201056482363866,0.006629387200673846,0.008050327900035162,0.006629357560669881,7.036819006737127,3.053662987773646,3.0297870135656884,0.06305450427521898,5.0060356880852295,0.006079392345199235,0.006068793939420028,0.006077061282178422,0.001604527385927796,1.001640498444269,5.993600709277738e-05,0.0016331277096375905,0.0016280221958808981,0.0016280734362451314,1.0141294320773844,0.0033304791960474425,1.0141343575207598,1.0141356514322772,1.0141345533001862,0.10068658702014638,1.0177574939968819,1.0147719582449135,5.030515355814487,0.028235816650061862,0.034328250651369914,0.01069767195329493,0.09995594625584239,0.00723689747270003,0.0157820753743783,0.011959630127534754,0.006653198105836892,0.029202431104354915,0.008946131669003236,0.0067249693227547785,0.006855779661558176,0.006695401441961329,0.006768152404934325,0.009137668824220733,0.006629276707637745,0.006631660614228868,0.006638912250933223,0.003803889637473629,0.018727035711017647,0.022834973528426783,0.006741603954084966,0.006680152666889856,0.0066970735863710485,0.007064964246460035,0.04120004245941871,0.006678573597708247,0.006988469538589269,0.004339649888820574,0.006468862000080291,0.00675054223637445,0.006631147105275184,0.006657336796978603,0.006637358364535723,0.004443211891409691,0.0024747383772277215,1.0233939064733732,0.0066293670388693935,1.0144481139836625,1.040992344976119,0.09251914669209517,1.030538127814181,0.01569701902184168,0.006634468295709207,0.00663153993628791,0.006636354780772526,0.006643029980805941,0.0066412145881127775,0.0001854645034370796,0.00018391322377847452,0.00963012615725757,9.940981830373666e-06,0.009634884945536642,0.009618410682108319,0.009612124247254498,0.006630076470162067,0.006632858117688231,0.025987343425320924,1.0155470205509902,0.008020519777673858,1.0143505644893676,0.02599098147863883,2.0178599679863622,1.0158127041486638,0.025835592169931327,10.163332460891109,0.0066351435439913975,1.0066295446368674,1.000021718371761,2.0178604820493202,0.00015928739343196608,0.002326340569034974,1.0177141479611858,0.006632867059107984,0.06762515391036462,0.06511477054572873,0.05300242781807145,1.105989484097585,0.02148845438687761,0.09899574418256107,0.13005930630256826,0.12469257440215205,0.023939889029778023,0.13833721576224411,0.02184073118916129,0.10348623894916407,0.10294319858347904,0.09622416968484857,0.02598460325036108,0.025984318988632845,0.011937810071048806,0.011937850259713344,0.002617562441598017,0.03675368543579171,0.011151790668956333,0.03947852949679804,1.9298073887630972e-05,0.025266702653001943,0.00015928701990330178,1.0382955034734704,1.0182003275275133,1.0619706796563892,1.0392710954102444,1.0205980120394478,1.0607138325921859,1.0449093981045732,1.0228136519888777,1.0169274067793783,1.0245438261086406,1.0146707227641203,1.0124789203008504,1.0221627955487331,0.0067119986482443985,0.011083644418747316,0.006785369334553394,0.007168234632632328,0.006711995422443667,0.06054249183691353,1.0241688761282193,0.029240352604332175,1.0318745644984415,1.0124677631047274,7.115418075421191e-07,1.0165814316118758,0.006790779295368362,6.7214150903382855e-06,0.008688759728122919,0.06719275340091853,1.0200799765639577,0.006629823466504304,0.0259911298293621,0.010630715723321641,1.0245330000982116,0.008158631209675152,4.4548368876829165e-08
9.626830725947466e-06,9.57308649764933e-06,1.0001791635465855,2.6470200962310662e-06,5.1934327376720116e-09,4.794397283785086e-07,1.000140741351369,2.000291692417498,2.000231558207954,2.0000990699194197,1.0001088757111098,1.000146047564824,1.872198334011055e-05,1.0002029872030826,7.130155257052887e-05,6.795628382230531e-05,1.000052346184575,1.0000630236499646,8.581864321786719e-05,3.4261912715045255e-05,0.00034616111303330943,0.0003388243592820704,8.661762645533791e-07,3.431469150969288e-05,3.437164867353388e-05,6.0333805127426094,12.84701490476247,14.434766616279516,13.070870143842479,15.55199993278016,12.152252330604878,9.004879137487446,10.0054395903256,9.004688956984698,9.004427995334646,9.006687677505631,8.026302999237789,8.01793423321637,10.00280874472559,3.0022850780032657,3.427670485146271e-05,3.426818573178309e-05,1.000179148259724,3.429827462296e-05,4.152152739345582e-05,3.4279225283029165e-05,7.008618569727412,3.0075367081256763,3.0015608111462098,8.576533481309523e-05,5.001325135123646,3.082217624541778e-05,2.9671614615251337e-05,3.0105747739128398e-05,7.231421008083614e-07,1.0000015604536414,6.363115457242351e-07,1.3466451102665855e-06,1.3152905272582423e-06,1.3138677492157054e-06,1.0000630243308597,2.6585568287018308e-05,1.0000630247121334,1.0000630655930909,1.0000630233158119,0.00044336353873661695,1.0001790709953025,1.0001759877499312,5.001347396473556,5.090006516506417e-05,0.00016273885354671855,4.301996179245713e-05,0.00010175845124129023,3.6118768108899465e-05,9.928414827329498e-05,7.173363797916327e-05,3.431130392295486e-05,4.7510333903318675e-05,6.904082559805072e-05,3.427948779307834e-05,3.4320417915705816e-05,3.431428391966936e-05,3.438445350490696e-05,7.070429063016515e-05,3.432044324703443e-05,3.426746802121297e-05,3.43062413580181e-05,1.6851016897497194e-05,5.677269071424782e-05,5.002209029768897e-05,3.432445908590963e-05,3.428863326170038e-05,3.429946751443994e-05,3.451010523995614e-05,0.00017730317240202242,3.427845193468803e-05,3.442425593875118e-05,2.4729160706970033e-05,1.0944376568726655e-05,3.432368075322644e-05,3.426975696111286e-05,3.428708854484229e-05,3.42679914276905e-05,3.473013098709419e-05,7.360011319788349e-06,1.0002605041985588,3.43993806417278e-05,1.0000787927299528,1.0001420077087873,0.00021907057252026292,1.0002023843214838,2.4857224725654968e-05,3.426284741440181e-05,3.427056288604421e-05,3.42725262628993e-05,3.430285378262163e-05,3.4274383354053374e-05,4.1408924441379834e-07,4.1366587227941264e-07,8.754772925448647e-07,1.1797991967791774e-08,8.69917373298166e-07,8.823549411227688e-07,8.620955949160747e-07,3.430170794596209e-05,3.4288512388550244e-05,5.592434962455649e-05,1.0001697711257245,4.151380325254418e-05,1.00017877758885,5.592183170772372e-05,2.0002410037394682,1.0001787136076543,5.5533776797241926e-05,10.001347273935338,3.4263631997968716e-05,1.000195155400576,1.0001609076148164,2.0002409058330124,4.068306727161122e-07,9.5575543578206e-06,1.0001789347613486,3.427876609136762e-05,0.00010824358481689721,0.00011128273240877513,0.00010096093754181523,1.0009648001978826,5.5200317888609404e-05,0.0008321946077934566,0.0010115524754739653,0.0009879369009768854,5.4711852734317286e-05,0.0009478660669199058,5.5631681027920794e-05,0.0009509120801045697,0.0009322550594833832,0.0006904036935371118,5.4600541551735035e-05,5.459990982736521e-05,1.6469266418593524e-05,1.6466653772474523e-05,2.2559926160107523e-07,5.903813670207372e-05,5.840974396848862e-05,1.3091489146888754e-05,6.050416362079895e-09,2.6251568324085018e-05,4.0645818382324945e-07,1.0002401325459558,1.0001788389146276,1.0003142922329071,1.0002388926589214,1.0001783655125651,1.0002427169827326,1.0002619315745147,1.0001891939083631,1.0001764613133157,1.000179404942198,1.0001776910881996,1.000176032774315,1.0001697001586634,3.432209586309373e-05,0.00830546684042564,4.426498509068202e-05,3.556091122127065e-05,3.431886977136479e-05,0.0007641417683645641,1.0002491517409346,8.957769223966678e-05,1.0002820858840267,1.000193225745914,9.751565205613425e-09,1.000177837305001,4.4265557002240396e-05,1.3475324174924955e-08,3.6412926911129776e-05,0.00046336638453802387,1.000179073497429,3.426602387043071e-05,5.593080136145988e-05,0.00012166423740345314,1.0001780401960518,5.1512433615822736e-05,3.157975819323486e-08
1.000063983336559,1.00007000640454,3.0198710226662118,0.006323679682248275,3.511415010550044e-05,0.056221643456445494,0.003920775980912685,0.025386394889843136,0.021400410460654218,0.005621776922133944,0.0038347994345965942,0.004082718467447453,4.0874566843500024e-05,0.12434708959122193,0.0003950601131125501,0.012374763407093837,2.0161910689460028,0.01287816961740879,0.00012316734503604946,1.0009993855180974,0.005706691410880845,0.005642012998391531,0.0009488364565092162,1.0009992233962755,1.0009992334433735,0.7964345102959092,0.06812822646100586,0.05277240510873682,0.03615187245519492,0.06593132044851568,0.04600434562691988,0.034919272559244076,0.03512032396762909,0.03498163905092512,0.025912120197162575,0.021250182032797035,0.028917315105160962,0.025781201864368743,0.03362227710408703,0.015122452886878014,1.0010000540948403,1.0009995718068383,3.0198710328418032,1.000999227828377,3.0012881093745163,1.0009992291949688,0.017809704809404168,0.018483744304972738,0.017389903807858365,0.00805394283560749,1.0011757050299976,1.0011801813222756,1.001179059941162,1.0011799345470511,1.0002267452728602,1.0002725410572657,4.530967520432361e-05,1.000270142782252,1.0002696471342447,1.0002696507355162,0.012871492626223153,0.0022579659699139168,0.01287533259352176,0.012877473777757636,0.012876498976872366,0.028796986868809698,3.019195749401164,3.0179493830810604,1.0072763896630448,0.007212906153964573,1.007886990807147,2.0018386634689977,3.0081873680446116,1.0010590630601075,3.001994812310316,1.0013711615300127,1.0010073774197255,1.0071089349693794,1.0010872928938765,1.0010136499669808,1.0010319508662413,1.0010053003336155,1.0010124352166145,1.0016093726569348,1.0009992237847678,1.0009995534371012,1.0010000969217963,3.000359481676364,1.0033074735858056,1.0103661718779613,1.0010114309710478,1.0010059262337638,1.0010069403497743,1.0010546409929661,1.0089895970448841,1.0010217732804343,1.0010453703988942,0.0009417610800851783,0.00495071098733952,1.0010123069599812,1.00099957805341,1.0010049808042965,1.0010004164077577,0.0009706146545255439,2.000544652844233,1.0039511285917408,1.0009992183712935,1.0042855161619562,1.005738788796241,1.0116034058640773,1.0072579342153754,1.00620406035053,1.0009999835201437,1.0009995060969137,1.000999908953401,1.0010005392590173,1.0010003982829017,3.69262236667215e-05,3.4728135014894166e-05,0.000949602579592504,4.1245210217430384e-07,0.0009498006413231943,0.0009491186438201023,0.000948861907850979,1.00099930959688,1.0009995295734049,6.031359509453944,2.0190474564529497,3.0012871708663966,3.0180774707701157,6.031364649429326,0.021220015732316355,2.005274279744063,6.031365004600775,0.033474561556962795,1.0010001499793282,1.000999230350508,1.8382103042417065e-06,0.021222458131935643,2.084584284405971e-07,1.000063962463733,3.0191112979986823,1.0009995308651882,4.042668743426273,4.031466171892446,3.0303978425557543,19.302986604215164,4.016154440211199,18.312343802321113,25.326594709551618,25.25657857010663,6.028602860917533,6.076823758423449,4.037953828351176,20.25037484689793,19.26912256608659,17.292517362512832,5.031361252677192,5.031360443014108,6.019291585278521,6.019291647163173,1.003667895553541,1.026120038437735,0.026326047791470797,1.0113747398949953,4.168642911390173e-05,0.0017668908380892886,2.0847971565424472e-07,2.0090236041076692,2.005944407920772,3.0294932831386334,2.024012055464214,2.0053426489154886,3.029841689493292,1.0257202245538808,3.0202030621999043,2.004522834585971,3.0207186117988023,2.005286382623001,3.0172248292773887,2.0206105208388054,1.0010062722308242,0.0010975194543253876,1.001035982602455,2.001050001537886,1.0010062724824131,13.021623638769366,3.0284112237504908,3.0281630854936474,2.0301535985100627,0.02091032469908482,8.911239898273138e-08,3.0191115807872455,1.0010364761503172,2.7775529664336245e-07,1.0022793690255634,0.009879202526511427,3.0198318901138235,1.0009992739237161,6.031364792395127,1.004523990083966,2.0206846972101213,3.001322303427344,5.3643233985252734e-08
1.0855080028267122e-06,1.5353937490962804e-06,7.003013027516664,0.000260776798390048,0.00042526936611805643,0.04035681267604732,0.0005641606117867269,0.002435820271491221,0.00193021611159406,0.0004881836174298468,0.0006364906937369476,0.0007909549510378168,1.3432033046320041e-06,0.009025675133995244,0.00016200933620705226,0.0009284570349677062,1.0058399501346482,0.003322460349088844,0.00048867575375188,1.765752826413608e-06,0.0010876030646905924,0.0010817640736622885,1.3521143020230377e-05,1.7048904559235526e-06,1.7157474418073937e-06,2.008262816292487,0.0012804315057586377,0.004177257958320505,0.0013777657161064272,0.004198549371525351,0.0036338867804494705,0.001137561669363573,0.0011406346632668665,0.0011382420857226525,0.0011172039534268561,0.0009625923881733893,0.0006354138014665739,0.0011162146765362542,0.0011245409741153375,0.0002809630524379042,1.7388692697068494e-06,1.7897269079329721e-06,7.003013029268289,1.6991882951654871e-06,2.000023885306517,1.7043035932434514e-06,0.00029327393129589265,0.0002686138072516736,0.00023880143925498917,0.0013294188602822842,5.49759361054439e-05,1.154230878880361e-06,1.1413839222291373e-06,1.1465472000092603e-06,4.5319606073531535e-07,1.0000363965859933,9.418855341193928e-06,9.85308452047381e-06,9.807482590987855e-06,9.808040370342003e-06,0.003320605171863404,5.500127437702605e-06,0.0033210137355096864,0.003321630344383633,0.0033214767621737706,0.0035713523271865906,6.0030135666677955,6.003013118932105,1.000378148540991,1.0003239119365364,0.0001298611104300944,1.0000246299515505,3.0058303708187277,1.0003327253501245e-05,3.000317646852868,0.00016835911498633337,1.888192155142658e-06,1.0003124330024598,3.114597394628754e-06,1.931109828323491e-06,2.1703053095941435e-06,2.3658453368346597e-05,7.526560171054118e-05,1.0055680346302496,1.722003497710352e-06,1.8340138973186272e-06,1.7242276772213325e-06,2.0000232457559393,0.0006983256854941047,0.009480937841812179,6.758323337605177e-06,7.489977071845068e-06,5.594203462947801e-06,5.504703438877044e-05,1.006049803114559,3.453764588297504e-05,4.569522646475263e-05,4.953540552682326e-06,0.006523451625365923,6.899952535587281e-06,1.9454207922278083e-06,5.358925203987152e-06,2.6226132447854577e-06,7.890805069121996e-07,2.000022545858614,1.00008247213229,1.706277683603302e-06,1.5713409512182462e-05,0.00010570709696815559,0.0002723299607440398,1.0000892337023257,0.0004173406579164386,1.7608372341632843e-06,1.7171688844796352e-06,1.7374051038245456e-06,1.7914744790262514e-06,1.792947080187487e-06,1.0000089398740861,1.000008806085307,1.351638807233039e-05,4.034470244978933e-09,1.3516822630061505e-05,1.351734303319327e-05,1.3514480474703504e-05,1.738940783492649e-06,1.7044934475166598e-06,5.003189054558801,7.003009991497315,2.000023886160324,5.003004179923418,5.003189369270018,0.0019269541202153262,5.002998190569014,4.003183101668425,0.0011239326064261378,1.7773626329941944e-06,1.0000038568056937,1.0000021570430415,0.001927047096676605,1.000006701867556,1.0636847005104552e-06,6.003004365432177,1.7108704330524345e-06,6.003333185273265,7.0032404951918235,7.003219256275369,8.335451832959157,3.00311664108792,21.39323862184552,25.805730310870945,24.384030023572063,2.003168791928618,21.2959680132846,3.0519654469571713,22.006230468219165,21.159691815065294,15.16854570002231,4.00032479793816,4.000324714307366,4.003021312554641,4.003021313036799,0.00011704012772398181,0.0006538493341691476,0.0009956803796674347,0.0004821737585069,0.00042533040817049905,0.00025831405261520873,1.0000067019894494,7.003083306692598,6.003088606215324,8.003181383048545,7.000264934393857,6.003013921983827,8.00319972358041,5.0003225301414425,8.003011025565996,6.002961527021224,8.003019998010647,5.0029341612545535,5.003019606266669,8.003008346525686,1.6980550234955514e-06,3.223846320838544e-06,1.9755372883127027e-06,1.0000058824958002,1.6982816157929332e-06,13.030895164814067,11.051660363190734,12.073823307072443,8.009438194205924,0.0017113061594280137,9.095009852670403e-08,6.002928386713055,2.0435689084740162e-06,1.2157723112303683e-09,0.0003745328800348744,0.0013507309219460348,7.003008994011921,1.7101927487842012e-06,5.003189377693205,0.00025421278281536594,7.000153264308666,2.0000239990820172,5.720649856469535e-08
0.0001425440073797602,0.000210167330478263,2.01164278527883,0.005843688872016839,0.0001621132995929202,0.0008412216927358165,4.053596568471747,9.117092785359596,8.079985524519234,8.00663233615297,4.060009323702435,4.060310380562459,0.00011672731807274063,4.0507561959439125,0.0007652205710899012,0.019274602877963707,15.079593179945695,23.049716683584585,0.0012651450147157612,0.004905166090939937,0.06670149526180143,0.06516129031816902,0.0006463525176455559,0.004903947021867839,0.004904253804486626,54.295039314534975,44.16626383230729,50.097113473078004,45.48930231136099,53.24817875182367,46.48265968509442,31.071780302170975,34.07254928481546,31.072415339893347,31.06621532598121,30.063103725650866,27.142154672639393,28.11862755241247,34.062996541765905,12.031448626912107,0.004911855365074699,0.004907714555515465,2.0116426324751373,0.004903904466844328,0.005854209921575176,0.004903900156614744,17.04741868958348,11.069152516882674,11.025201888694351,0.08431835780858377,9.006877951104661,1.0067534585035363,1.0066775874477134,1.0066932721882937,1.0016417683956746,2.001895135631129,0.0003846869518420187,1.0018026582062793,1.001738114427476,1.0017505343977393,23.00853071622663,5.111770125651874,23.032405472042818,23.056906340229215,23.049766992544747,0.1533427158419078,2.0111205695752123,2.0115261577506014,8.014194203868284,0.013887450447663846,0.014641409480205722,0.0060484029715971175,0.03576810665011417,0.005103530082271822,0.011606373128919708,0.008155838461325648,0.005136168231390956,0.01359526041582136,0.005264771418511183,0.004941404924266422,0.004996387036376741,0.005068904844818541,0.005390953031883457,0.025710188936136337,0.004903992869303681,0.004906511038306392,0.004912546543291031,0.0011574969520744872,0.017445507278780883,0.034993247267121684,0.005038681815477979,0.005003691360140156,0.00499359427980725,0.005848258014892965,5.073700773566327,0.005209758233934578,0.005676457375347011,0.004809957938964825,0.031131557496993787,0.0050466773138454655,0.004906711148597501,0.004945653149042963,0.0049177912582846605,0.00476891126088592,0.0010372956206445155,1.0145357572909002,0.004904158777110912,4.016588524699048,4.030948837385234,0.05796941461466342,1.0068528730883721,0.010685655996026423,0.00491069901680375,0.004906280215860319,0.004910039481516224,0.004916391204823505,0.004915417862277201,0.0003338708288237813,0.00033341177909351755,0.0006467918910107655,3.271139544772657e-07,0.0006469257194289389,0.0006465379901620686,0.0006463373427085382,0.004904730239022212,0.0049068119936532,2.0113722435690935,2.011269244539029,0.00584922054427308,2.0103100649054224,2.011373308433286,8.079430216620905,2.0067831760237835,2.0110477847265993,34.05418342503206,0.004912460780934319,1.0049238226636181,1.0000377691637448,8.079417752394068,0.00032568324353831246,0.00014211448727997076,2.0110858105638703,0.0049068620821438955,1.0190367272681309,1.016946520959163,1.0161938938519133,1.1759173848131863,2.0057369149507442,0.21117646844287527,2.217922799236803,2.202168807055025,2.0092116468546095,2.1614610304195327,2.0065517769445598,0.20003466665634284,0.1984347572436254,1.1604791530918592,1.010442817673324,1.0104425599461166,2.0100933321010466,2.0100933283639546,0.005653057978334523,0.053939734661886056,0.04997045307355885,1.08853655200357,0.0001854759758564748,0.010061090804405719,0.00032564837683445855,2.011296391808656,2.0073056827551907,2.0190692539377593,1.013853161384076,2.004971641603082,2.0187598965112876,1.0147682150046056,2.011895715232941,2.006180315318005,2.0119766991845935,2.0037061594159993,2.0109923876118945,2.011809848653334,0.004971892072984787,0.030586437288491877,0.004926208742150227,0.005070359074287895,0.004971911617221298,0.14820031225947944,2.0150850860149276,1.0164417439631588,2.020238119762433,4.063995946219264,1.1214976767890157e-06,2.0079979987843606,0.0049317161227927855,2.2074068977644785e-07,0.011885054027736775,0.08670931752742972,2.0116273525322157,0.00490429530489015,2.011373512968584,0.049881627883238536,1.0110380305536264,0.005855391198986785,4.2973357880593383e-07
0.0053426292647157266,0.005438036776892096,0.008107436719659302,0.011239663791577661,1.0921738018215695e-06,0.01193995202974903,56.19905834572304,86.31797562126599,81.62103503839722,47.239180793802745,61.192680660346994,60.091147689862346,0.09754247999896425,35.21432588313273,18.106563879777887,25.081622585666295,1.0251791400505306,0.0029323313077130567,0.0001796943753006538,0.00802064304510537,11.784080904433464,11.09669608395071,0.00108287841694777,0.00802001137652633,0.008019583440755557,12.049692612178003,12.032513501918741,12.040753634408759,6.037864259955479,12.04313344638378,12.022838275344938,6.031735955562883,6.031994617837638,6.031799842717025,6.028793036491119,6.029008718612854,6.010396722759334,6.028170774906219,6.030212880165805,0.007813035384304343,0.008030148986215976,0.008022300831519948,0.00810757872853097,0.008019615322424794,0.008459497039287544,0.008019801293247536,0.0054610992943227195,3.0057469063618583,0.005346753452788905,28.058361204490645,0.0037444471138018405,0.0036757401010707887,0.003670396422581354,0.0036745495081102813,0.0009110325612125347,0.0010428639612542877,2.3076258863215396e-05,0.0009200448908224416,0.0009174705196469018,0.0009174782893191941,0.0029183088836054892,9.623847190671232e-05,0.0029185524294884093,0.00291898205505008,0.0029188760502737985,36.08391328469038,0.007312218371306218,0.00708673427770843,0.01952571142795807,0.014172589090494864,0.02174225013862748,0.010609314916383639,0.027000030174481566,0.008361858405137902,0.048225925500883116,0.017080341784133264,0.00803976215406774,0.018851178432866284,0.01576649536283006,0.00807674386287563,0.008186719424825115,0.008150023889845074,0.008359494674861101,0.020491494520532522,0.008019892377933354,0.00802152616693033,0.008030643257820467,0.005810633124587442,0.09876030199153184,0.04999876048356573,0.008156593191657081,0.008075418067367323,0.008101408679591098,0.008460707383002744,0.04148221296789146,0.008074375759456569,0.008386774545162127,0.00274034548383282,0.007063937566570833,0.00816767456445984,0.008022249758736812,0.00805949367686152,0.008029589139843817,0.0029455466194810453,0.002989176960616758,0.022272649580047973,0.00802038319964799,6.017262367717599,6.022076162056838,0.031816512039402056,0.011095302749890847,0.011370052287184415,0.008024955133621125,0.008021746068682977,0.008027585106398089,0.008035444388479604,0.008033094555475895,0.006578628357700229,0.006576503782988446,0.0010837240274547862,6.477200938026763e-07,0.0010839537637307092,0.0010831928140393244,0.0010827875501866224,0.008021710694548092,0.008023715591891654,0.03408987404190784,0.008442756073643198,0.008394630132712024,0.006741842944625543,0.034097537112706036,86.1908902456883,0.0072519843486198304,0.027606727736786744,6.030106590621072,0.00802559911988329,0.008019729600822572,2.6451292695316783e-05,86.18867734455358,0.006492822473736402,0.005340972031189899,0.007291528822985705,0.008024137836159734,0.13426215010558945,0.13582958110697513,0.12846361471673487,1.7924768561332423,0.026948032905915437,1.6724119858199438,1.7959072618728573,1.4561505767028442,0.02652020398983506,1.6359327153509333,0.03885102223719895,1.6180513126183922,1.6304630202620864,0.820068773119426,0.03408762190824504,0.03408665979998667,0.02289005761639635,0.02289010473901926,0.00014486311777598331,0.00605267319117987,0.0023441933012585134,1.0062789891838908,1.7523385752016743e-06,0.01270859788108209,0.006492788360070865,0.018927477175566268,0.008073419887888395,0.03498299284275714,0.01803454122191672,0.01063032437962369,0.023118566110918767,0.024872886775270584,0.008792080225476962,0.007987348510376274,0.00977163685169285,0.007816844376593296,0.006311638880978875,0.004406181108672272,0.008119133987463825,0.0003731355044555674,0.008436296602854155,0.008099523767202858,0.00811923333773947,0.5075758454438962,0.009152341702332485,0.018707990913885135,0.01412993673536834,72.57180392367297,3.925013212689634e-06,0.00785180030123393,0.008498808427758279,5.682271844827665e-07,0.009446319592951441,29.070295854918232,0.008097333875148376,0.008020090789826718,0.03410505385388452,7.008604854447269,0.009760970984278618,0.008657787750083573,1.078432588570748e-06
5.003502093053173,5.003535526542016,13.019130882745175,0.002235209641451335,5.039487873384726e-06,0.41279731521401347,0.16450014914398475,0.18558532751568874,0.1840025878473327,0.018937153965987306,0.005377777077563043,0.16392931113152268,0.0002635680943418713,0.1824669050992539,0.16025560147970033,0.1608204591148566,7.05461911066858,0.005822341131214975,0.00046410332384457165,6.006737515849778,0.025245212024247524,0.020362165240101662,0.0004578189852675798,6.006735986117334,6.006736104522866,1.0948655968017516,0.06182784053910305,0.0710363054475114,0.07315413811967363,0.0816185020186296,0.040143997030235065,0.06118372475033749,0.06169329879668525,0.061353395575558245,0.04923898074531852,0.05621888649114496,0.01771633453292623,0.04763130300647293,0.05761609194588975,0.007114151601235144,6.006744536292601,6.006738969703523,13.019130891673136,6.006736051700502,22.007179252384937,6.006736067895797,0.023996808387972152,0.027912460232418917,0.023256974651846746,0.1806603206518888,4.006185456613508,4.006085193179623,4.006075108933713,4.006082934029013,3.00268752632596,4.002760695212252,9.234637188141245e-05,3.0027162899453765,3.002706943537449,3.002707053265829,0.005790460006603352,0.000271731259970702,0.005791308726972634,0.005792456461239478,0.005792157335344344,0.19616697195793267,13.015514930764212,13.010664777082244,12.020266938249016,7.016659078865194,6.024007917765015,14.018203803526875,30.02378959024091,6.0070359407741805,28.033058234054092,6.013436212944242,6.0067534423405515,12.019502612093705,6.012027027709909,6.006790802259727,6.006883163110225,6.006803895560878,6.006886521251551,14.010637704862196,6.006736102634685,6.006738360406115,6.006744923435673,21.003982444682773,6.021132992820643,6.016124902051365,6.006842164864157,6.006787756678221,6.006800573669509,6.007200861254046,14.045683496224509,6.006759317067636,6.007116171097734,1.003265870896986,0.0013188739833127538,6.006850319664966,6.006737477212783,6.0067556629196295,6.006743541257003,1.0038995632861976,16.00398048269773,6.016801199926355,6.006735997702252,6.025166883387785,6.035631751860843,6.053816739243617,6.010018319415879,5.008065053327045,6.0067406446796845,6.006738051712906,6.0067426797842725,6.006749196828022,6.006747251116132,0.0008020026386837208,0.0007939743765721813,0.00045808233221337753,1.716632493494686e-07,0.0004581361917109967,0.0004579001270853988,0.00045780271194486346,6.007314192430541,6.006862335016581,31.0858172796189,8.01264953865928,22.00755491072521,13.01261765246771,31.085836162080163,0.18153670882586437,9.015509124138793,31.08519508220465,0.05756362871110717,6.006741202719461,6.006791249553049,6.796248457270469e-05,0.18152825223197866,0.0006659257832998338,5.003501420361613,13.015485148269232,6.006983240494933,23.918299216254653,23.94277922627676,18.939687900698924,163.1029043382509,23.084436382212704,159.5711526311437,188.63142827603178,182.1629609436195,27.081921260237927,166.84844128648223,23.473667225036756,167.51821019996547,163.27769087352146,122.07176487434596,27.085813896605035,27.085813460724545,28.015540295809597,28.015540512960698,2.004209705928424,2.018517658054595,0.009114914060232814,2.015630482237213,8.517823436903126e-06,1.0062024165565764,0.0006659147744944014,9.064681261981669,9.019516443834064,13.080470930964292,9.071225735683337,9.024202773988705,13.081722001458019,4.050007663763676,13.021591234460976,9.01900995176842,13.029715389594324,9.018585571996683,13.007158893637591,8.026158207289015,6.006813780589936,0.0017387961867868784,6.007040856039745,14.008959217291014,6.00681378448586,116.21739291423323,17.022563297528368,17.02896208094263,13.0284447189228,0.18089465871546406,0.0010655768157949916,13.018608429347232,6.007046907994277,1.0568827520444767e-07,6.008367849738826,0.19586158641193704,13.019103370898687,6.006736572328506,31.085836976235775,6.008038533671945,9.029704319160874,22.007762727786723,3.746083779291802e-07
2.0125598285345006,2.012606216331627,6.018646011047728,0.011965686816252688,1.053805525264283e-05,0.12076047593376658,0.1431202504606141,0.1468650985696679,0.14669090358127393,0.003954786534000302,0.0036303971445216547,0.14227225207008273,0.00023058745562807976,0.14387166685349084,0.1403458344411247,0.14051985828249638,3.0511930396769475,0.004124490490945952,0.0004911149951471697,2.0137465945812183,0.019263100573295427,0.014673084966319541,0.002664373626040216,2.0137424317417207,2.0137424466969023,0.07641317465732073,0.05444011773960739,0.06023267453677707,0.062009869012402914,0.06801692042550996,0.04018761102354707,0.05328968028509524,0.05367404663556398,0.05341976013030963,0.04475572585710962,0.04813450637317245,0.023267459878432577,0.0433439890596626,0.05064523418222449,0.015401318984681188,2.013769737804177,2.013750727420154,6.018646020305133,2.0137427831980323,4.014769538759459,2.0137427547263362,0.006413152563941343,0.008140559578558276,0.006294198619462698,0.1691737462580786,1.002235325211027,1.0022448819135785,1.002242373822686,1.0022443247682378,1.0010215030418048,1.0010983101179667,2.4535047202516406e-05,1.0010296777502903,1.001027181996816,1.0010272102276072,0.004085434049765458,0.0012314500633187001,0.0040864699189375716,0.0040865402512776025,0.004086338259764727,0.18629528548902136,6.017053413648591,6.018062190548039,2.039286741659194,0.0268839768348481,2.0456446974490636,3.0207263224934255,5.044282305371413,2.0154531869599417,4.22278944243757,2.028468223241806,2.0137930211574915,2.036692962898084,2.0254677943766968,2.013883126263115,2.0141291412207667,2.01396312913303,2.014239762255861,3.024282065861011,2.0137424432073927,2.01374931515544,2.0137706811750538,4.013596227724836,2.0624090647886195,2.0723036048961454,2.014049529077454,2.0138508443117566,2.0139223856290434,2.0145365234891757,3.063272042162376,2.0138486256129906,2.0144114997664118,0.001309517255550021,0.010316226832748729,2.014075808448163,2.013747713627953,2.0138057484044296,2.0137635491590107,0.002708333234814616,2.012827456869508,2.019358243364123,2.0137424369334394,2.0348745901967074,2.0472904368016493,2.08204065228274,2.0211482712011506,2.023175643603087,2.01375723286361,2.013748931832803,2.0137670210005463,2.0137844594425913,2.013776870280426,0.0008149895786386402,0.0008069200281909203,0.0026676476936981605,1.7559930416170064e-06,0.0026684894576317723,0.002665581337258919,0.002664477675922636,2.013746737125637,2.0137528066111887,13.080119262666647,4.005098134880627,4.014565721118992,6.015750766463394,13.08013824453514,0.14468625061180923,4.016441860599507,13.079483178906472,0.05051303105716472,2.0137591996866635,2.0137424647029283,6.150434749888886e-05,0.14467911048188042,0.0006780600292597287,2.012559737737006,6.0169798875487785,2.0137528897801755,8.042854073688426,8.04313921032919,6.02716752583207,31.86916928055684,9.072988087148477,29.815383339221718,44.95240134921412,43.75244143495912,12.078259338206433,23.76957370945063,9.112792652194985,32.779818111067,31.809987587203988,23.636828881685634,11.080131553906924,11.08012651814843,12.0787072060071,12.078707429957863,2.000443839581668,2.0382879140107812,0.0038152600672296273,2.025066411233916,1.7508702046017175e-05,0.007702892765289333,0.0006780579992569922,4.045351423272865,4.018229974370857,6.072319748601194,4.03829265591456,4.027181576562831,6.055606299552322,2.0513599128801383,6.021105679802524,4.017616421874317,6.020942952613123,4.0165533161155915,6.0165200691446294,4.008301245071048,2.013980129003181,0.00028472827707137896,2.0153458340747927,3.013908100020908,2.013980128960472,24.207082468536157,7.019700960576935,7.031257298084904,5.020055917008101,0.14549308882284556,2.356807492718774e-06,6.017069716825186,2.0153746827530217,1.1841425713852327e-06,2.0181785116272732,0.19085634401675639,6.018615298323763,2.013744134228585,13.080139077737682,2.015021262869123,4.020921205160714,4.016069325392331,1.1981283523294234e-07
5.0013853084147,5.001742922058776,13.018610835354096,0.02850808246323996,5.953713884877539e-05,0.395598069045889,0.050049146233717354,0.09902797602510421,0.058584519142779214,0.0037109308134512034,0.03791027577173252,0.05085801100489223,3.946852159738789e-05,0.032294889614861606,0.013872600681970803,0.020121016007177212,7.0321926324379636,0.05995402547058984,0.002560310892418266,6.002162223915592,0.02084860815241368,0.020273159370012103,2.0974632372003492e-05,6.002160879130741,6.002160999434561,1.0405904696322965,0.017507203579821023,0.02800623535689476,0.017600413965041747,0.030335869138069918,0.02148483640232137,0.015847862587880762,0.01592863165671863,0.015873490675070625,0.014263109468825613,0.013516948308348138,0.005734479290908509,0.013110024351515764,0.01532180930583224,0.003368505450455167,6.002164085453959,6.002164004527592,13.018610846380211,6.0021608472527115,22.004024890300887,6.0021608713587575,0.0034507206394981675,0.006048122694980359,0.0033578929255124847,0.0418186904340462,4.002470349067646,4.002436593777969,4.002433669977737,4.00243592145265,3.001613203733443,4.001672024549511,5.878956935039302e-05,3.0016409125541537,3.0016364789104992,3.0016365365522875,0.05993876493020394,0.0003284196784160832,0.05995721892680417,0.05998490174241476,0.05997794515597751,0.06421552538862227,13.018492451271321,13.01845978528331,12.031292994537827,7.029866720954439,6.018106963207427,14.004606759653598,30.07240100159255,6.002742511776648,28.03082721177251,6.033947655927077,6.002312626817567,12.029905654359647,6.004476214318535,6.002258480997667,6.002382116045861,6.002555891053903,6.003465639079419,14.053999996974476,6.002160997292178,6.002163932511836,6.002164371545685,21.00325385705451,6.126280004912414,6.207078095690912,6.002389615143399,6.002386006861059,6.002330309121106,6.004118278583939,14.127230205337142,6.003459420391689,6.003786014629525,1.001008064031169,0.11126802365011537,6.002398174828663,6.002173665564615,6.002358437127365,6.002200950449074,1.0015229910711971,16.008672930625544,6.005539521875112,6.002160883957735,6.022894509747286,6.05135303442419,6.094735199789549,6.00659590108117,5.030933398746341,6.00217358151801,6.002164363153968,6.002164432139378,6.00216705320756,6.002166365128446,0.00017398460393316714,0.0001732113118418496,2.097077260688295e-05,2.890721348274772e-08,2.0956135167349092e-05,2.0957102513801494e-05,2.094977962254737e-05,6.0027353775742345,6.002284090593302,31.016548068778587,8.017197262793356,22.00441697178908,13.018346070102425,31.01654988963905,0.058227049062192525,9.018323813386159,31.016391446025878,0.015304847690339568,6.00217872283429,6.0022029004814845,3.874911804650074e-05,0.05822516401854597,0.0001608933453043059,5.001384645069786,13.018421131433955,6.002404228564707,22.059350654040273,22.05857409505367,17.05708602947581,161.21671475766973,23.015749366022277,157.9582311052764,186.72722038548153,180.60162244325568,27.016100695215798,165.27288114964523,23.38954400878947,165.86377005679955,161.5812773352894,120.35251176537244,27.01387985080539,27.01387961183938,28.009982661918734,28.009982675648047,2.0026426197207337,2.0224909626539893,0.016279807221057145,2.036940939687492,6.582409726253984e-05,1.0292358545919675,0.00016088233766171794,9.02570798848843,9.018761837512336,13.034928791771529,9.020641526686113,9.012711777774724,13.031292424009466,4.02855338797398,13.0190100250467,9.01433533597245,13.019179574159425,9.008673787180095,13.018339670890436,8.017729017816254,6.002176791705376,0.00014429472337310054,6.0027115898313905,14.004621141700621,6.002176795600332,115.25502533339338,17.02330052145883,17.027066489406977,13.032025475176281,0.05184626967927981,0.0010551933896740188,13.008738937142795,6.00278770999254,9.24489711268453e-09,6.020445361026121,0.046480891109690614,13.018579664187305,6.002161046502535,31.01654996924577,6.036061037745839,9.016509177554848,22.00470423991451,3.64780886689234e-07
4.000125997637045,4.000218724101933,10.005931325634748,0.011699712315905327,0.0004156215391621323,0.3259656266258352,0.03794756863804788,0.11563823882584068,0.08873544816660286,0.015874934282672448,0.05485725130271881,0.06044079502063976,4.844713898153191e-05,0.036610118325951714,0.006302312768996341,0.0334157533773764,5.065693919090714,0.0502195878060452,0.00021557558084522565,5.001419209202443,0.09920490442245003,0.09682897533998545,0.0004607457436658927,5.001414455957755,5.001414555102823,0.0680212017575853,0.017911795277002655,0.05555516653855123,0.011676090922488492,0.05823709333853825,0.054791807479043615,0.014724889323085676,0.014781383260929344,0.014744055071976559,0.013624444366456932,0.011616602883831909,0.011212715981725855,0.011983295355492007,0.014369434541907582,0.00866023336745713,5.001424200548109,5.00142360561602,10.0059313298291,5.00141442520824,17.002886194541134,5.001414443728605,0.007427828772085497,0.022707824113263945,0.006937616993793641,0.11846781456150764,3.0017130272511348,3.0017095569054066,3.001707727188746,3.0017091427267824,2.0003910284848385,2.000558615161072,3.056428985553809e-05,2.0004173404316323,2.0004162417368816,2.0004162533356444,0.05017393680145456,0.0007099804095468366,0.05018859000933324,0.05021011136224586,0.05020464560470223,0.21375717591892426,10.00500899027934,10.005362859716367,10.020035556248805,6.020211108932115,5.01546424978653,11.005610454998255,25.071963731442388,5.005623326377769,22.01990842073678,5.006749201058113,5.0014932553026865,10.014329787742787,5.001743487711699,5.00145883279656,5.001508959585628,5.013329176210382,5.04134726454481,13.061336357578242,5.001414558821123,5.001426820859351,5.001423632376054,16.001607407471734,5.023118612175787,5.193124401966395,5.002958329524149,5.003982354573793,5.002709514946018,5.029966414120482,13.149047055179693,5.003933425834217,5.024156686689422,1.0017291106018045,0.1367030440716139,5.002942038345657,5.0014488287111805,5.001746327412319,5.001661570498686,1.0016977299102188,12.002391819895742,5.0086985520376235,5.001414460518484,5.003402401383672,5.016309520356045,5.019466173862606,5.003156028449379,4.020582333403814,5.00141761522668,5.0014154367371155,5.001423412099158,5.00142909056707,5.001429549087768,0.0006788084458682676,0.000678581080228275,0.00046101441135415965,1.6671680944808227e-07,0.0004610665720151054,0.0004608298210334526,0.0004607324156619737,5.001996593892505,5.001538382030263,24.007113364097222,6.005546138480081,17.003290961887018,10.003689941369416,24.007114003073305,0.08855215929723809,7.0049334127933784,24.006441232069065,0.014312592125934743,5.001418621908785,5.0014568356000195,3.776510494042041e-05,0.08855158166470535,0.0006730454398075444,4.00012536869775,10.004998519619502,5.001660111831192,17.01105658052057,17.01130259653908,13.010635275765265,139.37695951292304,18.00467520246494,122.14468714371147,142.4527012183701,137.12011295554484,21.005962645029584,142.11179590940583,18.333864628248023,127.09705890076202,124.44276731052176,93.6449885396033,21.006913700196908,21.006913585237267,21.00577217752104,21.00577217836495,1.0081374242153893,1.0321256102464338,0.028287794815542427,1.0518903075331776,0.00042754910645078877,1.011976138467613,0.0006730332202349369,7.012307990294884,7.006087818694799,10.01382259544846,7.012048143554418,7.0062307728691735,10.01413956150443,3.0084078951774877,10.006962466988538,7.004935143936913,10.00729490684169,7.004064971917688,10.00444702998477,6.0071592976171315,5.00142541864636,0.0007642436962577452,5.001461080089001,11.003845618118367,5.001425422254785,91.90021216118416,13.007123950015513,13.009128281991066,9.015529243805524,0.05984018199391527,0.0010759923374342735,10.004129637250882,5.001468543179555,1.047800312322698e-07,5.007228043754623,0.11851601568794229,10.005926945732933,5.001414589250855,24.007114308980494,5.022618123648372,7.00709325780663,17.003241718246695,2.773458861119182e-07
5.002422349591776,5.002477472615956,13.023695763564907,0.007301741000928527,1.4514887148177232e-05,0.39373651477962107,0.030929633518114334,0.06530198794646239,0.03565893505257909,0.0045988245185244565,0.02540488983187961,0.03097562606252525,1.9837879065173335e-05,0.022174454646187062,0.007361289527551062,0.010081717266889728,7.024912375919977,0.05421215572558211,0.004597284257109845,6.003195304906929,0.009530224580549565,0.009262637969226767,2.0619186589473798e-05,6.0031940676775655,6.003194187006257,1.0340472175943267,0.0161624909768171,0.02163327875465606,0.01688516782827575,0.023917797041121482,0.015247155955303519,0.014795031912092523,0.014872649430463226,0.014819563929824309,0.013239002157112153,0.012513407122848368,0.004775350721014307,0.012092809452880982,0.014287748909510557,0.0024407313995120318,6.0031981696743575,6.003196668047314,13.023695779478047,6.003194055822623,22.005057955681536,6.003194078248098,0.0034154405324117194,0.005968729680092914,0.003323858372676492,0.02401054834901241,4.0024659340207345,4.00243211630609,4.002429193246792,4.002431444728686,3.0016125793834023,4.001736677988317,5.8975381319752206e-05,3.0016403937725786,3.0016358003076427,3.0016358580946125,0.054201123735504515,0.000312120612029903,0.054218079874062235,0.05424350797210492,0.05423711828134636,0.03545113327505401,13.023587936281038,13.023554814091243,12.032095079712505,7.029645520039674,6.020381509758297,14.005570719884192,30.03803615438355,6.003678551273307,28.036018792558085,6.026095414939527,6.003272530356027,12.03086736113631,6.006971745301432,6.003296200377754,6.003432272854823,6.003303988210808,6.003530671673633,14.019760558937632,6.0031941849536565,6.003196607744177,6.003198412915208,21.00429076925064,6.121930860168463,6.065569646248663,6.003288069550856,6.003281956784435,6.003260822115797,6.004042738987793,14.072002767699361,6.003433579967024,6.003883774480206,1.0008300899759568,0.029845915071249802,6.003292007366971,6.00319720308784,6.003238350302136,6.003206490392258,1.0017206048003369,16.008638046372003,6.006553355015695,6.003194073305577,6.024562944158029,6.062820936754202,6.096035547767933,6.007625739220605,5.0284736630751095,6.003207431993413,6.003197860393655,6.00319808790526,6.0032012087850175,6.0032001484340825,2.352383744440836e-05,2.2910845202625728e-05,2.061532711740563e-05,2.890693547864413e-08,2.06006897463554e-05,2.0601657130530422e-05,2.059433427974125e-05,6.003768312810557,6.003317813632516,31.01357099481497,8.021070687570726,22.005437381391413,13.02340500377391,31.013572426387555,0.03569110471909243,9.023424168487491,31.013561067254642,0.014275476689496696,6.0032126453762205,6.003236099125917,4.214978870600097e-05,0.03569030582891044,1.3370816280787051e-05,5.002421684712617,13.023479154638357,6.003437891599426,22.06448294179316,22.062621248511938,17.060106580322756,160.90106452605403,23.013209022141513,157.62246446156735,186.39592130799602,180.31772434272438,27.012788981093095,165.03825898746317,23.385085295973887,165.56042155213038,161.27298549796888,120.19823694375762,27.01249152942364,27.012491389763174,28.00716854529735,28.007168556919037,2.002613938634375,2.0224397618735015,0.010634030462076713,2.034200723234804,1.993408249166699e-05,1.0080300872368915,1.3359808716035076e-05,9.03076365856129,9.023847146891331,13.042926661825632,9.027471313540458,9.012164734080596,13.036438162625466,4.036871739409347,13.024366409332762,9.019434740587224,13.024357607684625,9.008168285540577,13.02343398904824,8.021834448571218,6.003223087549197,0.00014267105325119892,6.003935395915871,14.005649766729242,6.003223091443905,115.10747442116515,17.03327942255148,17.03688635233807,13.035027469471691,0.029110218644299506,0.0010544792300327787,13.008181613453285,6.004006555082682,9.244602784264087e-09,6.021372822738666,0.02886921418761315,13.023648388072598,6.003194314982892,31.013572458375055,6.023785807029308,9.023274627557305,22.00592612639065,3.6689563397899313e-07
7.002284687740548,7.002299550979563,35.01633306404675,10.002434662768248,1.4171482767931316e-05,0.42202819456613483,0.1224248336511221,0.14643040156046203,0.14483885989088452,0.021544920600605744,0.003592688531787784,0.12213171325597427,0.00016698652282473076,0.15309855314481025,0.11945273193496178,0.12018149381176255,10.04490405670742,0.0038366164465513082,0.00023345829778540625,8.003872976877082,0.01661492141747205,0.0136598266381799,3.000168008155316,8.003871965485551,8.00387208272001,1.1024370902397471,0.060144695799909345,0.06535156696587735,0.0812149642029255,0.08660961705952973,0.05702426637553021,0.058876801476709366,0.05932708824200071,0.05902896496542087,0.03570545227152222,0.05414745338021327,0.0272914127897872,0.03506894919013854,0.055664909524108436,0.0060476444438340915,8.00387604077225,8.00387383193564,35.016333070418675,8.003871957273516,24.004113110281956,8.003871979579163,0.028988762693475098,0.033679403318886914,0.028166061961105472,0.13401694831114536,4.002966036851414,4.002962416943829,4.002958877596328,4.002961624888735,3.001317184108752,4.001380525876171,3.5107152974352845e-05,3.0013299011595427,3.0013265585547004,3.001326599185534,0.0038106746452126897,0.00012125057173106922,0.0038110942476781338,0.0038117039710319498,0.0038115544972815436,0.14268473132055234,32.01233210178435,33.01095211742448,14.026579236864315,7.024303562009657,8.028900224880722,16.016633773656277,32.029424765920886,8.004230750643163,30.017616773190127,8.009119245978109,8.003880594241576,14.025622919929871,8.007546211546046,8.003950683741579,8.004058405639723,8.003902477052828,8.003938926689184,16.006313266136054,8.003872081064099,8.003873816952225,8.00387621653818,23.00253846886354,8.023738710336746,8.02201420312964,8.003928427308006,8.003908711120824,8.003908247476089,8.004223038995393,16.03716549878859,8.003894799213583,8.004156309419884,1.0016104556043104,0.0031502739665773996,8.00393200718373,8.003873081553532,8.003887318203418,8.003876963296953,1.0024570966934847,16.006937054115514,8.009337148573314,8.003871967665916,8.024259293678506,8.031843891210398,8.042008823469027,18.007427633316656,7.006447713661639,8.003874994926223,8.003873110997667,8.003875446842095,8.003878574670146,8.003877573734904,0.0005768547915567863,0.0005484370880478454,3.000168060678519,5.986563095359331e-08,3.0001680602784426,3.0001680113082214,3.000167984481978,8.004451457526567,8.003996504281519,39.20304184247283,25.010119576434263,24.00451200214134,29.00911744547566,39.203108299229214,0.1432431707061364,25.01211750948384,39.203094802294196,0.05562249196025691,8.003875670017871,8.003914341717493,4.374268767958368e-05,0.14323780241457906,0.00010212865077537918,7.002284014763615,32.01230156204544,8.004117582018617,56.00033519186145,57.14303998745284,49.14973635804934,167.10726946783197,28.202541521896148,163.50815301347149,200.71799278510474,194.06452304178129,35.201357133494405,178.63771961284027,28.600124690225226,171.38846411415236,167.1771370545116,133.9148735668219,32.2030409395441,32.203040356264495,36.01702110934084,36.01702188896269,2.009473871227862,2.033728224244321,0.025072881944945603,2.015838597484362,2.367382906406868e-05,1.0037985146420425,0.00010211789397984997,28.049207635554396,28.016480716359556,35.0684289977952,28.05362049737837,25.019145086321583,35.07390593418012,15.052780877113904,35.01804347768424,25.015894229350543,35.02315150131771,25.01509975172676,30.00702428195924,28.02082501053391,8.003905907778872,0.0022475974809591168,8.004381832949143,16.006066794590808,8.003905911648225,121.48745012443653,33.0167249656394,33.02110360815311,30.022117985121287,0.1430728131982738,0.0010675954488321695,32.01530964149675,8.004389185443268,3.0338321424575e-08,8.0072451125645,0.14221935159490046,35.01631216579304,8.003872231206538,39.20311016403275,8.005134202880477,28.023134828632177,24.004919404801274,3.724160469021949e-07
5.00530133866011,5.005315254860435,13.02440148968109,0.0038992257584241834,7.022254153441462e-06,0.39107064162518296,0.027100588531105096,0.05855365928468952,0.0562829163573303,0.03303862762338267,0.007327613055927309,0.023443660158171536,3.769418870636986e-05,0.05432289918421427,0.020580014404510155,0.02110523466901768,7.0250405772253774,0.004603083138103953,0.00041306929150019915,6.006382699446208,0.01064498832679848,0.009932810466063383,0.00038823105163752076,6.006381000766673,6.006381116762565,1.054399857507307,0.028785992596420132,0.028877860949118313,0.038028831034696814,0.04307522617015585,0.03577933572590706,0.027807263956837486,0.0279730899063994,0.027863220861890855,0.013211226854368945,0.02556252045942018,0.019532111924243263,0.012714517853729661,0.026642483742224596,0.005214982147334022,6.006389909403447,6.006384329742412,13.024401500296088,6.006381063544579,22.00663185846068,6.006381079743262,0.021041865818028388,0.024449049828774102,0.02051945284676709,0.045113582219331295,4.002030642772341,4.002026523102853,4.002024361488849,4.002026036991888,3.0009112628596166,4.000959038756909,2.2176910768479127e-05,3.0009196425498517,3.0009175791541827,3.0009176052975146,0.004590513080697523,0.000100106874737084,0.004591133161157173,0.004592051501258408,0.004591827352779182,0.05121333500342246,13.018915402502554,13.017192592018866,12.038212159281297,7.033000110419541,6.04370229247708,14.016445359335119,30.043485059546537,6.006956844787678,28.026226541358984,6.015579169905021,6.006398124428185,12.03677764907583,6.014236689788122,6.0065115690656645,6.006705725789115,6.006462612314281,6.006575786505413,14.012834386555214,6.006381114992197,6.006384070260344,6.006390300983023,21.00555962794264,6.038345093421337,6.0448820211898715,6.006494674607201,6.00643235024767,6.0064500708415975,6.0067969028237,14.040089987980876,6.006422984936585,6.006724917758547,1.001139448840946,0.005308371197758291,6.006503430693279,6.006383707460556,6.0064183102860405,6.006390239045014,1.0024554633389806,16.014798497877887,6.009626473635248,6.006381009643471,6.023484249514193,6.032504554164697,6.048861749179933,6.0104685091335845,5.008519764585716,6.0063870905850925,6.006383425150424,6.006388195664128,6.006394809491351,6.006392842649488,0.00011465171122192282,0.00010879373484252422,0.0003884372391633355,1.4112426670796319e-07,0.0003884764477472027,0.0003882910871878504,0.000388212944731238,6.0069554299643615,6.006506668861281,31.060391682050078,8.013572266941303,22.006994016958156,13.01432004600051,31.06040537868995,0.05583974525637727,9.018781787896595,31.060406860533018,0.0266087522101751,6.006388302891479,6.006423028891512,5.4744210987378606e-05,0.055838161154359696,1.68796699079216e-05,5.005300666613465,13.018856190453448,6.006626409878305,22.41505568945223,22.424655134407416,17.418642766163295,160.62451387044263,23.060134221414625,157.09895471645626,186.17724183896706,180.18734658195694,27.05998015149761,164.91787628390856,23.42874900096853,165.35231042749123,161.0471360661812,120.50354834798756,27.060388005365713,27.060387681109017,28.011305184532564,28.01130534178713,2.006788613937568,2.0228306539647094,0.009167239485663543,2.0165244604652077,1.1983064218319461e-05,1.003519844950484,1.6868662532662093e-05,9.070924104079847,9.024683044260344,13.105366137853569,9.074211995478244,9.030618774732481,13.102339577417585,4.071043383300719,13.027228169101571,9.02408155544757,13.033548476457769,9.022779150733177,13.011828920874448,8.028167878071848,6.006458706914541,0.0014339795277293374,6.007422544346374,14.008523843108641,6.006458710809299,114.73732211390073,17.023107902646288,17.031319502359803,13.03066391096549,0.05492099081934209,0.0010502921387633118,13.02288922401205,6.007438294158736,8.505633574942725e-08,6.011031971195761,0.055528966064967,13.024364276780714,6.006381584601956,31.06040575405617,6.0073605010604325,9.03352515500576,22.007897111088926,3.7477409510817896e-07
0.0022714309791984104,0.002275656644294343,0.004662280706963572,0.0013754778946679527,3.26121197416229e-07,8.242043989181533e-06,8.0485027304171,3.0907512087592255,13.107954952690067,8.111350088160409,10.057491906076482,9.030912551947276,0.009453539137673935,4.03772787384208,1.0063409396285523,2.0047685743096335,1.000581524521982,0.00028931948469995456,6.462681262041851e-05,0.0022995898711711048,0.0007197379570828659,0.00044204245425361104,8.179640102782054e-06,0.0022993832651034517,0.0022993125190549015,2.0150731834577815,2.0137240492635335,2.013717333171527,1.00243060290033,2.014135928089245,2.013488121510669,1.0011744472384947,1.0011714451201759,1.001169297451871,1.0010018598382306,1.0009439705536012,1.0007115129065758,1.0008476383561702,1.0011464962230954,0.00034676394611818134,0.002301782488503184,0.002299967345076112,0.00466224640769773,0.002299310648515262,0.0034728895438078194,0.0022993269991143503,0.0004696713394590927,0.0005911347552014748,0.00047028442779648705,1.0013441727471708,3.572100797842583e-05,3.571821893101861e-05,3.571222452227705e-05,3.571728878287954e-05,7.740621495679008e-06,4.138983767290984e-05,1.529929735448823e-06,9.23437446439315e-06,9.192276865481185e-06,9.19216693138678e-06,0.00028926018572236886,4.580642923637362e-05,0.00028927662348709706,0.00028929173438273806,0.00028928595307077174,2.002305944891771,0.0041290719479474235,0.004347945129808512,0.0035392826243709373,0.0013014393714551918,0.00665920626995027,0.003880302025555747,0.005227335093228208,0.0023357459913788394,0.006055547813465223,0.00536821673423838,0.002305285609648786,0.0034924717338452966,0.004497429737522918,0.0023081160334947897,0.00232709257202769,0.0023161383072678116,0.0023326929396613612,0.0024482296536310253,0.0022992843758063066,0.0022997294402818504,0.002301904193438782,0.003445078053900727,0.00960469052353574,0.005037982846507938,0.0023274826658841977,0.002307007497191832,0.0023153191809492353,0.0023474254218416816,0.0060896908342534225,0.002314486504978367,0.0023414026388981386,3.6534948343236466e-05,0.0029966281088836077,0.0023300999248470964,0.0022995603456994226,0.002301813805673956,0.0023009178236298696,0.0019767258585546665,0.0018286683496091755,0.0036384612139875763,0.00229932102284628,1.0156806633698239,1.017365987659797,0.007899245642956408,0.0028691843989021846,0.0028303619246624755,0.002300759423267061,0.0022999135376972147,0.0023010894190610455,0.002302986854456992,0.00230250165303198,4.8304107412562404e-06,4.722978442152192e-06,8.173083835138926e-06,1.554098843314612e-08,8.172821748123036e-06,8.18032367660511e-06,8.170586765661507e-06,0.002299639703907371,0.002300310844029936,0.0027279481456826704,0.0018510865265348305,0.00344302813513476,0.003885705751220279,0.0027281820264098452,14.028080424814586,0.0040929900912552615,0.0027253858401104156,1.0011441719762377,0.0023009709129422433,0.002299279137823352,6.180732520311539e-06,14.027399061592874,3.1815712159654207e-06,0.0022714044202658008,0.004119443639602441,0.002300381581820262,0.005033364898998824,0.0053204430964064325,0.0029241352568323354,0.003809439762440406,0.0026646965151614,0.0036851332657379695,0.006456062635870042,0.006339881083489362,0.0026969386870756133,0.007288233087492035,0.0026706929477427867,0.003699118100304749,0.003712322928368771,0.004506017347499667,0.002723935920132539,0.0027238780102830547,0.002694088138785539,0.0026940840456769807,0.0002631709646572334,0.0017325478101506918,0.0001850155573356493,1.0012681619869803,4.2696030429869e-07,0.0011586665625313505,3.171546787661536e-06,0.011452455499148648,0.004641999239264933,0.016664902268230707,0.010467489823206881,0.006078015010462865,0.011522528016113314,0.009336118146106976,0.006817660013269722,0.004098787167206893,0.005748762180761288,0.0039045595294985623,0.0038218067325145274,0.003468654227837704,0.002323138479401231,2.0806298429441427e-05,0.004255218412626726,0.0033490623404856027,0.002323163428113394,0.004565128258683343,0.004488040266982785,0.006966348208562099,0.004929586597134895,11.072507310007854,2.210274296819322e-07,0.00392953352751995,0.004257523258746748,2.8346056002187167e-08,0.003214063659563349,1.0014504579094,0.00465967175420258,0.0022994542828469224,0.0027282055897101505,1.0033938980692447,0.005742527911597194,0.005390411182399177,3.4291695618444555e-08
0.004351628438999351,0.00435240895878025,0.006865100390110089,0.0008785008773443579,4.392066740064955e-07,1.4933715577965966e-05,8.050253682730155,6.137956157989699,13.123641566660748,8.12803668220712,10.060359603267004,9.029231634700842,0.010471368604147324,4.0443905967395155,1.0069617635967005,2.0051959268268837,1.0006343824905157,0.0004564828801780634,0.0001672429177773983,0.004359029923307892,0.0007771313468896898,0.0004929691357688147,2.7758144011955855e-05,0.0043584226866973785,0.004358349654361793,2.01505535766532,2.0140157438104915,2.014019652917808,1.0023607222694162,2.014359612507479,2.0137744804778066,1.0008662982274668,1.0008629166204994,1.0008608757427706,1.000735841506619,1.0007406915308967,1.0005409372324112,1.0006190514061857,1.000842854383897,0.0002509874453581747,0.004364024712333425,0.004359880655735313,0.006865067276745069,0.004358396617338382,0.005006174081324412,0.004358409066208051,0.0003630723833159843,0.0005766979312420359,0.000361858701681691,1.0013683875558437,3.5514543633306095e-05,3.302588778261869e-05,3.30205153357905e-05,3.302502875797584e-05,2.621706798738153e-05,3.645912193305139e-05,9.794837443560183e-07,2.7112748076739183e-05,2.709564986307968e-05,2.709558879545281e-05,0.0004564212365154492,2.853894098744976e-05,0.00045644717925874626,0.000456483316100873,0.0004564730581764581,2.002412906319555,0.006375281029297914,0.006596332604326949,0.00612787044507942,0.0018505858916107838,0.011021023300788448,0.0065186873780415135,0.007238966460973088,0.004431162082359181,0.010432306830018735,0.009433332311603588,0.004370305678548262,0.00604201014675822,0.008573205913617453,0.00437758258112924,0.0044197101826218745,0.004396559413256888,0.004433884360507139,0.004514630570982717,0.004358321677641094,0.004359339178934632,0.004364300158539171,0.004999490578934779,0.010513783333755484,0.00568151253114514,0.004420911526215226,0.0043747644113114595,0.004393670897602606,0.004462290155141667,0.010534284386951946,0.004369054130194224,0.004448570838895616,2.482362243952261e-05,0.0011700167813344503,0.004426759795884733,0.004358893410656808,0.004362717931809122,0.004361733444239108,0.0008269163351352673,0.0008239441619042836,0.004667746425557817,0.004358362266403287,1.0184593358437621,1.020578790014141,0.00992498120622236,0.0051910874022489594,0.004872584185814191,0.004361341912238052,0.004359695087458132,0.004362433728301364,0.0043667452905939,0.004365644679360953,5.837650232956407e-06,5.61536104549004e-06,2.7755349290185264e-05,1.755417944379737e-08,2.7756051624155078e-05,2.7760217279576355e-05,2.7749209700156844e-05,0.004358729157522695,0.00436067482470477,0.004637200457793084,0.0020071209187870597,0.004951876024054666,0.006164581912102113,0.004637702839711273,14.025520299765638,0.006354468212856013,0.004636176556300757,1.0008408502633983,0.004361653831963412,0.004358373927737765,1.4125680887452805e-05,14.024754767730125,2.2704220978297627e-06,0.0043515986547073525,0.006356592013171227,0.0043607469986558225,0.00805015891422708,0.008308741795456948,0.003526988878173077,0.005120063647475813,0.004592109062977803,0.00497710284581901,0.009646132346462616,0.009511620157256036,0.004632161059013951,0.010823437566398818,0.004602236008032426,0.004989200772783818,0.005018612228819355,0.006979625448212304,0.004630156509262742,0.004630026559458068,0.004619267572140123,0.004619266647318532,0.00021849924637177136,0.001281735877514345,0.00015574492403752012,1.0013821446124638,5.178499231203285e-07,0.00044590707721370515,2.2603950366021767e-06,0.014449447630895958,0.006866637916410819,0.02366450934299017,0.011856576283032706,0.00952803883512532,0.01322565513795833,0.017618460514959085,0.008040501414061582,0.006616070344910413,0.00809425950828172,0.0055804909867350596,0.006118259107542637,0.0037218345391429944,0.0044126947299989545,1.9081685392612073e-05,0.005187077723066505,0.004848305950076066,0.0044127196871244605,0.006612074450423435,0.008014894345379267,0.012272378748308974,0.008114939826875986,11.08123473565833,3.767549440399126e-07,0.005577361089272313,0.0051896907612292865,2.9711312064997124e-08,0.004828017445120105,1.001513665652636,0.006857352090211548,0.004358712271217096,0.004637733855274702,1.0053696730659896,0.008082565319225132,0.005770850611913667,3.92455181901699e-08
0.007983019092675956,0.008003437083546235,0.01720212981118101,0.004493097736510672,3.653499752431062e-06,5.8336823715380334e-05,8.267884366869577,6.29142828281571,13.345044944685196,8.350268428570477,10.286175133751897,9.24824799280587,0.01062958491976906,4.047065822766227,1.0073014205786222,2.0056618617521083,1.00368239046335,0.0028963753584638247,6.089440463942097e-05,0.008064204241847787,0.0032288894222408993,0.0029015292801465886,0.00016078207868920177,0.008062642076544642,0.008062564215075663,2.24747705327275,2.241635053849863,2.2347325507972866,1.0152549596779044,2.2401597821311894,2.226803621770376,1.0072722711388473,1.0072938329850922,1.0072765553616176,1.0067073634997383,1.0056786246313754,1.005218167039553,1.0053522887307569,1.0070737440531494,0.0024235614740499367,0.008075346432070385,0.008066249943778405,0.017202103038998735,0.008062717106024339,0.013391322840439453,0.008062721079543592,0.0018155770199218602,0.0025668988180314253,0.0016856203460441938,1.0064701974666121,0.000371430712903582,0.0003580849365981433,0.00035788545764986126,0.0003580396254458584,0.0002753028893434073,0.00043946969602217295,8.286808877313188e-06,0.0002808995403502518,0.00028013981027331323,0.00028014464390641643,0.0028954802615044103,0.00038018919219498054,0.002895895790776555,0.0028962379130306254,0.002896117055853188,2.0103880195465287,0.017034441385216228,0.017094905937468607,0.013975546595323634,0.006148125687776169,0.02861541573159361,0.010158189806516511,0.02027562660594535,0.008283475074529473,0.02583543232647339,0.021551357205239628,0.008108240057349348,0.013634203379795243,0.015726859550315747,0.008110920322249986,0.008210392615620347,0.008148064768862522,0.008232045843486302,0.008668659741409056,0.008062536618999193,0.008065047790564961,0.0080759868014957,0.013312036337411503,0.04054535925030301,0.017550121067583073,0.008206310684355272,0.008106321629884044,0.008144967863796267,0.008371212457636862,0.028504998284299563,0.0080905300201432,0.008324939358232133,0.00012359828492151156,0.003036597533278032,0.008219269020612709,0.00806407087411247,0.008075685329451613,0.008070970737906698,0.00043733647274303187,0.0068114971757044325,0.01093034831403622,0.008062585753566026,1.2277486612452597,1.2486232942574669,0.030373466462335953,0.010218957646522753,0.011143716186763608,0.008069561737384457,0.008065692719974602,0.00807192406976675,0.008081569509241356,0.008079105722922988,1.9272205976992178e-05,1.8758860674401115e-05,0.0001608342696938045,4.693355546075978e-08,0.00016084906861111626,0.00016080445553274115,0.0001607749069546416,0.008064434625251084,0.00806778244547764,0.009699472625669744,0.008995379553916822,0.013225718029217015,0.016837053686094935,0.00970065570114083,14.251989234860426,0.016918912658516392,0.009691444767113633,1.0070299543139996,0.008070379215328773,0.008062862965496981,3.1506683770799814e-05,14.251222779236356,1.0838348488851532e-05,0.00798298304948332,0.016967712237511864,0.008067864749675266,0.021354137249599097,0.021242773600896356,0.012527009742473571,0.020086015201445796,0.009361480115292127,0.02028473913065326,0.029829273508556183,0.028958411810933064,0.009652363503586434,0.029651574011248565,0.009410906560987925,0.019826034492398885,0.01991921537847155,0.015738966017667957,0.009694693267179517,0.009694381521448288,0.009595663859503225,0.009595670966874702,0.00047636092450233943,0.0074224585656544675,0.0020134419557642407,1.0127224304294167,4.8761422722881596e-06,0.003959891103786825,1.0828320831007722e-05,0.02429437956270786,0.017120578226932658,0.04682702167534982,0.02034209322802547,0.015241729162144418,0.024720281838399086,0.03775774392310365,0.017855047078923665,0.01533440710640976,0.01781474516290981,0.010302203503691026,0.016942544851480525,0.009762807853494454,0.008183095533739061,0.0001874061678224659,0.008464989735720716,0.012283146576342222,0.008183120492481058,0.018698462060086886,0.02356116735840314,0.02860771697720758,0.020760044571516922,11.106667389015193,1.1094875184373807e-06,0.010325894936989865,0.00848202523710094,4.955986793578147e-08,0.0097208885259636,1.0068238366173388,0.017173095210695394,0.008063409578858044,0.009700706346107748,1.0172682767994603,0.0178004398449935,0.013575197273131162,4.9990431706255504e-08
2.897927101520838e-06,2.8973929717762752e-06,0.0003251417598949324,5.327521117557627e-05,5.799724806927473e-06,7.754973750371498e-06,8.035842529843325,6.010737205727927,13.111207364719192,8.113934141697547,10.048711634131065,9.017074826119007,0.010446533718513475,4.046220099159126,1.0068673619927497,2.0051057311161338,1.0009873106371314,0.0002330998398627168,0.00044897882386767736,3.3306837878128034e-06,0.0013584997216107208,0.0010723852182839132,3.0405524948213505e-06,3.43466390329134e-06,3.365617821726147e-06,2.0020280805567863,2.0010855585322567,2.0012828317950024,1.000498996745858,2.001313201672925,2.0012765873864624,1.0001087004793034,1.0001040041225686,1.000102882712106,1.0000720802710446,1.0000890166377538,1.0000831888873214,1.0000796836949315,1.0000925546896249,2.256642843471027e-05,3.3336575496755965e-06,3.3464642991991364e-06,0.00032510624893176114,3.3255200116918307e-06,0.0011047723000204579,3.3449350004483903e-06,4.3107019807724484e-05,0.0007333100943359469,4.288330036193551e-05,1.00151439121005,1.8777074415047948e-06,4.971428935935101e-07,4.9786613222108e-07,4.966142958765668e-07,3.303560677767919e-08,0.00046628495236801943,8.089047620657484e-05,8.007455088555845e-05,7.820253482511374e-05,7.82061879717715e-05,0.0002329214256595735,1.4624896089603514e-05,0.00023292955834320491,0.0002329429478448403,0.0002329388627578091,2.0025334285563425,0.00026221144034064414,0.0002515017558322992,0.0009945707557966884,0.0009905419563343123,0.0025946780981126387,0.00028807279311774,0.0034437593059754774,1.1461765448170457e-05,0.0011803572558862388,0.0002409871191108429,6.010304409563425e-06,0.0009736924330549159,1.281925522726902e-05,4.2155694890872805e-06,5.263002669081348e-06,4.503065837493127e-06,7.257587435348822e-06,0.0006549684068766456,3.33732134699882e-06,3.3427981211570525e-06,3.3368719613446683e-06,0.0011043197680644437,0.0008879527521499222,0.0007826645084783399,3.592783540812527e-06,3.7036787677583032e-06,3.5470680156024814e-06,7.209444006572745e-06,0.0011212748683972669,4.562897889880219e-06,6.462100804904241e-06,6.129746936161493e-07,0.0005918893382700876,3.5953468855804567e-06,3.3229725128907212e-06,3.440333429843254e-06,3.3620060383181187e-06,2.300509718811865e-06,0.0010989690071011205,4.951243450438163e-05,3.370911739446616e-06,1.000730780331027,1.0010826282091447,0.00039992980239935967,0.0009011884048872587,0.0002983485735805765,3.3210016556137586e-06,3.313256510014101e-06,3.3423834516250093e-06,3.3556960622131705e-06,3.3574364751378365e-06,3.336116941580648e-08,2.4561495414801848e-08,3.0334430235181147e-06,1.52487813405906e-08,3.0330394879981773e-06,3.041032431323437e-06,3.0314800716400273e-06,3.4653295972901467e-06,3.322272983743985e-06,6.890049012853481e-05,0.00025923777835713184,0.0010985766622148769,0.00022558530523135944,6.890373594060915e-05,14.014132724027961,0.00026197168198830215,6.895087948092745e-05,1.0000917583306554,3.3240712302271714e-06,3.3627423234948188e-06,4.155290876479746e-08,14.013368970921796,3.302247960745274e-08,2.8737040968246015e-06,0.0002622034480224949,3.390878538788274e-06,0.0009164597128813162,0.0009848680676469777,0.0009758900661079037,0.005773100097445575,6.85108675544988e-05,0.005583487473571013,0.005734813400154512,0.00556338317441647,6.84594941799396e-05,0.00641411614433491,7.554832218062253e-05,0.0055737519002876535,0.005584645653312298,0.004572592936050404,2.3701659220916867e-05,2.3705470714561195e-05,5.3976898911510263e-05,5.397007406427741e-05,0.0012062748130910888,0.0025622308913293267,0.00019601594147169787,1.002427055166849,6.110996436140463e-06,4.575173264927129e-05,2.299550486891563e-08,0.0008791404492371737,0.0003252046175061689,0.0016790867483176728,0.0007656510901539422,0.0004788640824329223,0.0017319943228421262,0.0013251661451326522,0.0003946431603062436,0.00026215858440073973,0.00044701970198975994,0.0002839484919639313,0.00018881742114847347,0.0004440639274545166,3.3199336560592443e-06,1.7590237252542332e-05,5.284435396317476e-06,0.0008887475144579908,3.3448905151574367e-06,0.004189989368111625,0.0003555935144579676,0.00057677639216371,0.0006296664607059236,11.078401019291116,5.223727936546631e-08,0.00028409088570553514,5.357975247761864e-06,2.8153702549020852e-08,0.00011909638395690952,1.0015827348790434,0.00032503212374239795,3.334851679830657e-06,6.892075473758417e-05,1.002168103991885,0.0004017997880852803,0.0010998245637496603,3.043046929825623e-08
1.0006028421567046,1.0015740972055107,2.002834934021629,0.00286356107943329,8.540078242573719e-06,0.00015226177106514579,0.004330151963665511,0.008757271402668574,0.006400652297189143,0.0014712094916366077,0.0035900127365068738,0.005392003187145815,1.9109535018512857e-06,0.005685766254996554,0.001841862920202662,0.0028206470535528426,0.023870448123947598,0.005824497115306753,1.5322955354881078e-05,2.0579039989196666,0.018079386804986577,0.01792541248490419,0.000615703913357177,2.057881373443297,2.057881362530674,1.0819530401958874,0.036292103026740005,0.03559432162293136,0.03547343602463476,0.04315873198335804,0.03902854708555304,0.03554219132427961,0.03575276343950807,0.03561287143372112,0.03310965272293001,0.02215611443718267,0.0234441154125823,0.02696930811615688,0.0341750332219242,0.01611799903985217,2.05806350110228,2.0579309194714397,2.0028349327332733,2.057884154430031,2.058323850859859,2.0578839341824424,0.015428118130078609,0.016683776791237007,0.015095156332116036,0.015744444431540515,1.0761365819909927,1.0776588538145322,1.0773623728538289,1.0775938122330535,0.015569014053333087,0.01586779597069993,0.0009963200497718591,0.015869871566831603,0.015752022890275497,0.01575313137707669,0.005812746985916373,0.0007800802067059171,0.005813703957623624,0.005814523868558659,0.005814215493940744,0.03320379090200065,2.0026513496493528,2.002592451503297,2.064110111858553,1.0635223996907768,2.0635257844301567,2.059755411682038,2.0640037248534226,2.0596281320872944,2.062323180113221,2.060666055196968,2.0582311225858843,2.060738619978885,2.0596529523250906,2.0583712586618046,2.0592090667376066,2.0591015529287486,2.060292580212534,2.0604914015712024,2.0578813732816945,2.0579135716340433,2.058072420816879,1.0027075571766946,2.062094469801468,2.06476176952846,2.059825205620276,2.0583007666233417,2.0589628373149895,2.059966831491401,2.0680630173326238,2.05810791812392,2.059786206651948,1.057840188929472,0.005160868445594956,2.0600156377808077,2.057911430955258,2.0584154174168914,2.0579835765227332,1.0573215509202742,0.0010138384389896367,6.080398167477298,2.0578816061090253,2.061731716717908,2.0673964851139184,2.0785652147449234,3.0595552091388254,1.0047540140135498,2.057974717236071,2.057924830780872,2.058010888924101,2.0581488649017032,2.0581144209996194,0.0009695002657881922,0.00096737572908315,0.0006161163039983745,2.2435932253557815e-07,0.0006162239110161196,0.000615851975454131,0.000615711362363319,2.0578926880696344,2.057957239904626,1.0322732082074761,1.0029754599491598,2.0583264179511347,2.0023663729400063,1.0322783579551196,0.006411453372506277,2.001857065064374,1.0313532261694578,0.034027287208772294,2.057983854186095,3.0578843814749535,1.0004526738140636,0.006411573967294115,0.0009306220630895084,1.0006026385507214,2.0026474667195173,2.0579573893016008,1.007119226969924,1.0063023459566396,0.005161133815004859,0.04332488478976352,1.0277868319133108,0.03715252936066123,1.05723760261347,1.0663519438501035,1.0242509769403438,1.0614741240003194,1.0279118464013164,0.03665040909801298,0.035289213772079484,1.0314003135345868,1.032276777603863,1.0322755827504069,1.0276053154870157,1.0276053749862235,0.0001589303747198905,0.02641194305161401,0.006705191281984641,0.027499354665056385,1.434398865262908e-05,1.066127655846299,0.0009306221460117762,2.0034031890540027,2.0020414220649543,2.005707576143352,2.003876832738195,2.002192836580166,2.0049075678295276,1.0042278808850786,2.0030646698001733,2.0018533426577956,2.0031861722764632,2.0015078383073956,2.00240927414699,1.002580224366502,2.0596212888738763,0.0009367869234605922,2.058099147439821,2.0579554698323426,2.059621289885196,2.071222901569352,2.0101861375042183,1.011707090786022,1.011386921968677,0.003925235591837843,1.1316983322730494e-05,2.0022975479061427,2.0581456584645403,1.5205043624053103e-07,2.0584509052155457,0.030677608900248378,2.0028331805927615,2.057893964941589,1.0322789869164402,2.060432967906214,2.0031851243427203,2.0583590017292805,2.785876107998793e-07
14.000788834729198,14.001026666450418,39.00367433146896,0.0012489078959611068,2.3526062284381865e-06,0.16481830013973003,0.0033111277303600746,1.0069579530775115,0.0043098489453150205,0.001037895952574237,0.0030228119326306305,0.0038713691072860203,1.324185824629617e-06,0.0031763169803266716,0.0009122006276574667,0.0013096543079657004,41.00762073399878,1.0444859779345934,9.524441466711646e-06,18.019327317342317,0.03433237905755272,0.034291678566846354,0.0002716324481626006,18.01932347333855,18.019322843196864,7.048798097126443,1.0128734243190474,3.0130118431015758,2.014091648818507,2.016288915717552,1.0134651783411879,1.0119810515214058,2.0126414513953406,1.0119960120554912,2.011836823071219,2.0097366586889143,2.008897411665909,2.0087865699344922,2.0123087145747007,0.004314563104885876,18.019365926721807,18.0193340372749,39.00367444988837,18.019322798382994,24.01992565340586,18.019324016785696,6.006698869666194,2.0045383511457073,2.003816559724756,0.00689586010434826,33.581318845690646,34.183999593373215,34.066224474085075,34.15512178987058,29.004791335707612,32.83448084632931,6.47057910738792,32.87114760172136,32.520419301549744,32.52555426088425,1.0044009293596925,0.0006834172454504367,1.0031112165789655,1.0031738781134072,1.0030744837395276,0.04008298034388734,39.00356537246567,39.00353454007799,25.029853061743644,6.025870828191321,18.0269672423699,21.02044463957596,26.023930394599777,18.019801038567078,26.027632187955856,18.021475548090805,18.019413750415332,20.02566724521103,18.02034861421196,18.019450983326934,18.019667133367047,18.019616358805713,18.01990379602188,20.020074186411676,18.01932348676327,18.01932969739301,18.019367898265884,20.001787718565698,18.025897364027806,18.022222970783943,18.01981120620911,18.019459325321744,18.0196002116266,18.020240168813668,20.055220657845748,18.019387727915273,18.02011073038723,4.018673941453031,0.0014270387241195085,18.0198565035551,18.01932945639349,18.019451835761785,18.01934986031865,4.018557064271591,6.001230849246304,18.1752789049117,18.01932271907705,18.052030464324016,18.063050685385182,18.070629853262595,18.021521349337316,14.010049921954161,18.01934438894571,18.019332207602897,18.01935321835247,18.019386602677198,18.01937823845759,5.094984733393087,5.092462745521291,0.0002716672226599754,3.1265975614905023e-07,0.0002717705514176015,0.000271673470275873,0.0002714426413992976,18.01932487468764,18.019340137533508,114.01229233431064,30.00597788487563,24.01992012103919,39.00339917396797,114.02844277939191,0.004345727010165189,27.0031744278772,110.04073682691364,2.0122870974983105,18.019346628408446,18.02059162131569,0.001378506382054901,0.004346110651346094,5.003205880160191,14.00078696718497,39.00355984851382,18.019340436477716,42.00549180032289,42.00507033101364,28.00397448267743,74.48595482918039,88.03907014060438,60.92889725275086,150.9906728663329,150.69930780537632,99.00438177229967,127.54589889308069,88.13605366627498,65.3961510801667,62.647559548343054,123.52273773804822,102.02933604163877,102.02427383271147,100.02030345075343,100.02150115779236,1.0000818343454405,1.0073333192970926,0.004233363140979127,2.015300186451991,3.947231526944155e-06,4.022524823509025,5.003205801871644,27.00712154214606,27.00346609995196,39.008938115937184,26.005180708166193,27.00556700328739,39.00790789369926,12.007697108836885,39.003811341935304,27.003171788415063,39.0038864430199,27.00258848388539,39.00342865891844,25.00309316330541,18.01974144544565,0.00015603969424258637,18.019388580937044,21.019424638635066,18.019741483161095,58.03207422625657,51.00878359732167,56.01330933131531,42.01396191020245,0.0019557903972208094,2.9987549460487012e-06,39.00297079116808,18.019401063915094,2.148777212252715e-07,18.01995643857231,0.03877276142663255,39.00367120586811,18.01932500747759,114.02959398448823,18.02330599028982,26.0038844707071,24.01993914488084,3.2932688523586972e-06
0.00016318508246969412,0.00018554066473765442,0.011994572844020624,0.0036927862370257514,5.8084498275302666e-05,0.0004097315586733482,8.13005492797702,6.146042736234961,13.228139732199576,8.125001773648226,10.152866828660983,9.121599195548194,0.010525632065373988,4.059313290241706,1.0070251353942832,2.0165267270184057,1.027114789632985,0.019160256410214134,0.0006089120397137855,0.00024000059951611094,0.023140100512571815,0.022532938427928334,2.6993805896789064e-06,0.00023899390821804516,0.00023892482320022652,2.0196714447356907,2.0062364734611853,2.010695877027918,1.0057249036872058,2.011826192798888,2.010475537884157,1.0049455390172082,1.0049546452524623,1.0049443366970785,1.0039540823159367,1.0033448855065785,1.0031261044714577,1.0037636282479547,1.0048387234361782,0.001993791942824957,0.00024076938222651668,0.00024326767634049248,0.01199454255796226,0.00023888586107113723,0.002374587585400269,0.00023890518626163944,0.0029854619874135286,0.010869171856058613,0.0028050155040650494,1.0251528023573155,0.00014656407194700376,0.00014289708800106814,0.00014284958361753498,0.00014288472470546683,6.641983259651861e-05,0.0001513043027662017,5.771959569583311e-05,0.00012376886968721294,0.0001234641074927867,0.00012346552937680507,0.019145046900423388,0.0003976052248018254,0.019149297800858004,0.019155427186401463,0.019153852456708607,2.058962765604156,0.01173875246095112,0.011674432866150379,0.003859419836792726,0.0036939051142905422,0.006284590470353762,0.0020754323354057382,0.016748498183274896,0.0002897195403700491,0.0034356145877824746,0.004509742747581664,0.0007328283461785982,0.003745273404345217,0.0003994079222844487,0.00024411930140327023,0.0002506104010743817,0.00027239332727794585,0.00034990721205345715,0.007741171761593004,0.0002388965300345103,0.00024176313052589693,0.00024151495092562608,0.0022990455151723124,0.01951243254719908,0.031803551345987134,0.0002595482190101288,0.00026047008745264675,0.0002544477826503329,0.00042994962854544643,0.020775906718403615,0.00036896843618010767,0.00039737889662789226,9.54168337106476e-05,0.02024120681450596,0.0002602546025296839,0.0002399748749968881,0.0002556261613568553,0.00024258876845983213,0.00011755842573011055,0.00236079709017686,0.004844864599673035,0.00023893022312988725,1.0035627424132079,1.0133899797951924,0.020865749105596944,0.009751034421944867,0.006868878873502816,0.00024008443185649027,0.00023919963254125537,0.00024115051297560926,0.00024323208985990868,0.00024428446681095154,2.9916509212990067e-06,2.8143782829880795e-06,2.6922239203265102e-06,1.522425834180051e-08,2.6918083676747526e-06,2.6998428093243223e-06,2.6903060613976957e-06,0.0002393070569000729,0.0002389255138496133,0.005874772088951963,0.01153558263964314,0.002359408976825305,0.011534995509624335,0.005875169410306323,14.12943789631532,0.010963308410105174,0.005875348767968805,1.0048291167326902,0.00024057851981987947,0.000239147278896359,4.501312140304229e-07,14.128668784843684,1.7590774560842018e-07,0.0001631610575939069,0.011698731451747149,0.00023901554232371653,0.01501939661801167,0.01491440874689485,0.014713882134564557,0.0967269881251286,0.0042153583270867065,0.09975797659722437,0.10362903661594883,0.09534572816284863,0.005217821366712121,0.1067128843629108,0.004580424785387974,0.09317544642224067,0.09424511599008968,0.09481230139068099,0.004974534846278682,0.004974449084664569,0.004969496284746059,0.004969493426260929,0.014596166887983193,0.029789493705527054,0.015304642969363477,1.0442971604666529,6.98403663434358e-05,0.003596533879456891,1.6588056579307034e-07,0.013203194286087676,0.011230339353707897,0.01648210350082672,0.012947433399376644,0.008787317173238458,0.016603596946050528,0.014389072392618234,0.012070484820685672,0.0050073337629204405,0.012488141831868995,0.0081052800637108,0.01142018595522661,0.012295225814528013,0.00023959000180304098,0.0002885629432554116,0.00029702002210431957,0.001025702374968344,0.0002396149594226183,0.075988956144962,0.010293052179220531,0.011101851753444377,0.011427851764130895,11.169919663245842,3.321011286625279e-07,0.00882991131536754,0.0003040324168299448,2.8137641367623047e-08,0.0034131910056263396,1.027479166367493,0.011976809799430728,0.0002389861643020588,0.005875197409950936,1.0832812078466707,0.011593014487820607,0.002399640473225692,3.0554087278378485e-08
1.0093997179521634,1.0094817515288403,1.0514872234906003,0.009863373819489525,5.60186193246055e-05,0.0023974905944293906,0.013748780690496544,0.028239637367131847,0.015330072208988039,0.00687904042905624,0.013344034423404245,0.014117276305338863,5.033989935899463e-06,0.004457169464162258,0.0018426500994612122,0.0024832059360264977,0.04142471366369057,0.05391377077100445,0.001502770189874337,2.010406942356833,0.015860018855424454,0.013931878501434725,2.6897183637979497e-05,2.0104043453624905,2.010404333849006,0.10980670509862366,0.055882728283554,0.05271990393607548,0.05438231767293388,0.0611092648267968,0.032284312638671285,0.05183968163537653,0.052522218138596435,0.05195802259877073,0.04836663713308457,0.04295477876629987,0.018227409173323404,0.04126226315967169,0.049705984490617944,0.008675289833267343,2.010421416299237,2.0104097483115626,1.0514872607011314,2.0104045693903707,2.014609212625794,2.0104045600055347,0.008905267937830856,0.012453574068571779,0.007754302597596301,0.09429557700803437,1.008957203311639,1.007477674807876,1.0074622561908582,1.0074737924460104,0.006233905914675521,0.006310798698547094,0.0002697959830193324,0.006310704879577092,0.006283895366271978,0.006284225949373851,0.053890664790335524,0.0025886495946327187,0.053907233077612825,0.053929493380089365,0.05392357742635516,0.11990108327634619,1.0514322203584676,1.051483138517089,2.0423296906458415,1.0315773231137788,2.0459493714907464,2.0153151063269434,2.0639676234900692,2.0111112620028178,2.0641753424187765,2.0333813319079894,2.0104658761912244,2.039392533386648,2.0230551965117205,2.0105400627012866,2.010773517708838,2.010543091276153,2.0107169740389255,2.0179971779566044,2.0104043523842585,2.010408554867865,2.0104221861821676,1.01361182562056,2.1180596050983653,2.0518357165379593,2.0110078533442417,2.0112003648851373,2.010867747806062,2.0191851588557137,4.479493893538818,2.010737404882374,2.017396292149383,1.0011495869047056,0.010280615866065287,2.0110167211043217,2.0104144450777315,2.0104853736948733,2.0104813575574885,1.0015008097200255,0.007463650457610741,2.030809397050696,2.010404349036897,4.306481871094901,7.848887637133279,7.313661953127715,2.020504344138061,1.0718240533505725,2.010427334694817,2.0104122232900847,2.010417674526142,2.010430516651659,2.010426468715425,7.673851042972767e-05,7.520291100284022e-05,2.6862501481901552e-05,1.7373459925368473e-08,2.686814298009533e-05,2.6859019152318405e-05,2.6851491468332432e-05,2.010406640907955,2.01041110263461,1.0284318284048308,0.04182418191750007,2.014438992628802,1.0511014372797896,1.0284354418760187,0.015838966241907584,1.0493257914152334,1.0283863400045041,0.04964563503485922,2.0104339209782585,2.0109004991996877,0.0005357386135617383,0.015839765248429442,5.09661951605548e-05,1.0093996720005718,1.0511731231224457,2.0104111432216456,1.0570981881458246,1.055992815115321,0.04647533687514841,0.4517618663386789,1.01865112721503,0.4592581010325682,1.4748133601151614,1.4216713370867469,1.0279098018719008,1.5721424919852596,1.0210037499784592,0.41706820159428526,0.4244712217682215,1.1430768474951907,1.0281767597902953,1.0281757954599302,1.0281121464025615,1.0281121854774287,0.0009603813789921636,0.1400326624996072,0.0301215974439843,0.10598353281794443,9.186512035202269e-05,1.0112241839185012,5.096422271252482e-05,1.0791755433945838,1.049565897833474,1.0887830022615248,1.056852709969081,1.0456542842844425,1.0706213382601237,0.07748341682911489,1.0518929975306075,1.039423004411294,1.051659705358457,1.0208274917889213,1.0514134414689233,0.04202085672705032,2.0105574790411844,0.0004267836021614394,2.0110583693841746,2.0118440990213413,2.0105574810114155,2.1279466198019885,1.1367103365597444,1.1613307605965972,0.15249036115127862,0.010112711189488737,1.5759321645079775e-06,1.02258217242878,2.0111232215258172,5.669757790758991e-09,2.0313301826863244,0.09671487834592714,1.051374130233694,2.0104054429489415,1.0284355553155824,2.022531547338238,1.0513923650658092,2.0149258506592576,4.760461819728337e-08
1.0122250175074032,1.0128394232924924,1.0554214920174085,0.04629218883655121,0.00026547550919932673,0.006473805404818471,0.03475189808117852,0.08212122235897445,0.04776246701151462,0.01866965734177159,0.03720692149488168,0.03994261574105599,2.168188877384513e-05,0.01612334491293326,0.003988949961389048,0.010888545082421666,0.12359830452445299,1.056558503199417,0.00022035516668904786,2.0145151273867814,0.08064538527321083,0.07597212380954554,0.00044626725697802043,2.014511159659126,2.014511449085954,0.2802714293347206,0.16367882033823225,0.15510262852414486,0.15574055244806984,0.18868047263715162,0.11811218178574329,0.15816422943924274,0.1594853510611794,0.15861058368638556,0.14339945572479237,0.12278833740377908,0.0663339963274432,0.1172704049894346,0.14897270692009099,0.033950744519399174,2.0145363206683378,2.014520108558382,1.0554215232005775,2.0145114998256397,2.0252785471190813,2.014511484125401,0.028623851229129867,0.04529095875587005,0.02751778623820368,0.21396722665329979,1.0043711679393084,1.0043924831148068,1.0043862835499375,1.0043911020663148,0.002005599898652298,0.0021234498312815908,9.627455717270322e-05,0.0020614751132874676,0.0020553699704651024,0.002055436841273248,1.0564708339116737,1.0070001890457505,1.0564909610070492,1.0565064089187417,1.0565007335680374,0.31426210295688756,1.0546728526543725,1.0549406612847227,2.07717346877798,1.0652338008020723,3.1102752806935494,2.0306164748617497,3.146563486884294,2.016077305476748,3.069781813540333,3.0505827839264272,2.014686833385558,2.073565754508141,3.031148141368136,2.014808442233028,2.0152631495247455,2.0148362645277875,2.015380350429759,3.0436470922381575,2.014511294845973,2.0145188437496007,2.0145376217021895,1.0230153945889284,2.150034222209301,2.1859564891517858,2.07012941794046,2.103496297508075,2.0631303139883777,2.753593485046321,10.648676475174236,2.0521716297189476,2.615834025624604,1.015073024604559,0.06987625740270295,2.069444665956727,2.0167763877006966,2.023574586872661,2.0268424752682783,1.0027442662216577,0.017349786366153315,2.0391721259044013,2.0145111943527794,4.100525653659289,4.644182128409295,4.836562245020339,2.0196650519493846,1.0638616846458804,2.014558860255686,2.0145258586213406,2.0145312649743254,2.0145493550501223,2.014544535177873,0.0001520093121623113,0.00014881607820939165,0.0004465064849779238,1.4753964112277785e-07,0.000446566799723801,0.00044634364973236647,0.00044625658800310174,2.014516305089659,2.0145207967292373,1.049718530031889,0.042277144010373885,2.0249728328440266,1.0538207960868633,1.0497259481077077,0.04837007458948508,1.0521366130663132,1.049628827196504,0.14861587836027693,2.0145758914069742,2.0145124415494666,5.7887501056678085e-05,0.04837194446160977,9.860292134066801e-05,1.0122249356147373,1.0544037618660034,2.0145209111444347,1.073171465553445,1.0712066283109558,0.05755346001871523,2.076584510228643,1.0279327267842053,2.143696935902714,3.1556261314642766,3.002917514616885,1.048565082750316,2.1237588558065736,1.0346200701539854,2.021058852899393,2.0404586238894415,2.3134085551331047,1.049510990922211,1.0495089827154296,1.0490165744057651,1.0490166656392144,0.00594127237879538,0.3114488656961524,0.06182570232938926,0.31497776790533577,0.0003665499379317762,1.0502923385284788,9.858974264610833e-05,1.0894415020107218,1.053088697006114,2.1394855043370415,1.0716457665196475,1.050402220408342,1.1219957335342807,1.12673382346601,1.0562207556777026,1.0399191326336756,1.0565990729985117,1.0278250230742196,1.0541966171979678,0.04412898776196693,2.014730139328562,0.0024650719462957233,2.015170461942813,2.017779840461063,2.014730145293489,3.254328327103307,1.0562905605993145,1.0793235297425685,0.06791885617796883,0.030192911070041847,2.7724257623902005e-06,1.030002397882659,2.015252873420959,1.0064171665542284e-07,2.061186238243228,0.21836513440991873,1.0553039023224464,2.0145127448504434,1.049726176738555,2.049660116475597,1.056377846845752,2.0254070694188226,2.3714558816401704e-07
1.0076632320667587,1.0078524563731153,1.073499474542294,0.018117950225105844,9.265042096643713e-05,0.0032101796195085257,1.0166834686240311,1.0342185791712006,1.0197015904521496,1.008924735380242,1.0171693441560021,1.0174729227109525,7.3534920758520585e-06,0.006035392122633257,0.001314069129653385,0.0030477083326075163,0.05897088440026472,0.07316296393681511,0.0010604979596875025,2.008962871906335,0.02880741568603082,0.023939502386253236,0.0001008906566755449,2.008960515613413,2.008960504682039,1.1545531382463257,1.077610528773282,1.0691933834171201,0.07514123568275054,1.0865934798161894,1.0605967354101582,0.07263170691128337,0.07355374377635855,0.07279676408099363,0.06657343972737521,0.055729942808638945,0.036589745758302136,0.0523370693955504,0.06969698066964897,0.01775724846021335,2.0089744002322565,2.0089654369776255,1.0734995599450283,2.008960660134043,2.0138312255522384,2.0089606493427867,0.017376993144089855,0.02152812832248581,0.015359302976776875,0.18152963131666394,1.0120893465345728,1.0098300579974835,1.009807043485279,1.0098241378122155,0.008179497109722026,0.008300198081713868,0.00040214722564888765,0.008297293878440784,0.008257779395688027,0.008258265556577951,0.07312754569468775,0.004492591201973352,0.0731535401670015,0.07318502433272299,0.07317621246027313,0.23417386799000192,1.0733328440710381,1.0734392592126403,2.051700259575302,1.0418294435587447,2.050745802883808,2.0159774157032158,2.0851304864223428,2.0098155706017766,2.0556355596374027,2.037519940145095,2.0090264887450675,2.047442780040205,2.0195592276149736,2.0091273583440543,2.009381560554188,2.009126994931277,2.0093975478225516,2.0243123953207216,2.0089604845647155,2.0089646425030456,2.0089749351499107,1.0125444180714944,2.162859013645352,2.078691806579644,2.010147292402618,2.010844510955259,2.009932777691703,2.0301311705461655,4.923807792645892,2.0096894370447775,2.0257801689557025,1.0015607893014415,0.012353416954636133,2.0101410652199387,2.0089821235257763,2.0091307477598614,2.009133317004322,1.0016661278593761,0.007406141106073887,2.0351864376384663,2.008960489556284,5.551524781629221,6.733205571946134,8.398771141109846,2.0236406120273442,1.0708243236860493,2.008978753824312,2.0089671950754857,2.0089717077471563,2.008982468926088,2.0089786357036874,9.470863156270754e-05,9.284650510793582e-05,0.00010092282467831315,5.1086871062684284e-08,0.00010095165882449437,0.00010090005864029328,0.00010088751397584666,2.008962512133473,2.00896584260809,1.0329058833192846,0.0652651333476568,2.013686506862522,1.0726788847539905,1.0329102494682463,1.02026564801198,1.0717822899552154,1.0328487469180716,0.0695363328736955,2.008984462106736,2.009623069241857,0.0006933154437200773,1.0202679670298835,6.347542754568504e-05,1.0076631667158304,1.0728652985542062,2.008965870877545,1.0800502440554773,1.0788562491469416,0.07075794224733964,0.5730460642562685,1.0212457134161104,0.5876558667805488,1.601629743820407,1.5294690320414013,1.0322387083519615,1.7212404490524498,1.024431220252487,0.5288209376442681,0.5385387077705053,1.1531940529205684,1.0325803617043465,1.0325791953090122,1.0324984975785994,1.0324985494588061,0.0020546349823096334,0.21291673150902868,0.028621247053306417,0.16627360901690685,0.0001527345421961428,1.0200024495735789,6.347282568761377e-05,1.0994889761104913,1.0721217751003738,1.113530102408691,1.0805052995111946,1.043719398548038,1.1002616098560145,0.10518784176832709,1.0737329514495129,1.0596690111989344,1.0738924593523431,1.022395775051119,1.0732060879809133,0.0657955937046273,2.0090793858565243,0.001042760575318292,2.009568257514467,2.010613673876457,2.009079387998581,2.129325959623577,1.1465331754600927,1.1677097863954076,0.16089129170097705,0.013325656543444449,1.4102204597832415e-06,1.0233061531256629,2.009668447347532,1.869548786129349e-08,2.0268217087177307,0.18455997915025776,1.073295129208204,2.0089613391284558,1.0329103791051215,2.024080140935287,1.0735504662238164,2.0140466424142494,6.024607123100774e-08
2.012073946735193,2.0122230038187685,2.063400566865723,0.017592978162032463,0.00046267968682273824,0.001525937150932107,1.010679490070387,1.0212246091096433,1.0155378807833781,1.0041781837723955,1.0087547166429347,1.0119229836430075,6.11747812927423e-06,0.012209860045317532,0.0036111434927250507,0.00638759355309978,0.16833485844990492,0.08359792201150813,0.00014582572352893314,4.014041560898689,0.08707445409195413,0.08468375973721999,0.0008024974512477564,4.014037520329145,4.014037501972319,1.5167439045886075,1.364982850471606,1.3078669257928695,0.34571256872020745,1.3718538488100567,1.2409186761506439,0.3664214873404492,0.37028089379648815,0.36772659343600406,0.32897784185972406,0.25046885649973916,0.16554082542529092,0.2809425778706197,0.3400904226062155,0.1046288607737819,4.014062258345157,4.014045748653875,2.0634006361328003,4.014037803433517,4.017690587147153,4.014037790433366,0.09483315290667534,0.10445761467082035,0.09134735832256227,0.12543407840262402,2.003698766108096,2.003711413041642,2.003706552777471,2.003710316145749,0.0016691198641104465,0.0017291682135738727,6.020132555335325e-05,0.0016981539520254405,0.0016935360857023548,0.0016935936525311337,0.08345169804734347,0.05996038920971865,0.0835856705209476,0.08352909912239902,0.08351237047638768,0.2237386405061985,2.062205961144974,2.0626170312446486,4.072845753252379,2.0610613549682997,4.096007048066939,4.0297695210041695,4.124454056400894,4.01549552191026,4.056509435777994,4.03642628180558,4.0141127956906395,4.069452006591304,4.031093995365344,4.0143393693392815,4.0148018605443045,4.014232804675472,4.014473758087947,4.023341602266016,4.014037500101918,4.014044493665531,4.014063249086357,2.015745092451169,4.10449293158213,4.050628780536586,4.014542868657445,4.014550411383333,4.0143961355251045,4.0195056974169345,8.325878200227523,4.014271675335261,4.018409673387729,2.002096629728727,0.009814354221588032,4.014561726326715,4.014045446916128,4.0141037643539645,4.014091691030914,2.002342816996472,0.00992355225856965,4.028060233505356,4.014037494559356,9.60072556699196,11.680023647017673,14.925229329507916,4.038961742147631,2.043436368793729,4.014090470652293,4.014053887815084,4.014056945014865,4.01407597114989,4.014069634972611,0.0003163196888199445,0.0003072805638376252,0.0008030447405166782,3.6218279399154794e-07,0.0008032201524886608,0.0008026717178380826,0.0008024662772269346,4.014040692488106,4.014047143709315,2.105999481189603,0.049978155085041845,4.01748038948904,2.0609656782705734,2.1060206577501313,1.0156608431476484,2.046093364454034,2.1058572539000107,0.33850102559058204,4.014110705018117,4.0140380877566,5.644778879487469e-05,1.0156625787678966,0.0001649227984162235,2.012073836886693,2.061887390662607,4.014047169230228,2.0797654001717216,2.0784903665269128,0.06407740947661339,0.27557888733699626,2.0504956768487044,0.282823958177133,2.383969858311119,2.3562733178932804,2.1038864828688664,2.440981525542126,2.051812290854115,0.26619303183712706,0.26661560611583557,2.213345310706741,2.1059891021449175,2.105983435777171,2.105434412309835,2.1054346592229716,0.0037662966744049526,0.7496632855125908,0.04853088462761808,0.6396937770934368,0.0007717696756938733,2.018417438721195,0.0001649182233149724,2.101627208553282,2.0475351502263606,2.164117635358419,2.0972936873599446,2.060804125974718,2.150602397729424,0.14329476232670238,2.063995389410241,2.025685545888376,2.0647688992147195,2.0373001245628823,2.061396300959137,0.052465245340236485,4.014253569050397,0.009755711978720487,4.014550302501669,4.01490322931085,4.014253573162511,4.131331131378376,2.0474464403752424,2.071600885471511,0.06048239028336895,0.011290301352894877,2.0086935545241356e-06,2.0530184394084983,4.014603963285005,2.2280156345002396e-07,4.0658118388754865,0.1348951189456158,2.063260851809532,4.014039033268621,2.1060212905792546,4.025418860447851,2.0647209945892944,4.017845245580833,9.88078354941721e-08
1.013695866713314,1.0138472664140739,1.058841372360757,0.016407281028957155,0.0007708967201216832,0.002022349745287493,0.008529267926990734,0.017966086330216933,0.013126489360268773,0.003371719649934699,0.007570972670235004,0.009280103821367626,4.7959331848762465e-06,0.010114706341841336,0.002100537961537856,0.005439663745727908,0.20397230568371552,0.08986953762962495,0.00036735537602889436,2.015999010171307,0.06819984954685494,0.06633073181942657,0.0003521237904476819,2.015994921023738,2.0159949031539477,0.40758104348733276,0.23047224595794502,0.19867268328261084,0.22102583915330784,0.24698947172553062,0.18539569125558825,0.22771371670891666,0.22972527366983533,0.22839316915653282,0.20176981552555442,0.15227812098922378,0.12128742002486212,0.16882618655681172,0.21416039254766328,0.0749400589962557,2.016023162123603,2.0160035267420207,1.0588414134131388,2.0159953052466135,2.0181826655643316,2.0159952825651244,0.06597433348648472,0.07709189377311193,0.06374056727864857,0.1039750536054956,1.004337983854722,1.004353266544657,1.0043471312299324,1.0043518914090892,0.0019547589303543366,0.0019973456134044524,7.32101074107261e-05,0.001988781226550276,0.0019830133047843007,0.0019830832162658183,0.0896795553941597,0.04219802808546228,0.08977342415017747,0.08975298535100881,0.0897387162340783,0.21355125264707842,1.0581725261382782,1.0586945225305207,2.059427349893541,1.0460587837769428,2.080893521431253,2.0239553938982944,2.098219427894476,2.0171005644348448,2.053872596190667,2.0439813529016053,2.0160661907911934,2.057054689437069,2.0350705479813933,2.0162318427585495,2.016635473404697,2.016226496269435,2.0165166604042595,2.0266368684305798,2.015994922258202,2.016001668009312,2.01602445906066,1.01590657267705,2.119018473031686,2.0601636026003374,2.0166414190356385,2.0166806013637704,2.0164596508591726,2.023339036279116,4.4108268937208095,2.0163783299560842,2.0218657163368534,1.0024674789136803,0.021016691327599667,2.0166634218366912,2.016005033089046,2.0160813081165485,2.016066711916821,1.0027036440141366,0.0062979393762784604,2.03215026702481,2.015994932478206,4.357699194256285,6.392267348016196,9.007287912796446,2.027091259753853,1.069338125392221,2.016059473449861,2.0160144033767957,2.016016356468633,2.016037543203382,2.0160314561665427,0.0007270358145281757,0.0007131308889514419,0.0003522544173100689,1.0569239053984536e-07,0.0003523024347728741,0.0003521466652885489,0.0003520833980721067,2.015997692006865,2.016006205046805,1.1385806506603673,0.04468050332134446,2.017950118749468,1.0573888904229896,1.1386132523276915,0.013191097617427597,1.0479042998384456,1.1381032479571924,0.21316504382762058,2.0160832289777475,2.0159956618801926,6.72016188173322e-05,0.01319275359177296,0.0004933293626552646,1.0136958097683424,1.0578832479333486,2.01600626416755,1.068847202944831,1.0678467895734751,0.05291312062803763,0.3161049147961874,1.0424428565979058,0.3193480754529878,1.4467508984982083,1.4138313910629894,1.13579170798715,1.584287898361689,1.0440806803437463,0.29494612002935505,0.29814032018358794,1.2504815674322345,1.138470686077458,1.138461981185224,1.137629542427594,1.1376299229375098,0.0034049378127369474,1.226699634048455,0.06499236587741794,0.8286736807580258,0.0012776486094148013,1.0182424156284855,0.0004933273890224734,1.0894048406946333,1.048789945277133,1.136455803849431,1.074763508454248,1.0571987287898725,1.1132145133895701,0.11770815934048431,1.0592941724751046,1.0335784617071173,1.059336486868328,1.0307839833573587,1.0580153327315545,0.045399682604801185,2.016252018735658,0.006058391089854231,2.0165593911822097,2.016229512467243,2.0162520207062196,2.1635643104996074,1.0541402540131717,1.0814318251910822,0.06837415053464735,0.010376826180595005,2.324765975295175e-06,1.0406755244907269,2.016623270522521,6.533871627430356e-08,2.0760031028843358,0.11618188167573182,1.05871500022099,2.0159967637687126,1.1386143609394876,2.024195650117197,1.0591796921439636,2.018344745252806,6.440452735282319e-08
1.0085199393978215,1.0086713514910883,1.066138582300404,0.016478992745996617,0.0002967222233060759,0.0014622391955060367,0.008097852939758229,0.017402193741192618,0.012693822377168968,0.00292282941850483,0.0071421724295166154,0.009016314712853715,4.6261888783120685e-06,0.010131842668301114,0.0020986477628241944,0.005434481087317225,0.13193984411164325,0.10487389651467831,0.00016296973299010083,2.0108333570824892,0.06964990617848249,0.06784958091753986,0.00034911746865769124,2.0108308963596198,2.0108308868259384,0.5616745804810401,0.3771785509327897,0.3157191162701886,0.3577655820584939,0.3907686945370237,0.28895794214764264,0.3778380923289798,0.38178010279285723,0.3791706388774344,0.3380235817943511,0.24315564459629319,0.19467838263941847,0.2814006328460508,0.3513009496310623,0.12294986353875048,2.0108468568192723,2.010836035835629,1.066138631591807,2.0108311065910702,2.014418118915944,2.010831098493724,0.11274823549742972,0.12398247587902833,0.10837129267009958,0.10163212686963033,1.0043567323352367,1.0043723839423984,1.0043662457410039,1.004371005710028,0.0019619692292906503,0.002005103919845565,7.386557152809335e-05,0.001996640072286346,0.0019908704183253553,0.0019909409365423294,0.10477331990048497,0.07061680927295812,0.10494134255817479,0.10487394635539465,0.10485248555435255,0.18813222697670157,1.0654908408771007,1.0657550311913169,2.0389787708958456,1.0306228092773575,2.0594509292272027,2.0229123794948602,2.0959804952463887,2.01157081628325,2.0425655882494254,2.0287397913584746,2.0108964585059548,2.037470402086966,2.0230101089349444,2.0109569430059815,2.01117223771563,2.0109539347557366,2.0111007205432587,2.0168169623882126,2.0108309052628703,2.0108349255731217,2.010847605538521,1.0121300425727429,2.0852850466875124,2.0477260379670064,2.011288167512409,2.0113820448148902,2.011172336587968,2.0168319472876113,4.352331744879305,2.011129372707284,2.0156182483471783,1.0024269872803697,0.01581737524555155,2.011298804873576,2.0108385618483444,2.0108974244850386,2.010886259879078,1.0025675350940835,0.00778731903230404,2.0270540878293737,2.01083090082053,4.377175352521322,7.686421131038472,10.332910767374006,2.0223884254027458,1.0451868953727645,2.010865571263779,2.0108414312483336,2.0108431900345507,2.0108553471573303,2.010851713289556,0.0006413736479828949,0.0006325853383857234,0.0003492480927263803,1.0569723962430226e-07,0.00034929611351448365,0.0003491403399245483,0.00034907707277134255,2.0108332292199558,2.010837225312234,1.1045171170511223,0.05711116163582615,2.0142773492140154,1.0646377692724664,1.104537756667515,0.012758275951254778,1.0464313788208965,1.1040379052702165,0.3493114176406234,2.010878214176533,2.0108315454601895,3.76650228970741e-05,0.012759581322362554,0.0004931425015711032,1.0085198934187947,1.0651382397634936,2.0108372690448526,1.0774251492135734,1.0754524896322932,0.06562235047757813,0.2619287113498163,1.0374992025481196,0.2661281854840427,1.36170867484602,1.336539069392996,1.1017254315672638,1.4369723425377212,1.0387628998287959,0.24646231352751416,0.24847359993171186,1.1827060989923555,1.104501789106743,1.1044962901902966,1.1035597277251625,1.1035599670655538,0.0022465152630441344,0.6234838560905206,0.0471414739841239,0.4198116812984388,0.00048738295236458755,1.0182990404087107,0.000493140526546625,1.087018054541777,1.0472261831958816,1.1246905179028321,1.090006452210997,1.0534881183604472,1.1149776121412067,0.11031030554078575,1.0664171869221282,1.0222183321758334,1.0668838450725668,1.0357117196215317,1.0650445655812386,0.05812646185974747,2.0109741015991993,0.012327076080038303,2.0111854079432576,2.0114306552874743,2.0109741035700726,2.1349053979760644,1.048228446695771,1.0669370776826768,0.058946717240371815,0.01019986340166529,1.5184279890270957e-06,1.0543374318041636,2.0112249338853863,6.533887743335846e-08,2.0495642050753564,0.1110081503970497,1.065984222246437,2.0108319250939726,1.1045385314617004,2.0234548829301713,1.0668349756783528,2.0145242765218545,4.5953578377964326e-08
4.010762298429152,4.010813533744001,4.046788192336716,0.008771957640394786,2.4246686126523843e-05,0.0010490929286821405,2.0065223210463787,2.0119009055022654,2.0079105786653675,2.002455276079344,2.0037010242399287,2.0065587940226335,3.96309376434673e-06,0.016088800262086998,0.0031676335783213786,0.004100383611274891,0.03608780078407251,1.0341172584444887,0.00013127000054860368,8.01144543526445,0.0090518124879044,0.008806455376447876,0.0002483423377793029,8.011442014992125,8.01144226671344,2.2327574683992677,2.1096132424325353,2.0941689874815084,0.11399469120460248,2.1241234067714223,2.094549272004024,0.10680758432136891,0.11088313613083813,0.10706864465436433,0.08847272031221397,0.08144279643681569,0.06676332388884336,0.0754304388956223,0.10497935096656222,0.03243596946672167,8.011462133016673,8.011448761028346,4.046788247898095,8.011442192034874,8.01331413254659,8.011442196731172,0.0366558949499328,0.030405963475477915,0.027312707758551897,0.023615698679769096,4.024865210895002,4.015523563360136,4.015471528580486,4.015506628112311,0.01414824715199877,0.014367934164786923,0.0007755130750796719,0.0143680101612866,0.01429078480631088,0.014291740009054293,1.0341002721710244,1.0031459106924432,1.0341102614992959,1.0341202421354656,1.0341171522706707,0.03310376062508475,4.0465595627748,4.046475437164703,8.07673435215922,4.0567516999433115,9.080721751867797,8.02063828943354,9.066156443542807,8.012638343134196,9.06205857310981,9.037839913444161,8.011489054081576,8.064341991775407,9.026353136882099,8.011699356425858,8.012091846468834,8.011568439850626,8.011690617793482,9.012786100909812,8.011442125138698,8.011447834529953,8.011462843854643,4.012638373740092,8.095339802429669,8.061154566727456,8.06667481483141,8.099888064750335,8.05975614831703,8.744676040267114,22.418334177250333,8.048760959185906,8.608102856177336,4.013277237339728,0.05161803089968129,8.065987453448075,8.013695475446461,8.02035363362618,8.023715886464617,4.001917745219373,0.029392876088423503,8.047945323117208,8.0114419644616,23.913675798268148,25.254983352593378,24.120420593885378,8.047325726386067,4.033272331308144,8.011470191593016,8.01145181198724,8.011457914182909,8.011473661949537,8.01146788172304,0.00021451775033355305,0.00021018198888607723,0.0002483445083850577,1.5522363325293225e-07,0.0002484212351979345,0.00024827087925846625,0.00024820769693495014,8.011450347220947,8.011449897714247,4.0635668785226695,0.0357298370276667,8.013190448113058,4.046174707453605,4.063577027899651,2.007974731041277,4.03282852592285,4.063442369891917,0.10464868293769242,8.011479864464441,8.01221887195239,0.0008212759096161,2.007974952853289,0.00014168623133231108,4.010761995169904,4.0463504183309755,8.01144991949074,4.059786854192776,4.058247588372679,0.046935816062023676,1.2298535450247383,4.045397744952244,1.2303053456732025,5.287539409528997,5.26805148509881,4.062749193655104,4.282510294932537,4.046407439924259,1.2151676253370498,1.2170517154614973,5.11491974149726,4.063574402668813,4.0635717112874685,4.06109032168,4.0610904351953865,0.0006035221125196678,0.07029347698216482,0.017751673226392893,0.0677217363933578,4.0708399189377053e-05,4.008311290357297,0.00014166014162671027,4.060704887758304,4.033151660031763,5.1268384974860695,4.0625253524388265,4.037714038928241,4.110484657615917,1.1142532380984578,4.0480685396286615,4.021798385971838,4.047398489290848,4.023974359288031,4.04621823624741,0.03648004866078519,8.011613682675941,0.0020229667786862116,8.012795429719,8.011763076467801,8.011613688233112,9.106490000565309,4.077374471417471,4.090731308138526,0.08091122407962857,0.006263592879286353,1.9442252886866974e-06,4.03744029561997,8.012842354281558,7.925551575355335e-08,8.039322133418372,0.030031267863681106,4.046697340554726,8.011443156249369,4.063577348559219,8.016847621417805,4.047368422033492,8.014375826981142,3.3227622889082967e-07
1.0002396061009375,1.0002574627132579,1.007458178929737,0.0027963021954314424,0.00010695387834237121,0.000518925827508597,0.00872455280211325,0.019078830303716918,0.013711736209149044,0.004102626364628908,0.011083438755041763,0.011008406155426718,3.7472689758962306e-06,0.00443409450456947,0.00018787264838126356,0.002798727765461623,0.01638303092161095,0.008830197587087302,0.0003978050883896805,1.001126376736457,0.01849316727820998,0.018222041981364002,0.00014067612728042075,1.0011207205638084,1.001120676346952,0.03423776294499275,0.011596441997511139,0.01600954737645654,0.012070027004144663,0.016271494375811393,0.013530253550385259,0.00987885844149122,0.011546125816606388,0.009892113160014737,0.010748906665205818,0.010314038369369716,0.009114482281726878,0.008532810806865455,0.011277044311951544,0.002052412113236846,1.0011288995278462,1.0011334991170187,1.0074581826202385,1.001120684707734,1.004228096830538,1.0011206816940514,0.009551644234005516,0.01230969095210445,0.0040938118851333565,0.022543450063281404,0.015641599648829378,0.007915088167217811,0.007888804520868013,0.007905248275015587,0.0067206318295783985,0.006817596606263112,0.000321559410033935,0.006817381091625389,0.006785954088980491,0.006786326729267315,0.008823753993987594,0.000966598616057579,0.008825493155698055,0.008827071428348921,0.008826531225673862,0.03832321423764065,1.0072855067226605,1.0073651187316188,1.0733584380808185,0.06533455087636905,1.016948666103941,1.0048303562848535,1.0160704958697773,1.002313927669747,1.0665972082819404,1.004169118201086,1.0011745219904082,1.0622933806222736,1.0021603660341074,1.001435963073491,1.0018173755512518,1.001169030670936,1.0012538542462415,1.0089090947373969,1.0011207409264327,1.0011296967834018,1.001127790055899,1.003353057667772,1.0162295040785674,1.0155240306065363,1.001155361019032,1.0011654769427103,1.001147319274096,1.001603807166228,1.0449871004384865,1.0011660131699343,1.001506792746295,0.0008937157599531943,0.00665843768530665,1.0011558865815717,1.0011215118258303,1.0011307602481678,1.0011254165878969,0.0009146540857310734,0.003157289505455556,1.0246006740859184,1.0011206785175197,1.0134309095851817,1.0520012915165504,1.0652150826337503,1.0032466929812316,6.004344946943236,1.0046975888868566,1.0030840813545923,1.0011275164808404,1.0011284446850752,1.0011328533305748,0.00023322189662160894,0.00023271795696606115,0.00014072308335034753,3.484339280418586e-08,0.00014073346177848108,0.00014068837786896635,0.0001406715919825927,1.0011213141980833,1.001121073542269,1.010198916413302,0.007251580794325678,1.0042004020421564,1.007159867401784,1.0102001148931885,0.013885161016656104,1.006299961743673,1.0099770440988052,0.011268639078579355,1.004480527846198,1.0021893743363017,0.0010705973967795612,0.013885228774188928,0.00022439480866771704,1.000239608893088,1.007266724110095,1.0011211271430334,1.0088596370609033,1.0083596789390643,0.007932301254779315,0.13117782233864173,1.00845568513031,0.14582976077885332,1.149490862101214,1.1380220195390256,1.0090944724926292,1.061356597080452,1.0090578414141813,0.13447674018644848,0.13474799953534022,1.048238633698973,1.0101426399626678,1.0101422859945897,1.009916649566676,1.0099166625454832,0.0007225213953176652,0.018378395992455696,0.015735412293263824,0.025901825308081192,0.00011198342329763832,0.003848745387258949,0.00022438528349753988,1.0107800414175485,1.0064841227853634,1.0104773478399116,1.0091144533099683,1.0065957686151794,1.01001775583319,0.009639618505970565,1.0082497112748092,1.0051905188744716,1.0083739954103788,1.0030593356118147,1.0071911512650862,0.008117926309643893,1.001127940518543,0.0004332122478673884,1.001165702623601,1.001717140447952,1.0011279642026805,1.0472916191943717,1.023552824490751,1.0263349296493245,0.027320925613676952,0.006013486060632687,4.084961110457544e-07,1.0040208955337218,1.0011706381102892,2.1593666906551296e-08,1.0101819583774632,0.02500925616291987,1.0074503782754622,1.0011207322697542,1.010200214742032,1.0156396557123544,1.0083152733911602,1.0042311803105175,1.1320692265875883e-07
0.006728678097056935,0.006737751998719032,0.010189059901349731,0.006525367102099037,2.4459873489388088e-06,8.816297008428718e-05,1.0247198250573681,4.048595199152525,4.043529861698865,2.0185648230039073,0.019883821254054357,1.0112576147914225,0.016405329507564344,6.033238943557324,1.0198408737173221,2.0094540054510954,0.005592952903399751,0.000842703494777644,4.441096433847318e-06,0.007496635980012695,0.0029579783821187602,0.0026154721537703946,0.001918901915559971,0.0074953475814194285,0.007495242128708832,1.0408705058973762,1.0346742611172577,1.025577207398878,1.0298434232025013,1.036127093071485,1.0340568118324862,1.0346036411731994,1.0348334933151813,1.034680003251862,1.023683965722539,1.0322050493406274,1.0312905303094029,1.0229007031321444,1.0331812797275628,0.020796329679131625,0.0075064487097908006,0.007498309795207474,0.010189146847500486,0.007495403811543152,0.007952363359915395,0.007495383961766749,0.006274085299652996,0.00651974745872554,0.006152932507786873,1.0082231480859747,0.001472067411463931,0.0014452459961417112,0.0014438806500646488,0.0014449384561630516,0.000656533490676657,0.0007585899652233254,1.4709808088827067e-05,0.0006623832612509164,0.0006609073299444786,0.0006609220352085621,0.0008408898677890185,0.00041267202719558253,0.0008410534310211929,0.0008410092876715584,0.000840983053403946,2.0145315679093474,0.0095647618647943,0.00865540010618145,0.012469038740232998,0.0058509797032666845,0.018721064840665286,0.010611476668864304,0.013695709187904224,0.00765095189477253,0.015583247594794609,0.014623325712154337,0.007516866587043805,0.012219215937231631,0.013667176607880763,0.007537494126242553,0.007622799030447321,0.007571015303889232,0.007645958262179615,0.008172064073511752,0.00749530292986332,0.007497275853545012,0.007506999416102906,0.0071907814467769,0.013515396363651755,0.011489780344522024,0.007619877120110597,0.007530708776553224,0.007566155701886132,0.00773566398442709,0.022969314952740537,0.007514807276956944,0.007701142765319865,0.000802921590556953,0.0013151521966558732,0.007631290602126879,0.0074964736080787575,0.007505719289088524,0.007502269223092386,0.0009976976698091856,0.002353076109119964,0.010060412884995725,0.007495304883331748,0.013302735161948003,0.01717239304639289,0.02693539427400217,0.013679272563718576,0.008036100741019571,0.0075012747545404965,0.007497975014230859,0.007503328968542888,0.007511771712656948,0.007509623077848203,3.23803186561237e-05,3.115535387594746e-05,0.0019209883789782405,1.1171193024051113e-06,0.001921515195915733,0.0019197136950074062,0.0019189625151232181,0.00749611153311347,0.007499859221049759,0.019625105298220275,0.0028180707314662675,0.007856100361485567,0.00910704867027861,0.01962796797198029,4.008004988572143,0.009197764320228431,0.01961980277941439,1.0329680630071536,0.00750193260030111,0.007495517643538681,2.7872653563341186e-05,4.0096856530174465,1.1929335111822142e-05,0.006728566241333375,0.00953475901294769,0.007499869220134377,0.018041276850529038,0.019502478617022107,0.009450986486102875,0.02140375530201599,0.018808334529393223,0.019781611119412346,0.04129348796928696,0.03837016772455323,0.01933323302459493,0.043811723109194366,0.01886759158332371,0.02199198837070701,0.021510678645075984,0.03375627135936343,0.01962723078181791,0.019626469096026333,0.019226443053462165,0.01922647655549249,0.00025994549138922107,0.012801744619450594,0.0038028066951924706,0.007111180894934456,4.042587435638597e-06,0.0024527001956507243,1.1934961809639804e-05,0.015704867359484814,0.00983261028442545,0.030860061662734282,0.018048427014288847,0.010983950945062949,0.022471573787001868,0.022138997815792864,0.011756717304919798,0.00953777409312001,0.013331521816012751,0.009664316626445738,0.008060297028516045,0.0065666999420266395,0.007601859161544222,0.00031145562534905366,0.007740019420400264,0.007608570602728016,0.007601860213597684,0.01840960179887374,0.011156699429004258,0.012706421121162468,0.006445301218220794,4.042201066568069,7.220902654854697e-07,0.009997795991282477,0.007744001015618485,7.586312045707544e-07,0.008575739099456066,1.010810547046011,0.010175342226248147,0.007495996152891941,0.019628045619472904,0.008000257018948234,0.01332431484073973,0.008083773466023632,1.0310550671085938e-07
4.993457748345251e-07,4.19730114586795e-07,0.0002637687305301015,0.00019263932222924072,5.057707112568713e-05,2.6238467269213013e-06,1.0253378427495194,4.056980273035048,4.046128401672963,2.0197302923565363,0.024234887900161557,1.0139155751764093,0.016399040113610885,6.0019381399636496,1.018160973092955,2.0075136168639736,0.004704936210417917,0.0012177321283989783,0.0006814238236286577,5.389247263605596e-07,0.001187831248949363,0.0009069163540985299,8.625003840589193e-05,6.666650285392428e-07,5.686208554641176e-07,1.0171863515087682,1.001455958398517,1.0025461173083046,1.001188495936988,1.0026006692427172,1.0021518763985133,1.0008883502918544,1.0008944700515314,1.00088889231576,1.0008706130164953,1.0007462688333564,1.0007360738135878,1.00087611454543,1.0008745877060303,0.0001439410402177586,5.411160488951887e-07,5.443272960994065e-07,0.0002638513917969432,5.595506384208673e-07,0.0003197388784731908,5.533584525714365e-07,0.00014362589181651233,0.0003938277024283313,0.00013536709273983673,1.0014955249293997,4.853297405889334e-07,2.4132644886724314e-07,2.3504977018247595e-07,2.2772559486875004e-07,2.932591983910428e-08,0.0008240384770191249,0.000575608413884887,0.0005738758089961706,0.0005665060142151977,0.0005665249965771626,0.0012162675268573625,2.300553781742625e-05,0.0012163619807522476,0.0012165327941273756,0.0012164909351382127,2.0037890633295627,0.0002473691460213233,0.0002436953693380502,9.818177910790422e-05,9.755532912219531e-05,0.0005857064337214992,0.0001301164527675189,0.0009352375313181312,1.5992793838317016e-06,0.00035439751405575115,0.0002705264546569952,1.2980869348620247e-06,9.56924813313805e-05,9.56498200665708e-07,5.655816274141976e-07,5.933385812132306e-07,7.982839592480502e-07,1.4023664719194085e-06,0.00022998867743233438,6.288123504476011e-07,5.427408336075941e-07,5.537546320731654e-07,0.00031959763008856755,0.0007352258876806704,0.001795888000845223,8.239717097600456e-07,7.457854216004827e-07,7.449578282766555e-07,2.0837998635608378e-06,0.0005942433422759331,1.3684625951104028e-06,1.829190984045097e-06,6.30414762664049e-07,0.0004597021272388564,8.088388070478925e-07,5.64998116412737e-07,9.603112447886403e-07,6.091215295849373e-07,2.271856409294222e-07,0.00031881978379998745,0.0002017161272587567,6.169813720154094e-07,7.686197922347413e-05,0.0007264328095421135,0.0001719631130556142,0.00021594130911339882,0.000643208652005103,5.393625519662902e-07,5.345969526219945e-07,5.414691632046458e-07,5.442788508460617e-07,5.518135177648358e-07,3.315916978845172e-08,3.034607618011692e-08,8.627721094183797e-05,1.6950715369069198e-08,8.627613146634839e-05,8.63013809940042e-05,8.624450349889615e-05,5.532336817437566e-07,5.391759510883559e-07,0.00016300881039178048,0.00024683750440202494,0.00031878628274920994,0.00022494522328714086,0.00016301393884825228,4.01080467808553,0.00020315058073307334,0.00016305231020908318,1.0008689073905366,5.398863315274774e-07,5.403272457011905e-07,6.270615576196101e-09,4.012484645931621,4.329574182793062e-09,3.984506450388436e-07,0.000247251263531896,5.397148651610908e-07,0.0016844259261947665,0.0016201329798451567,0.001531499877066397,0.002179744624099852,0.00011718402428112837,0.001928929073046288,0.0020826455773767893,0.0020407137543703865,0.00016301025181261227,0.0029662853544351205,0.00011901175551328708,0.0018970693332168215,0.001899990550077912,0.0027592320466811363,4.748196769101703e-05,4.7481360107216854e-05,0.000162652552602339,0.00016265229052160292,0.0012662119289671375,0.001876326457558236,0.00023636420085647073,0.005047326682110787,5.105078938675213e-05,3.939090998105721e-05,9.956453467468433e-09,0.0002844356688994329,0.00021962896531660706,0.0003941648699569653,0.00022487194739270066,0.00021125041682089097,0.0004012901487182063,0.00020494441853185938,0.00028182589122050785,0.00020326543777005398,0.00029535611866395034,0.00019130732120778882,0.00022738969203173022,0.00029484830953716647,5.376175445216515e-07,1.2629863046533765e-05,7.649718096845133e-07,0.0001977334187559046,5.386694591510452e-07,0.0016390155185224383,0.004148087855258175,0.004163388794233769,0.005099455623293133,4.041669305857977,2.487190905826417e-08,0.00023526099195948858,8.340860330263856e-07,1.5381333697005506e-08,4.595395289016029e-05,1.0014831173297554,0.00026368332165899264,5.507118105307303e-07,0.00016301103122122462,0.0008953875451894432,0.00017978829340637069,0.0003187876431775979,8.585718155387588e-08
0.0023031477087459454,0.002333067029533596,0.03779890651953877,0.006067044700775352,4.280548537426075e-06,5.6068152148547456e-05,1.0236637968508975,4.047371017790122,4.041834359738913,2.0187952417948782,0.020247639562096416,1.0102539186958146,0.016404713497995514,6.031453185625027,1.0182084411124206,2.007557061577425,0.003615394475727886,0.010302282125163492,1.0755637356731625e-07,0.003071263735614021,0.002047470848507797,0.0017401918350710352,0.0002846220094402802,0.0030709825518057793,0.003070882783167444,1.0762364221178657,1.0535615744436984,1.0371083694901717,1.0519327834099363,1.0548219227797648,1.0522778084215982,1.0526961396679444,1.053051660550657,1.0528148933479344,1.0408760666152583,1.043251458510709,1.0397121573281642,1.0331545782135958,1.0503842278209077,0.022300043232585977,0.003073952858042251,0.0030717620703281656,0.03779901429432039,0.0030709203053366422,0.003882103303605243,0.003070910390094566,0.007922214232354525,0.008176920346462252,0.0077636991175951,1.004821625872133,0.0014423492449161888,0.0014481399856469377,0.001446779267154754,0.0014478349714779303,0.0006582883824420435,0.0006617991672524513,1.2282093079266656e-05,0.0006618093214859252,0.0006605315193429664,0.0006605460548126144,0.010301428894871503,0.0008839376306052449,0.01030383494247274,0.010306536050124267,0.010305744932894056,2.0095797557646558,0.03779622553229895,0.037825330489715925,0.00582679803056622,0.003553672394046691,0.009024476182034112,0.0038858737664545606,0.007850244420645944,0.003139337657652375,0.006453882918086478,0.01694068315581191,0.003078181010416448,0.005698144165185573,0.005183669092409333,0.003083733478549526,0.003107926202523521,0.003091418796017388,0.003111294138384375,0.00313921795809963,0.0030709431302655397,0.003071496362890658,0.0030741214314297734,0.003119364167569289,0.041922419806905205,0.008936260228960274,0.0031160759562413784,0.0030992499739864055,0.0030996345503688425,0.0033445971812589986,0.02760455363244557,0.003092725091804329,0.00329275821933768,0.0007811613918838986,0.0034236424080917676,0.0031190459369790442,0.003071488376935608,0.0030772512778941188,0.0030746009927802203,0.0011359135919393653,0.007004149065653663,0.00934851985272914,0.0030709351017439252,0.02334889548994405,0.027323578972536042,0.03511594447671722,0.006907129858792493,0.00523166441916875,0.0030737369681650244,0.0030719148111495362,0.0030731409010000417,0.0030755317962090417,0.003074875377469891,2.7250512899822763e-05,2.6334144737305277e-05,0.00028476053790625464,7.644267268119339e-08,0.0002847880042923193,0.0002847144724850641,0.0002846200503163509,0.0030721213067500027,0.0030721246425711073,0.01774892262642786,0.035312109430586,0.003862998289536512,0.037580238041215644,0.017751063852903384,4.006271847487306,0.029880941070932934,0.017738603995028458,1.0501515549885527,0.00307447530476876,0.0030711646938772503,7.832672789603236e-06,4.007952520370578,1.1954778210107272e-05,0.002303044491382125,0.03760340383967247,0.003072130562664311,0.04509414532596288,0.04301519726409517,0.04025227663714156,0.013069500049683814,0.0075919264360324555,0.012874086465393585,0.028677644617329,0.029453584010712564,0.017456932608680815,0.031691687642300875,0.007630080525675363,0.012157207786895349,0.012044927593090907,0.01955535672699138,0.017750551248632604,0.01774999864164749,0.01666918783759719,0.01666921282299942,0.00010917026979964073,0.015342852766327835,0.007821164186235482,0.015821275906298195,7.156482860083388e-06,0.00560065495552216,1.1960404737663796e-05,0.03163833027892452,0.029887718103400497,0.04477921707006683,0.03932175284261024,0.015485707218237936,0.041699360622650165,0.04189753348042719,0.03822512952905383,0.01776084577007749,0.03798551184210097,0.014849303456946347,0.03778244886804836,0.035536014886891315,0.003099932994080156,0.00043024351929998904,0.0034838843088238654,0.003608390207018419,0.00309993404598647,0.00856020447120022,0.037667230705136175,0.03849454722551701,0.03620730999991788,4.039789402011384,2.4767974556110383e-07,0.02251682234794762,0.003502530625885932,5.557270235540512e-08,0.006649034090732773,1.0056116268908346,0.03771474416633159,0.003071075571606638,0.017751121370900434,0.0044429907555085316,0.0379808733887198,0.004223014551189991,9.054010794211784e-08
6.770416815514705e-07,6.630859220016724e-07,1.0004135827614664,0.00041900452687094065,0.00012835178607713353,5.951682199863346e-06,1.000993158932832,2.02351358074159,2.0216593337338926,2.0182448896049383,1.0036548449476075,1.0035963521138433,3.0895600265401175e-05,1.0316533510189536,2.5751812878887206e-05,0.0002838000055380366,1.0029342885088437,1.0010832249479684,9.646120966279179e-05,8.580994233170548e-07,0.0009020687868731558,0.0008895679362728186,0.00018940724871881271,9.115234332596185e-07,9.684801576856027e-07,6.059739938445641,12.86706696070478,14.455485321936106,13.090052073993403,15.572913493933935,12.17145668832075,9.02372452366783,10.024365805529165,9.023583626648318,9.022170181562371,9.02418877451256,8.044186443876187,8.035890938233427,10.020535822405964,3.0026668594587163,8.687034127090669e-07,8.639801616745565e-07,1.0004135675017227,8.950369984767211e-07,2.026125861756694e-05,8.759933229708006e-07,7.007544700948675,3.0078888672941746,3.0017361610733593,0.0013293371526560285,5.0000008478531885,2.686136801668234e-07,2.696063018372689e-07,2.6815839537158837e-07,1.695926508639793e-08,1.000061118363962,4.361259681900078e-06,4.329507085238317e-06,4.233984424366475e-06,4.23426515944347e-06,1.0010825421349752,1.0084808361471346e-05,1.0010826372011465,1.0010828251783903,1.0010827464376655,0.002623890090267472,1.0003859079737625,1.0003788218377578,5.000090353807073,8.918750004950034e-05,7.385083720970937e-05,2.462331784678132e-05,0.0007446503365606318,1.3009476737570953e-06,7.73796311702209e-05,3.908627764943029e-05,1.0955136801790196e-06,8.902898831774836e-05,1.4681218956912412e-06,8.846540592473635e-07,9.155461739534104e-07,1.5136843848566376e-06,3.0521982836300926e-06,0.0004394217511878841,9.172753603004138e-07,8.61447458486303e-07,8.977073015170338e-07,2.001131858951405e-05,0.00020161781218288458,0.0018584613564232822,1.2454110057612096e-06,1.2623673881553118e-06,1.1505299958888786e-06,4.442259989410355e-06,0.0010704663749375699,3.03923329822697e-06,3.780153715127564e-06,6.769178211967269e-07,0.000913519582707532,1.251966284074943e-06,8.889784539180551e-07,1.230801762566609e-06,9.313877450493781e-07,3.5657836638315867e-07,2.0301877428273394e-05,1.0000629610281155,9.96205753915606e-07,1.0000269607423342,1.000364198866231,0.0003630410817028049,1.0004031086098382,0.0011054830188342293,8.87680263529811e-07,8.756357004916403e-07,8.63967804291478e-07,8.915972893395325e-07,8.654994431227022e-07,8.353924650523485e-08,7.884498736362687e-08,0.00018949262282922286,5.2439855483746904e-08,0.00018950656413387808,0.00018945151898004946,0.0001894056110842488,8.994705443221705e-07,8.835896286127478e-07,0.0002955553192142368,1.000384948885023,2.0250457438649145e-05,1.0003464082328677,0.0002955628177078526,2.021517669280012,1.0003652448958402,0.00029558958294147647,10.019068829971085,8.971518215170378e-07,1.0000008622893986,1.0000000067563655,2.0215171013997892,4.792154713964451e-09,6.077680619985783e-07,1.0003855649870261,8.740183480283398e-07,0.0016642321338048243,0.0012748857293251234,0.0010455590004888324,1.0032192014188601,0.00027195336209912446,0.0030224216229951693,0.0032967012773667467,0.003207082284087326,0.0002955615790020468,0.00642132951349085,0.0002761163098021534,0.002952786589973994,0.0029595236396071515,0.003279719645643589,2.6757022023623134e-05,2.6753542131016517e-05,0.00029453701550030773,0.0002945343996372217,0.0004894317094620098,0.0007413384431327051,0.0004122198762978732,0.002232149387361604,0.0001284989415368849,6.442775662176688e-05,4.419563272838407e-09,1.0004774854924021,1.0003932710727579,1.000562272686476,1.0002725050994585,1.0003883928218715,1.0005734133203732,1.0001666767051622,1.0004444161971315,1.0003865930162783,1.0004669036653147,1.0003783601090983,1.0003514499426869,1.0004659105270703,8.767020463919052e-07,0.008303920303677678,9.585011244123408e-07,9.109728536514142e-06,8.734760412920826e-07,0.002486656562700496,1.0318895806198138,0.03190601948071732,1.0371775390714804,1.0207327874320375,1.1908025308407008e-08,1.0003982732220966,9.673460719639474e-07,4.093209823423354e-08,0.00020025583556228412,0.001371603902696683,1.0004133988966142,8.625836428708851e-07,0.0002955720580897894,0.00031970331766433544,1.0001980038291478,2.0327444592822884e-05,3.1576304378316316e-08
2.000000360232596,2.0000000126805477,26.000022758669765,2.731929304579258e-05,3.0391678954943365e-08,0.00012050913839387601,1.6257151421226212e-05,4.666845574929664e-05,4.495400088031765e-05,4.4173501473520016e-05,4.496367390751537e-05,1.6357606201977893e-05,2.993999812916533e-08,4.405870044752284e-08,2.1686498823725284e-08,1.6390191885266688e-07,3.000000013252824,9.46486471143092e-09,9.750015935751953e-09,2.000011231848792,2.2153404166644654e-06,2.294720243477249e-06,6.579108211902057e-08,2.0000116037780575,2.000011254230576,3.0000713160503363,1.9706162344220912e-05,4.6192677232783376e-05,3.2678934889682604e-05,4.6259394144960314e-05,4.0148365557602434e-05,2.193023430342627e-08,1.9841670094330877e-08,3.4797726743758876e-08,2.3491422306812596e-08,6.585779474939054e-08,2.516481548953462e-08,3.1433253532936467e-08,5.2285351934479184e-08,7.316877573567967e-08,2.000011278275618,2.0000112727128108,26.000009667083376,2.0000113345189736,2.000021980979379,2.0000113275657907,8.661631658990274e-08,5.525536103649987e-08,9.623833218361443e-08,3.30383213926099e-05,1.1192531556900678e-05,1.1199116433132339e-05,1.1201005479421311e-05,1.120105094375646e-05,2.25770438529646e-08,2.3286368763184397e-05,3.400902250121954e-07,3.2632486725583746e-07,3.011566670438332e-07,3.0509357033132617e-07,2.597519654381485e-08,3.1979422951287844e-09,4.8192037301057095e-09,6.855355971237216e-09,6.006951614049722e-09,3.3029754460763664e-05,23.000000156101542,23.000000141006783,4.000011261103248,2.000011304889293,5.000023716405046,2.000011231000697,4.000022136788052,2.0000112297805206,3.0000220662156845,3.000011246840017,2.000011237870229,4.000011321088531,3.000011239848341,2.00001121581741,2.0000112398045773,2.000011277225196,2.0000112205609826,2.0000113656110434,2.000011438932312,2.0000112755245296,2.0000112098891734,2.0000108292165666,4.000021205894302,2.000122527118599,2.000011405153713,2.000011190869993,2.000011205189315,2.0000112119402833,3.0000113558880797,2.0000113283097427,2.0000112637840006,1.1268829977541479e-05,2.0001109144825504,2.000011213911357,2.000011259643948,2.000011255142176,2.0000112355159665,2.0000118719437494,2.0273969973440774e-05,5.000246960115179,2.000011515923212,2.0000246573755587,2.0000260688756204,2.0000112127578302,5.000032522466662,2.000017466743099,2.00001118392166,2.000011173480898,2.000011212045211,2.0000112363784854,2.0000112344513212,5.779247806237988e-06,5.728862673171757e-06,2.7560750099358256e-08,7.760741106860196e-08,4.5588982259647845e-08,1.6821534188596032e-08,4.597170748967327e-08,2.000011298149467,2.0000112406699126,8.000091580608922,21.0000058406486,2.0000220159649857,20.000000091970975,8.000091518465346,4.5179607945891006e-05,20.000801915459604,8.000085867277777,2.7129955114623203e-08,2.0000111986074276,5.000011234644241,3.000000058431425,4.4963238121340526e-05,5.726484659776085e-06,2.0000000204545394,23.0000240455317,2.000011228475713,20.00002168093823,23.000021651887323,21.000021308684648,0.0001905474604715816,5.0000858675905455,8.305448460093159e-05,8.000201444460888,8.000255452555127,8.000000086357788,8.000080916153793,5.000158523483186,8.979479542808718e-05,0.00010530583787694816,8.000163202774452,5.00009151749904,5.000091548430148,8.000085845673174,8.000085830632553,2.3011058795788367e-07,8.751067917440227e-05,1.2875667403231547e-07,6.052407673401599e-08,1.932919337279663e-08,1.7175839513819374e-05,5.69015073387609e-06,26.004193756252416,23.004687051164563,29.00337900557368,31.330591615838213,20.00443614787168,36.153768687095344,23.18222615725712,28.000149627649062,20.000000224999138,31.0000002709383,20.00000024125302,20.000000110520563,27.00000026504876,2.0000112075776193,5.621478083041364e-08,4.000011835056818,2.0000220725831444,2.000011198421086,2.0000222446565386,23.00018718836358,20.00012672247711,24.000118817165866,3.143562426728344e-05,6.522596154606655e-08,23.000000218936524,4.000011829796432,2.368688966210797e-08,2.0000112732296556,3.304657065145805e-05,26.10177114034861,2.000011383770647,8.000091524832028,2.0000237056120302,28.00067189372319,4.0000228408178415,2.38861369867142e-07
1.0003401260191935,1.0005344335417723,1.0114712259166847,1.0176105347045779,0.0018614792426458267,0.00123323327743727,0.01663035937974654,0.04244461660520648,0.032120338021873474,0.0032942243781067396,0.01916163822538798,0.02044817071978385,1.4492096277424458e-05,0.016196645096127168,0.0015465236991799723,0.012850054255705063,0.017800428791004227,0.012588484046463995,0.001193236019660689,2.000585286807391,0.07489920770330996,0.07333035518782559,7.762419852511954e-05,2.000585049531477,2.0005852587160855,0.030861315486980526,0.012322375960874949,0.02163973843361344,0.014388354250571908,0.024122985694475012,0.023163517560132012,0.011364409978374818,0.011413322582344386,0.011379534851705744,0.009116386125236405,0.009564545094282194,0.009334884270805345,0.008697273165991542,0.011087918815874787,0.0068382212229774865,2.00058576519363,2.0005856318574335,1.011471230545226,2.000585035264687,2.0070680158844616,2.0005851124805996,0.00708925840143359,0.015106339730891634,0.006815582498608441,0.07966418304163168,1.0003350355618512,1.0003142249150776,1.0003140448425611,1.0003141543131218,6.644267512350559e-05,0.0014825526447659926,0.0012020774943758538,0.0012640400389769117,0.0012446518191383663,0.0012447078641921398,0.012581676388035026,0.005255458556793715,0.01258861340189405,0.012587334790224797,0.012586240128057622,0.17099715503542068,1.0104006401163719,1.010778622495882,2.014179387390442,1.0138169599878546,2.006506773095632,2.0074748633050423,2.035577157583246,2.000808832909593,2.018715336559592,2.002563337308631,2.000610936599804,2.0136518359147044,2.000973220506502,2.0006228621587927,2.000668703696364,2.0007386672894523,2.0010963105892987,2.025925396160703,2.0005850700874177,2.00058573899999,2.000585796542878,1.0068240338402528,2.0306791235570154,6.197212084149442,2.025573751304033,2.0139515268126384,2.0188341360267725,2.024247718513831,2.067594150821487,2.0173676222818946,2.0244365775719015,1.0564685138960115,2.1418441295762616,2.026625441517537,2.006390218763441,2.0518642483738416,2.0080244386109634,1.0004621704250025,0.007366123701521694,2.0020686257697697,2.00058503686081,2.003328757547627,2.009790761491895,2.0115687025469433,2.006246604507689,1.005459773107007,2.0005899216625744,2.000586301263637,2.00058593438933,2.000586258435067,2.000586134975734,6.171787471970264e-05,6.0712152740519266e-05,7.76267212846541e-05,2.3182511395787318e-08,7.763565671577548e-05,7.76179227383944e-05,7.760080872524118e-05,2.0005869842597668,2.000585212389964,1.0173345952538568,0.01007282853197983,2.00698506860163,1.0095840773483595,1.0173369437378894,0.03209643008982313,1.0100524892871698,1.017295133969368,0.011043799261329973,2.00059210521555,2.0005853049110676,9.211679635939854e-07,0.03209716864283017,4.482417214473377e-05,1.00034007674071,1.010368164083813,2.000585259463302,1.015117303656566,1.015638317577955,0.015194447113207471,0.2550421200211499,1.0160569169832614,0.27898445447805653,1.2931985002918254,1.2623600921428317,1.0170436378924776,1.2304196230871396,1.0172300082096506,0.26134091038465473,0.2580364898175407,1.2134091404989187,1.0121926820778335,1.0121920679660525,1.0163764735832888,1.0163764914584892,0.026086707399423637,0.05041755168643572,0.03332439590785679,0.04225138204568136,0.0018827604040160706,2.020160860127811,4.482508921621975e-05,1.0149592835264563,1.0111525375364778,1.018530569529325,1.0109841797815655,1.0107801126902212,1.0185838624839954,0.010180084506680155,1.012288464898611,1.0091576343999586,1.0129572340599127,1.0100856524637993,1.0097290793037,0.01258348445940178,2.000587531343347,0.0004823200362978124,2.0008310647847125,2.0010891875107886,2.0005875373142636,2.1717209768473205,1.009756298601699,1.0108098129737448,0.012160780342364614,0.027644575465047574,1.008637952493113e-06,1.0103755965465773,2.0008436231992373,2.2005882206589388e-08,2.0099596840169,0.0822468805959107,1.0114568455080724,2.000585059381847,1.0173370157646446,2.010123070752374,1.007807870928256,2.0071933205043746,1.9589583784906777e-07
0.01694828735829829,0.017025148577471654,1.042564250066549,0.012994762350748892,0.00020560434012374136,0.0025622642061074756,0.0247668820966789,1.0291253158913312,0.026579171874608395,0.004673392970953002,0.004812296238379477,0.024838546157663507,2.282174567256678e-05,0.02897269249813944,0.02060492329579718,0.02095493139083234,6.034907999321453,1.0658634592199705,5.298444348067584e-05,0.020622633576135387,0.025234464919692924,0.02403680614755571,0.0016614398345731073,0.020617036275880775,0.02061701314355011,1.400800911010296,0.31886042602867004,1.2914310616881068,0.30585230794961815,1.3338637856750908,1.1659757601093133,0.3207076343535354,0.32423547717309986,0.32190027864619253,0.2801186056132835,0.27280637626762905,0.11623548062658856,0.25790951936055345,0.2962414830724236,0.07587731902709306,0.0206568338545756,0.020628910520302524,1.042564276124338,0.020617590238173923,0.022519012667436042,0.02061755664660799,1.0343251071942925,1.036615381803165,1.0333128348589362,0.07207619564994572,1.0070081185287822,1.0069896883890235,1.006973794067446,1.0069824338550786,1.003117776205764,1.0031910061423321,0.0001357699375273145,1.0031595720478528,1.003137505087212,1.003138795764032,1.0245553782088217,0.017131777761198275,1.0245151405528672,1.0244965125444272,1.0244666692859985,0.11254601440864864,1.038959145471811,1.0418015399351097,0.07813578541630864,0.061527093536302355,0.10060671467070996,0.033267008126140425,0.09224268910459699,0.022337595264069334,0.1169326982392618,0.04872459320754536,0.02069632717609684,0.0745107775317566,0.04392098214326031,0.0209504438476503,0.021510535664924148,0.0208887945965586,0.021168768590616917,0.025279341060734508,0.02061703909111655,0.02062655348836092,0.020658603510504116,0.018894872001031925,0.06622490040364112,0.06766768431626122,0.02119492404711053,0.020995601651239176,0.02098778257983428,0.024310797416126587,0.2275928145766169,0.0207785035719029,0.023601957913616096,0.003855801474365563,0.003673729210666079,0.0212317400907659,0.020625996880426083,0.020710819021370636,0.020665938711036932,0.004487192170813404,0.007283486556836219,0.03989718217778447,0.020617097230536473,0.08852454097768599,0.3076919217351848,1.6185549544241438,0.030225611978572438,0.03159663421652779,0.02067009596165127,0.020634576308150594,0.020648197901890403,0.020676579711607985,0.02066815710927284,0.00030903769306860404,0.00029903005793146994,0.0016630949270546903,8.867878596311571e-07,0.0016635204266587512,0.0016620521255387675,0.0016614922368183194,0.02062081834186438,0.02063281729800841,2.1093110148806207,1.0219708947630175,0.022216092288821015,1.037168124992609,2.1093344153395748,0.026637825950689035,1.0319570296868619,2.1092059321396652,0.2952464210038994,0.020687243036740584,0.020623863463919916,0.0001002763451227855,0.026637801740993183,0.0001417137607266968,0.01694823767793814,1.0387776046417168,0.020632945586150264,1.0714001417500962,1.0718356080088742,1.0520669574158776,0.4333717600877359,2.0711580535853966,0.40581423086520313,2.5468993102369835,2.4819746516557655,2.1075404332443943,2.6029169405724626,2.0734344352269454,0.4146088105852745,0.41475752494084056,1.3184423792491136,1.1093259246155,1.1093196854320986,2.108213119089089,2.1082133938617895,0.0010567864083111814,0.4005720911887742,0.02254135424236302,1.307768469671408,0.0003436629967132424,0.01189890406983587,0.00014171234260905782,1.0844639612240363,1.0357921894202229,1.1503730688860225,0.07430433219821184,1.0475424987108308,1.125513860822575,0.12108410350608455,1.0445412445281488,1.0318183314508147,1.044355939711579,1.0270686289745008,1.038246189591859,1.02723754311727,0.020978492151933082,0.002516299388804034,0.021517426839709114,0.02141549569547659,0.020978493879074286,0.25072273154061225,1.0421727829626268,1.0648612369526267,1.0495711718756888,0.02510025625904217,3.5989294989909752e-06,1.033839660495687,0.021546118679694234,6.01736256470615e-07,0.06385574770310185,0.08213035138746783,1.0424856573203667,0.020619630273410447,2.1093351082929988,0.02416827799523714,0.04431000955191049,0.023021464993331527,1.0357817526597396e-07
1.0074980591371125,1.0075279201314638,1.0208984711361493,0.05897078739331576,3.34839609439293e-05,0.00020939930235182823,0.006980565234130606,0.013120957178615347,0.007642237484599147,0.0058203416580633795,0.005911425656355108,0.006818068464656537,2.3781782951187698e-06,0.005376785226391597,0.001461475736049957,0.0015431036441440442,0.13225146883170172,0.006292122054610694,6.540567991389298e-06,2.008281998176853,0.009135737158880783,0.008959401965595661,0.009700626430796088,2.0082798268722235,2.008279817869364,0.10962641644347942,0.06873803554719572,0.05730480787801848,0.06521604577901252,0.07315547740445519,0.05066811034214027,0.06420270018112664,0.06464221560496765,0.06435090028117461,0.059239303108350294,0.05313963316005713,0.03121135159337147,0.04592908603854779,0.0611564794074356,0.015480516874283435,2.0082932046796174,2.008284208438432,1.0208984836111243,2.008279994504812,2.0099251978921964,2.0082799898329986,0.010027083806803361,0.010660631862273666,0.00982622074299005,0.01688319806402686,1.001505396712618,1.0014990734287286,1.001497678618267,1.0014987603691627,0.0006946536482341878,0.0007272115743293005,1.364067832813126e-05,0.000699022783660071,0.0006976438923397692,0.0006976609327388805,0.006167220238424414,0.004234910956539794,0.006171515438509683,0.006169676291250261,0.006169127017720614,0.02845850300686006,1.0190557321189577,1.0206485690172806,2.053030257625661,1.0456901644205157,2.0634880674530267,2.01445742401951,2.055740824655463,2.0091644039227665,2.0322328955455293,2.019729215209972,2.0083068548967566,2.0507922945430708,2.0185501011760363,2.008487858672398,2.0087908610546403,2.008366050489992,2.008450808152705,2.0095284207604824,2.0082798362094154,2.008283819855544,2.0082937697023353,1.0091484667265116,2.033298893081291,2.015441976956917,2.008447686567931,2.008374731411532,2.008384357570396,2.009179075856739,4.071001354243144,2.0083196537765566,2.00900987138111,1.0008283552841106,0.0012760031903376204,2.00845955284758,2.0082818826804236,2.0082961185830452,2.0082924969305505,1.0010555185935268,0.003245099699514313,2.013460209718151,2.00827982810855,4.165547893831716,5.393999252239339,6.394990876204831,2.072675206521014,1.0143151283820748,2.0082894661731587,2.008283643286727,2.008290438239571,2.0083003562281045,2.008297186199458,7.477827999592066e-05,7.278072454950854e-05,0.00971917337843879,9.94452959113587e-06,0.009723942395229205,0.009707449928224601,0.009701177501392075,2.0082810252045844,2.008284961916523,1.0326112228423237,0.011524824954206876,2.009810698655012,1.018106631773532,1.0326159156200752,0.007832319289206123,1.0161888259428744,1.0325765452957874,0.06103182838737779,2.008291475819528,2.0082813800693526,3.162405238216014e-05,0.007832390591537685,4.1301158811277195e-05,1.00749801501363,1.0189815981902177,2.0082849673525214,1.093786474405594,1.093210519260499,0.06330830132429933,0.04841860641986962,1.0197707140154249,0.04786236465871047,1.0810304575923073,1.0783440076934785,1.0317972905365236,1.1022019185256182,1.019929597262392,0.048446954465808365,0.047570376424640785,1.0530118750794166,1.0326148668201482,1.0326136108588422,1.032492054642476,1.0324921065772024,0.0002481972569191055,0.08621405304761937,0.004516147150100382,0.07504403334865659,5.6237368143062974e-05,1.005487741566879,4.129918697805676e-05,1.0410433531858705,1.0181318636700984,1.0852762111328607,1.032967325098892,1.0253822669682873,1.0746247613674256,0.07550361486896447,1.022357417318415,1.016901106626828,1.0226919016292242,1.0117562222158771,1.018823195594702,0.015122964617630819,2.008396159015135,0.0005156993425849784,2.0085888381157506,2.009501236385751,2.008396160984972,2.0324034346876823,1.0208250846472229,1.0354901016423665,0.028907459228778538,0.0046748164134013444,9.089710090113872e-07,1.0145287942461532,2.0086019829368387,6.712242913266451e-06,2.0152961672545686,0.019058935523638236,1.0208668820276143,2.0082806567585774,1.0326160574330772,2.0104619669997157,1.0226758086137215,2.0100801260498193,4.163668969269202e-08
5.0013147480468305,5.001414374168302,13.0099095298104,0.01044840941816328,7.232538819491593e-06,0.4005885718164474,0.02073208031203639,0.027718167564991462,0.024810443040619506,0.00302272353554093,0.004333903137376232,0.021529359170887028,1.696522500536789e-05,0.022910733646985978,0.0177446701909228,0.018741345486441175,7.029844825797815,0.010414328404540662,3.298116854344246e-05,6.006147546744117,0.045757880882640704,0.04504291721727525,0.0006650349149570211,6.006145669389956,6.006145790032009,1.061119795104939,0.0391228998632878,0.04035041714777694,0.024847887665377502,0.04821978010957569,0.04198898859155371,0.038751941753928536,0.03898490424988561,0.038827029759567463,0.0317662046311784,0.03548402541952426,0.031012980813118797,0.029749017451899902,0.03736613566940699,0.022741594380147646,6.006154882791251,6.006149312433328,13.009909533728822,6.006145737132066,22.006614075852486,6.006145753340324,0.019293580700149325,0.021810719185666017,0.01870557189927874,0.05074837798904797,4.0067238045829505,4.006562795354991,4.006551005788539,4.006560172871239,3.0015408585630747,4.001615408606316,4.61493786636865e-05,3.001557819143886,3.001552845822644,3.0015528956068516,0.01039929194423997,0.0008188500670202099,0.010401218123165426,0.010403339033128102,0.010402720199923459,0.08832643823258386,13.007558227479079,13.008360319620452,12.014097557822385,7.012604102158944,6.014399597606233,14.008529787595315,30.16525264389785,6.0067530461450875,28.02639375866246,6.00952450393958,6.006164923375991,12.012967932763852,6.008305927083976,6.006181348944714,6.006239273010036,6.00745977847682,6.01047523566512,14.159317984021753,6.006145788009109,6.0061489404000055,6.006155195982147,21.001847405642824,6.021639171567474,6.09861478086379,6.00641471798301,6.006447718568886,6.006344093613903,6.0093239967182965,14.183536756068115,6.006357311330957,6.008688406383178,1.0049621670461795,0.01728859673736673,6.0064221236470114,6.0061536541654235,6.006254959301542,6.00618032968015,1.005402646338543,16.003017946227935,6.014058669239425,6.006145683421701,6.019002977834072,6.037476208554044,6.076497889366501,6.009298094963779,5.011211309411892,6.006151376934808,6.006148011616803,6.006152790282524,6.006159736574321,6.006157967567276,0.00037171485871861795,0.0003699369487711741,0.0006654745094620563,2.6582138289034107e-07,0.0006655735519272411,0.0006651811404891102,0.0006650243039536528,6.006717548884353,6.0062713533925915,31.030578977893406,8.006565507013498,22.00701189118378,13.005773936711973,31.030583172544706,0.02469000372040916,9.007271259373793,31.030245753093773,0.037156555052722896,6.006152379459824,6.006207388066646,7.439349368860174e-05,0.02468989964449238,0.00034136139173911406,5.001314075576759,13.007538294264286,6.006391129698482,22.026210552018824,22.027644550920176,17.025365229596098,161.8391013927483,23.024481733447406,158.49724726485556,187.48617215266103,181.23624189377017,27.025245592115176,169.2938475583742,23.39838538351096,166.63093894838494,161.81770853379405,120.47199795717232,27.030580416224733,27.03057939082319,28.027316560185568,28.02731660483431,2.0012490812749437,2.0287097916855372,0.013085537464132074,2.0150568812634106,1.169475335900967e-05,1.0134641575478596,0.00034135038426009415,9.020202419565166,9.009926405558298,13.028351228701831,9.021890402577013,9.010201535906033,13.026088011340827,4.017754336331374,13.011433145460426,9.009078116847741,13.013045615306337,9.007571547500213,13.006031835275015,8.011710612486851,6.006223251101319,0.001197267410577592,6.006361327006874,14.008298983972773,6.006223254996015,115.38891023701224,17.015224886550445,17.018224063605587,13.019127653894138,0.022999477603828762,0.0010507928789161727,13.00784351982788,6.006368020235768,1.6929888669381718e-07,6.010068544740604,0.08091435690482782,13.009900161658294,6.006146258999536,31.030583387847102,6.008356862257874,9.013038081913159,22.00713143275306,3.742830604745822e-07
0.0026554293830088624,0.0028609028375914058,1.0545179135574516,0.027302381511632855,6.629210686808339e-05,0.0006566956930311184,1.0109377620071454,2.0246830395372397,2.019657283182864,2.004530737471263,1.010861893708862,1.0115265809239833,2.995865249099201e-05,1.0290615454555396,0.0009439210872710528,0.008637964867695025,1.0370731897867658,1.0377170724005411,6.283656452643366e-05,0.007902781705289581,0.03210385986679844,0.030308654175788652,0.000939118528477756,0.007901207612991595,0.00790126272649266,8.253166793354335,14.424765523911628,15.903502913059745,14.516517409892922,17.122640800754752,13.547183457384822,10.59129301821588,11.616598018266728,10.59949732171114,10.402123367951177,9.315582100852042,9.248652321527649,9.383673037731045,11.438926947024372,4.142545316617704,0.007912551935572583,0.007904731357135002,1.0545179401840972,0.007901355040045546,0.009475402855072902,0.007901322805991543,8.175149393541219,4.186518564253355,4.104275784327989,0.08943281816584067,5.007380099630015,0.007439691510147484,0.007426172566538623,0.007436716527287748,0.0019745439750508565,1.0019949618557737,5.872916690567114e-05,0.001993837589113911,0.001987438169735678,0.001987503029855892,1.0376979986767128,0.01293204893851037,1.0377222971689768,1.0377212075578301,1.0377169280123335,0.1418018268960733,1.0544461930045612,1.0544057348313027,5.0351769774409325,0.0325620424732294,0.03999003066131825,0.012378460544779686,0.053460221934080183,0.008412598910210494,0.015756866852455812,0.019169854988463474,0.007941344901473881,0.033883758797687534,0.01055636402377438,0.008015568606245369,0.008172634684927123,0.0079777699269965,0.008055588690864191,0.009419046476342613,0.00790121191729612,0.007904041360526113,0.007913143210983672,0.004301846311849473,0.05002710707191402,0.03413583201638579,0.00812138005403714,0.008104816028345434,0.008053908894995082,0.010031505348881963,0.1445539714773954,0.008004804254066404,0.009608365125567493,0.00531128688309779,0.007091697191473606,0.008131101011308782,0.007905232095167717,0.007951039404749838,0.007923932096541943,0.005495027554302263,0.005668514615023451,1.0389593809522477,0.00790130491942424,1.054984583930037,1.1224801113192815,0.3063549039886411,1.0230132021627625,0.04100163387069456,0.007914377096616333,0.007905839136143504,0.007909800139545346,0.007918173539891977,0.007915981266673247,0.00016216765496024962,0.00015593423804605456,0.0009398604258564533,4.0319312596449646e-07,0.000940042661275917,0.0009394052342470735,0.000939137968953536,0.00790262319411543,0.007905686746120473,0.07370120614135273,1.0515263285088732,0.00944403866458391,1.0539161765040284,0.07371577876623006,2.019748885696435,1.0184147810546924,0.07364647412872902,11.407732346052299,0.007917948574045494,1.0079020451390228,1.0000275818364952,2.0197495950745523,5.797779020527283e-05,0.0026553497945698535,1.0541240231155462,0.007905695699421803,0.10571534603292661,0.07538880550404511,0.07089631993942665,1.0928298911514405,0.014047768027346377,0.09458303842348376,0.1598014664421178,0.15604947453028406,0.07272346542515304,0.28082247123725057,0.01449631181447708,0.08677504532518626,0.0874207236629394,0.09547858245554804,0.07371239225931264,0.07370851236322024,0.07235377966068662,0.07235394906548033,0.0031725105644237624,0.14653728558786977,0.041882920974544616,0.15332851549046064,0.00011141544911559143,0.02342475324117958,5.797740155749375e-05,1.0312108018209905,1.0183838441387543,1.0875571874598389,1.0616895996815627,1.0184252280266923,1.0866097952220908,1.0842565896858372,1.05469073012316,1.0102892067235199,1.0546371199950764,1.0119115435475394,1.0541345576007148,1.0518124956713857,0.008004432349024185,0.20090904268449217,0.008201649847582045,0.008487222659494193,0.008004429127386744,0.0441299383887431,1.0507359818172362,0.05756506027450581,1.055745366490332,1.0166369188323612,8.153544239539632e-07,1.0475548044979406,0.00822183527642812,2.778994061634914e-07,0.020559570710111285,0.09152020471177141,1.0543768934381563,0.007901909099545117,0.07371620277051406,0.01620276899532065,1.0545338419161518,0.009687359837831313,4.813598985680567e-08
1.0000272158286254,1.0000658321094387,2.000685417417895,0.0031520839161969893,3.7067410300001246e-05,2.4360241500986334e-05,0.005621408729150272,0.014886834856430288,0.008505043763300926,0.003474095437044404,0.007753901482964228,0.0075811776032983875,2.0312169742201812e-06,0.0015173588489890081,0.0006015438842855851,0.0008816414873377408,0.006518737054411713,0.0013297225892541478,0.00011554585744136667,2.0032431070633185,0.009003765061451006,0.008918023974879551,1.557342784437502e-05,2.003242549275506,2.003242530869984,1.015262803623479,0.0025819877151485016,0.011282595956005602,0.01044794457836402,0.011769364278833966,0.011385929499237927,0.0019810967494386066,0.001985251776301297,0.0019823948948158704,0.0019130424953027584,0.0013491177338349535,0.0012296654901064758,0.0015039201558225005,0.001955445224338802,0.0007575355146675196,2.003246636387329,2.003243934776061,2.0006854156802745,2.0032425815749577,2.004369569582977,2.0032425794443682,0.0007905255009152168,0.004473500514253202,0.0007266956076338545,0.009860743638257534,1.0061417922305396,1.006189468333701,1.0061799232534336,1.0061873489953597,0.002819107642417901,0.0038711065173961615,0.00014518773884057354,0.0028997694813757704,0.002884916168789889,0.00288503079129392,0.0013278915999363288,0.00014556770957497637,0.0013280100494608377,0.0013281274094693726,0.0013280896714842813,0.01457764635399619,2.0006438374551254,2.000634617659956,2.0042405346481686,1.0042124465416642,2.0063203160964145,2.003780194083531,2.0060850009474884,2.003289032923831,2.0051284904407387,2.003766847548608,2.003254963593741,2.004144962432893,2.003331424418424,2.003253803903717,2.003272646295754,2.0032704781032176,2.0033001228687533,2.0041928551653108,2.0032425383198516,2.0032441096283984,2.003246833275503,1.0011895655323004,2.00893951402451,2.0172873631836996,2.0032903448062407,2.0032560037814315,2.0032701448853976,2.0033101920761265,2.0072009066212195,2.003331782099758,2.0033057949436457,1.0032343992468473,0.01381317102624702,2.0032948167247087,2.003243543742725,2.0032599693630977,2.003246004499168,1.0032871040531925,0.001999499302711417,7.127575091542549,2.0032425300401613,2.0037567849248767,2.0046238127251557,2.004986426532595,3.0033519756718086,1.0106909045158508,2.0032447599362713,2.0032435951570635,2.003245361704592,2.0032487141884796,2.003247806289327,0.00033502212519409666,0.00033473513932741567,1.5569497183159117e-05,1.9348171620183314e-09,1.5570378010551953e-05,1.556774887654939e-05,1.556751506946803e-05,2.003243113281258,2.0032441541649417,1.0073599339124275,1.0009456055200814,2.004364249964607,2.0005872674308955,1.0073606447612258,0.00864046661348377,2.0005329770793416,1.0070318634290885,0.0019526768519304884,2.0032449354990223,3.0032431468091905,1.0000101732358084,0.008640455483048478,0.0003294845377967224,1.0000271898328572,2.000643305395616,2.003244157129759,1.0015671294847666,1.0014407663150944,0.0013658835607038941,0.013581522266718417,1.0061488162166239,0.011276399013785144,1.0178990412545692,1.017885344877573,1.0038946046396764,1.0135443450398731,1.0061691536620543,0.011121848479631729,0.01069538015632991,1.0117430874807187,1.007340459437416,1.0073402848952377,1.006943876238788,1.0069438850236136,0.0009827552158721035,0.003922428183038738,0.0007582850892516146,0.009753451450705016,3.784350283517967e-05,1.0065076926811563,0.00032948462071742674,2.001678813728772,2.000575537752602,2.0021058732180252,2.0017593239702602,2.000397829997096,2.002016349841395,1.0011638460686012,2.0008196258679503,2.0004690476359066,2.0007656301104104,2.000302821904213,2.0005930325671026,1.0007554588390517,2.003279471693578,8.62770760461363e-05,2.0033209460827557,2.003972630383724,2.003279472703316,2.0105320894357592,2.0039533848204547,1.0043636163122895,1.004412654233593,0.002999465320679302,3.473174794636322e-07,2.000413005972573,2.0033232107792096,1.7849486627178832e-09,2.0034615831187934,0.011726684476255847,2.0006851874181506,2.0032427943231603,1.0073607709675618,2.0062540772030304,2.000745578484806,2.0044347317326405,1.6299180783727793e-08
2.0007487268757216,2.000762046740788,22.003204504973674,10.003979122184797,5.66870847264177e-06,0.00010769724840206204,0.010872410514089648,0.02475643660379186,0.01616353075582952,0.011594467563474556,0.016885062031167696,0.015246143249784103,4.44512341258831e-06,0.003497079658289493,0.0007755848568815587,0.0010113718071083906,3.0053448310557402,0.0028622690012655603,0.0007033617477213783,2.00083511278795,0.010942532875854819,0.010818417702972115,3.000194702210861,2.000834971816759,2.0008349690854037,0.019329514942135965,0.008291029052783734,0.010171935387641651,0.006994274522608916,0.011348642387445885,0.009267977228009107,0.005765250777704356,0.005782400207360945,0.005770850158760057,0.005513665548141826,0.004852114346786384,0.003151274625067484,0.004518600467259497,0.005652316344979374,0.0018426465803012611,2.000835637768873,2.0008353202637403,22.003204505675725,2.000834974755106,2.0085679553072318,2.000834974582905,0.0013407558947626662,0.0031540194933461487,0.0013026576435767269,0.012667629191181126,0.00026992960071379134,0.0002634274197554721,0.0002633072138205994,0.00026339951604873086,0.00017522551903826171,0.0005587951627155522,3.212661180862658e-05,0.00020537563862562313,0.00020379004347844762,0.00020379503877850804,0.002860869179953974,0.00027871015677124507,0.0028612256290529814,0.0028615809466029873,0.0028614697909623704,0.021013274999019373,19.003089058723805,20.003068912687205,2.005231398676852,0.004480010019692292,2.011610499658178,2.0071988166654813,2.015968797816174,2.000923964237852,2.013230460526614,2.003339121941772,2.000850760978092,2.005038662338628,2.001922261997912,2.000843260082024,2.0008556727781888,2.000847688817117,2.0008722957978815,2.003707343751531,2.0008349694918097,2.000835293125899,2.000835682198701,2.0084819295186778,2.0157115710451325,2.0105383725292367,2.0008471842657314,2.000846149683156,2.0008434990099397,2.000947932961534,2.0146036797697824,2.0008456142489845,2.000925825450658,9.243222345613173e-05,0.002460880140746338,2.000847707386277,2.0008353017362053,2.0008392569674642,2.000836381879967,0.00016870186067164688,0.007835477179001505,2.003527990089431,2.000834967659394,2.0044220836406708,2.009838925892466,2.012348065024042,12.003180433717338,2.0050307097840583,2.0008354853657004,2.000835161457888,2.0008356268219427,2.0008360587119953,2.000835924545233,0.0001332136392864829,0.00013316183032726798,3.0001947807860816,4.281137967881183e-08,3.0001948007130683,3.000194731087967,3.000194704105956,2.000836735162187,2.0008351941689124,8.002595436722938,17.002466429294934,2.00846909455413,16.00300856389931,8.00259556800737,0.01810436781942603,16.002841869430032,8.002463472006504,0.00564570090668508,2.0008356036239507,2.0008350039710576,1.3086169212090955e-06,0.018104312671521124,0.00013215281009650807,2.0007487219145395,19.003083004574364,2.000835202603451,33.855528000405535,34.99279280191289,31.999924100194356,3.044158263254255,5.001692610363104,3.044513038394984,11.049025767775262,11.045061268731496,8.002270206696249,11.048401481491434,5.001799885593789,3.045527560642444,3.0436065024494567,11.023474173822944,5.002554527452425,5.002554496318357,8.002421647344228,8.002421648511346,0.0011010666224449469,0.004405868204252914,0.001013442673194398,0.0068100544825817075,6.25273538800083e-06,0.00293272640364081,0.00013215306222878582,19.005866381137555,19.00296293957109,22.01040633741658,19.004769235465343,16.00311112895355,22.008213461172648,11.00892272931483,22.003517078551997,16.002739105881265,22.003625425370046,16.00134687462684,17.00295350448582,20.002870868804614,2.0008398760149415,5.532921340266108e-05,2.0009279981509485,2.002502930174575,2.000839875988658,5.029155268366283,16.004316672162894,16.00625802449145,17.005704577534605,0.007153435396342356,2.2624947723498977e-07,19.001586163095823,2.000932662743786,2.9101434864368128e-08,2.001820371852529,0.013957464569857842,22.0032019426549,2.0008350052186783,8.002595600248636,2.007267744146091,19.00358376801196,2.00854212511236,5.411051347092128e-09
5.000398576301115,5.000594206142859,13.012013925793816,0.019978467983391028,0.00023983523475818686,0.46336014966472894,0.035326411101197094,0.08273296910395145,0.05879265892531091,0.013185750084161818,0.036026307023125974,0.04930901130446015,2.7551664235037647e-05,0.026500151400919533,0.014314391751625988,0.021274540314514485,7.044736529977776,0.042178803489572904,0.0013740233733280872,6.001224545034183,0.0469365706757988,0.04596045943751425,0.0002918840895583465,6.001202900933537,6.0012030222110395,1.0532336468263315,0.020228427552313143,0.042573436748198745,0.016938040077267392,0.04501608980383445,0.03563527687287958,0.01816598187270717,0.01824985292206678,0.018194356195759036,0.016497390075109353,0.016672082350614584,0.008422806753536322,0.015350514751070033,0.017591304525742812,0.005875874864520702,6.0012459816925965,6.001243755689025,13.012013931653417,6.0012028553068415,22.004158796002436,6.001202880579076,0.004149285825030866,0.014059092367230857,0.0039014312212196705,0.06870424545211663,4.001078528551352,4.001071729877974,4.0010708221995035,4.001071519796605,3.000252221963122,4.0005776702464555,7.220680684283432e-05,3.000321867271176,3.0003204228979627,3.0003204324022996,0.04215535084096448,0.0005100622065488526,0.042165498407901854,0.04218046004693785,0.04217667162817491,0.10829287649485779,13.01071720721923,13.011164513761194,12.046206151073742,7.047438619542077,6.037171728221018,14.016716092515239,33.9406439659099,6.022429463551998,28.042931591771353,6.018467752332825,6.001283310573227,12.018330999488544,6.002012656563173,6.001280245638028,6.001349806771521,6.063149163935938,6.20887359688005,17.92470998006072,6.001203019867239,6.00126153121492,6.001242263300623,21.003358886994082,6.042545465424716,6.193852105507273,6.008243833580859,6.013661621767125,6.007213655059391,6.142598714088967,17.98447893732632,6.006486979351944,6.113436960482077,1.0020972887271176,0.09992347472207079,6.008113961323247,6.001326914831702,6.002072904225266,6.002307946917755,1.0013357173439073,16.004586544542043,6.005406844595132,6.001202905186027,6.005869862882772,6.038250080591053,6.053155943010184,6.003445970540674,5.019149605447973,6.001209226239488,6.001204610250639,6.001241991182474,6.001264929705433,6.00126884433532,0.0004654371369929983,0.00046493732905256505,0.0002920128418972519,9.977272795827374e-08,0.0002920321988110209,0.0002919155078592315,0.0002918634649274351,6.0018027348171135,6.001328496625026,31.01168858721299,8.010742172092062,22.004556640914558,13.00972989422153,31.01168981308679,0.05880327959291325,9.010660634411462,31.01123513452635,0.017558969908447443,6.001211798411771,6.0012454606381755,3.682604687794743e-05,0.05880270801371688,0.0004560801074921197,5.000397910843826,13.010684086415564,6.00145339115865,22.019121752452936,22.01976466173225,17.018611741975064,169.66495966301807,23.010058941025488,167.5721160911837,196.13399878173914,188.24835671380106,27.010429163584455,168.1022291643882,23.453131828043055,174.3779280536716,170.16758677476244,127.54020143992962,27.010605468453733,27.010605188609183,28.010111731522485,28.01011174001837,2.0053423389279508,2.034012880685569,0.01743740199884817,2.0380878834613783,0.000247800457370009,1.0196846943084468,0.0004560690941712569,9.02356064302821,9.01227533153937,13.02590654655684,9.020999450964569,9.010077127886012,13.02632090223452,4.017939803258848,13.01286898893712,9.010695676966197,13.013763748145369,9.005913032987447,13.009873438109953,8.013333710887924,6.001209849452132,0.00036645151408031836,6.001384863299761,14.00383681317623,6.0012098533495895,122.32879040012182,17.014974228732562,17.019405140547992,13.026598123688181,0.03923311845435754,0.0011174255636160909,13.005926991510174,6.001402105558437,5.711799543277337e-08,6.013052001352814,0.07315782004544247,13.011999148700248,6.001203109848839,31.011689996157923,6.019226302313816,9.01267645763114,22.004615208021892,3.6361505540405767e-07
22.00041602397836,22.000455754891895,201.36509222268285,10.006471674581567,2.6825022586911543e-05,0.0009063902089119909,0.009541575444725392,0.022246562339928094,0.012453221170274826,0.003280492921590971,0.010266312551370692,0.01008622235168073,6.746892406775194e-06,0.01598337458175988,7.562580973620907e-05,0.0023159030971091677,23.006583938617936,0.04160222625145177,1.1407536555602609e-05,22.00054167309525,0.00929040903539761,0.008581564426738212,3.0000407871268604,22.00054190169278,22.000541905414163,23.06998387098982,0.04191006098162089,0.0313601469551469,0.041004196928020445,0.04491959901339401,0.04002156837603443,0.039826766828884974,0.04005808787727448,0.03990494138872738,0.03124928939683211,0.028482204155953886,0.027070742223918264,0.025055593759530575,0.03827564980202234,0.013732574667502526,22.000541766994107,22.000541979273013,201.36522917289068,22.000541482525847,22.00673871641137,22.000541575759105,0.01060772623775112,0.0128480399052728,0.010367209950524304,0.03903521878888915,0.00024506082717679794,0.0002429151178582175,0.00024282076184793043,0.00024288947182576404,0.00011470059650947241,0.0001167570763194125,2.146135659932139e-06,0.00011612989264315224,0.00011602233950969527,0.00011604848767777301,0.04160048006148714,0.008318488869462121,0.0416208219021488,0.04162993344962632,0.041625051987745014,0.07775786362898274,183.42422753422437,179.4242108160036,28.005237282693503,6.004821744292583,30.015543879218818,26.00442086139678,28.02278458249014,22.000660754448333,24.008208162174636,24.01524652621801,22.00058699620609,28.004966147833315,24.0009441742364,22.000549426032126,22.000560078259724,22.000545717273436,22.000552935158492,22.001689948992013,22.000542365948977,22.00054217154146,22.00054188977747,22.006612874595643,24.247595559688406,22.0293245502983,22.000589057876706,22.000610204288616,22.00057953783012,22.001279270331636,24.062241413608856,22.000652455996853,22.00113227610196,0.00015087933179763887,2.014756856425962,22.000589066106098,22.00054277487664,22.000560607069563,22.000548828099713,2.0003829436657408,0.007965499849483335,45.0039652096413,22.00054185075817,22.03100783434091,22.08098659882341,22.124481064534454,55.002384942293425,22.015174548977072,22.00055527624512,22.00054468796692,22.000541861210937,22.000542437442498,22.00054232409105,1.000026573683431,1.0000250087449982,3.0000407682470103,2.054238050958268e-07,3.0000407814677303,3.0000406860333975,3.000040660232585,22.00054270451714,22.00054138091781,67.02417840432908,162.14999512632622,22.006673533030806,160.1503695354139,67.02418180636784,0.012578561207717548,163.39244905490534,66.02417911947413,0.03815555139894534,22.00056158113109,45.000541394271224,23.00000111607427,0.012578906925218486,1.0000012898649782,22.000414442160302,183.15199227208333,22.000541431211257,172.00910764465797,194.14422949635804,171.15325695351163,3.061982797588272,45.00636372156603,3.0631346194144298,69.08508293087698,69.08103193567183,66.02385046065841,69.09968366884507,45.0069342358311,3.0587269169097784,3.059421529881201,69.04119741812201,44.02402189118048,44.02402095451883,66.02374850403721,66.02374850763093,0.0012676797269715642,0.06878382764512082,0.022098176703210192,0.05079207662567504,4.2519103235867463e-05,0.005915534063384315,1.000001157891009,195.453685897033,181.44002923630654,232.84373065879672,204.85913973798378,160.20556616970183,230.65559308688387,137.63889483843408,211.25460492483188,157.53995298607526,213.35758730947413,159.32029553097624,161.53624852407876,194.1502934532277,22.00054353872315,0.0006496183161988172,24.001327775000778,22.004407487311408,22.000543499285076,25.025066921874902,167.19933551734778,142.2012072286394,167.2008061560235,0.009929402304272554,7.189160408832042e-07,179.01253160656606,24.001554485163076,1.055668809979433e-07,22.02176894690329,0.0401115262016834,201.25476314376118,22.000541797178546,67.02418192613841,22.01687591186639,191.40310115678182,24.006921617580595,1.5477049984886319e-06
2.000008674698862,2.000008671114325,22.00001161302117,10.000006493286847,2.4120456134384027e-08,3.742790184578099e-08,0.00012539690414711178,0.0004353379902056293,0.0002834272291068933,0.0003032574616213411,0.0003118477623828678,0.00013593738690977083,1.8910425423293176e-08,6.109202226291938e-06,2.0578171319859942e-06,2.0689600666437914e-06,3.0000015119442476,2.6137699786607154e-07,6.144424716408578e-06,2.000008771133948,2.6898515458007013e-06,2.6834857065044317e-06,3.0000001015645625,2.000008775911791,2.0000087735227736,0.00016292316932008482,1.9317510717262194e-05,3.7092658177983465e-05,2.4033870345780813e-05,3.716891476523731e-05,3.203070671043444e-05,2.261898390004554e-06,2.262806754080789e-06,2.2616922088803306e-06,2.247305176025183e-06,2.2603446864708977e-06,2.207268671257125e-06,2.251353630027915e-06,2.260389954312208e-06,1.1690675612974686e-06,2.0000087715736354,2.000008771101832,22.000011612941755,2.000008771344278,2.000078977213726,2.0000087717997865,1.5031105415358833e-06,1.7770295855882567e-06,1.4978806603121132e-06,1.2501230971785305e-05,1.2157680932750479e-07,1.1745290334897718e-07,1.1756554001633025e-07,1.1734772331546812e-07,1.504479070657579e-08,0.00012592191332885667,8.002398999241627e-07,6.651891056027837e-07,3.722203358540154e-07,3.7282391173069294e-07,2.614263743562244e-07,1.0136902346206667e-08,2.612874214825718e-07,2.614671750635233e-07,2.6148906842134585e-07,1.5038429988904848e-05,19.000010217992713,20.00001102578152,2.000019465284071,1.0801777546171685e-05,2.0000780108833536,2.0000310357908053,2.000090727172313,2.0000088314851605,2.000090439087737,2.0000182648785656,2.0000087900327235,2.0000193504106076,2.0000171307549066,2.000008774103786,2.000008780818248,2.0000087758640714,2.0000087813536855,2.0000105896763367,2.000008773898875,2.0000087708376237,2.0000087714663284,2.000078876474545,2.000096707314145,2.0000530139276997,2.0000087805664646,2.00000877381429,2.0000087764159624,2.000008785688221,2.0000199847640188,2.000008795700612,2.00000878482811,1.0568004000497538e-07,4.074287723237884e-05,2.0000087817665593,2.000008771026412,2.000008773606583,2.0000087713453607,2.9793159155149167e-05,0.00011226982178680909,2.000040762694511,2.0000087714347434,2.0000221410364922,2.000021626007879,2.0000112291099494,12.000010547517299,2.000010590634537,2.0000087707861094,2.000008770733263,2.0000087718908564,2.0000087725023956,2.000008772787362,2.223397051748723e-06,2.223043711450425e-06,3.000000101255661,6.677032655549241e-10,3.000000100960794,3.0000001013120987,3.0000001009264103,2.0000087762929266,2.000008771696805,8.000013728098434,17.000003679301656,2.0000788684547577,16.000009424030175,8.00001372829224,0.00031619804102805466,16.00001011687881,8.000011507681348,2.2596260483964864e-06,2.0000087707935634,2.0000087706471366,2.185024940894098e-09,0.0003161958769761518,2.221929000464272e-06,2.0000086698298665,19.00001012795857,2.0000087710270624,31.558683065627235,32.67155839355648,29.679330699132592,3.0002197643432154,5.000011495211441,3.000092090927718,11.000107138426468,11.00010350645666,8.000010400513817,11.000107986713886,5.000011534165065,3.00009489103123,3.000093993525444,11.000037295112438,5.00001371130158,5.000013711238248,8.000011489773236,8.000011489527928,1.9333191730970642e-06,0.0005179218085743871,1.6132453479752542e-06,4.69399242458963e-06,3.813033163845436e-08,5.255920174159983e-06,2.2221811552297785e-06,19.000040137861113,19.000011605727398,22.0000993611133,19.000040543616095,16.0000156016143,22.00005057017389,11.000038218387333,22.000042947413682,16.00001160078293,22.000016023976997,16.000011554647585,17.000009454732336,20.000007457802738,2.0000087779853284,3.6741462333947543e-09,2.0000384710541312,2.0000589192943896,2.0000087779589943,5.000094046965887,16.000012957379987,16.00002000591218,17.000012176579645,0.0002936145114080765,1.4979754847035741e-09,19.000011563949283,2.0000384745269413,6.300477481664612e-10,2.0000093731330484,1.3854556761997535e-05,22.000011615338888,2.000008771427388,8.000013728247895,2.000059577746621,19.0000160065004,2.0001085438822575,4.6163122090856245e-09
1.0020763426317294,1.0021165910962793,1.0157955287066933,0.004903427737172992,5.04538985918997e-05,0.00040173728190073446,1.0158645399356883,1.0209855112134782,1.0166274857898059,1.0032600597118055,1.0161403582113524,1.0160586739910225,6.057988150701761e-06,0.0014299747838175906,0.00032063738509175165,0.0006539996711754761,0.011513809041376125,0.036813560549225244,0.0013410142641872044,2.002351133850049,0.005846475908660201,0.005364586472846794,2.440682232692353e-05,2.002350470370191,2.002350465892195,1.041528885362768,1.0224731314478122,1.023349842718803,0.02424048617595403,1.0271602326754734,1.0216681783397292,0.014905231799531387,0.014978953639707363,0.01492618029934381,0.013817206569135744,0.011796795114816738,0.0073346944725828115,0.010797494310963107,0.01448691385514306,0.003554363332722212,2.00235319460176,2.0023516742109857,1.015795560712514,2.0023504633481086,2.008115477600224,2.0023504651901596,0.002969450347849864,0.004237117318327578,0.00287930296301244,0.030012707459597086,1.0018737728010108,1.001815006360952,1.0018129195664367,1.001814519108429,0.001507190803166598,0.0017455406334196271,0.0002655783003168622,0.0017449596671700878,0.001739429483286559,0.0017394831291598258,0.03680959276962641,0.027161851665722606,0.036861676456917326,0.036839026580196096,0.036832628322055305,0.03991685587391768,1.0157207817161655,1.0157558739064263,2.019642337725676,1.0175233066710314,2.021945164616809,2.007928353100053,2.0306806548915284,2.002597491853318,2.0203432294386796,2.010095319619822,2.00236538115773,2.018980195085738,2.0052298992705606,2.0023983647602996,2.0024651977024277,2.0023757624884424,2.002413153479543,2.0055243078049942,2.0023504452446588,2.002351487953022,2.002353194352727,1.0078424856033583,2.04473663884132,2.028957276192163,2.0024989804710382,2.002570498285037,2.002469452430642,2.004789343909235,4.160297412641475,2.0024588514377637,2.0042908356945444,1.0003186884094848,0.006864445539718332,2.0024992928710543,2.002353789039017,2.002381249631047,2.0023716884396325,1.0026115107656524,0.006425225256905963,2.008439435930488,2.002350437441513,5.364114522458552,6.340965846641746,6.3525050865402415,2.020762665111748,1.0141452264330486,2.0023534658468303,2.002351924509236,2.0023527856368086,2.0023555001716264,2.0023539874845424,2.124314081675341e-05,2.1008736652645536e-05,2.44140139142059e-05,3.7735643697997305e-08,2.4436442889482773e-05,2.4407006993342722e-05,2.440288772458703e-05,2.002351803694617,2.0023514917860012,1.0074520965928098,0.013603785735127393,2.008036136388828,1.0156061179584246,1.0074526543244635,1.0168074616152796,1.0153663970642925,1.007435734506697,0.014467459973943709,2.002354872655357,2.0023660664016987,2.084905285443748e-05,1.0168072616455694,1.7257147734941662e-05,1.0020762846050073,1.0156628952753808,2.0023514856961375,1.017824736913361,1.0174871795872111,0.015264044747772643,0.10531795360646388,1.0051389656342617,0.10721721845546152,1.1125674383863249,1.1034857153250346,1.00730050437605,1.1353185622897761,1.0055394967704678,0.10020294800644898,0.1013711080964784,1.031452557878379,1.0071251136878647,1.0071249636075914,1.0073612620456984,1.0073612690042943,0.00048252170951069377,0.036305043912590505,0.005063832141276098,0.02988355478441317,5.668360359090427e-05,1.006632988565015,1.7254546991924107e-05,1.0263947988702766,1.0154813747157017,1.0388064016549972,1.02090599098091,1.0130289272111817,1.0330303251996658,0.034104515222455556,1.0181288531902177,1.0109867247742867,1.0159045089943848,1.0071753674415083,1.015677321537216,0.013776917337595878,2.002370665543913,0.0001192069049816921,2.0047319681630724,2.0036650306912844,2.0023706676856228,2.031777923189768,1.021490766112916,1.0274094371975235,0.02541243154767618,0.014772599242206995,4.1567403619429585e-07,1.007451966668255,2.0047504643342964,9.67607502883617e-09,2.0065306760851263,0.03067225950729526,1.0157723715468832,2.0023505792288505,1.0074526697377457,2.0079189220356604,1.0155778336707664,2.0103664045601835,4.427981364569171e-08
7.000361114282943,7.000526129460378,13.013098356485587,0.018883304849763968,0.00020221501223387627,0.41994013712577766,0.031635956778927665,0.07852630944296918,0.05722437000351194,0.017706460841069596,0.03789867624075024,0.049143527479396064,2.4532073231916592e-05,0.0227835088392813,0.012366962304697996,0.018240727505518757,5.038736061848852,1.0367980055532964,0.0012304220865104198,11.00184871694138,0.045045026113122624,0.04417425624242314,0.0002591249332783739,11.00105490049096,11.001055343212961,1.0476909232627012,0.018230192585964946,0.03810612484610125,0.0157522038142229,0.04024892934905646,0.03192474912897462,0.015962969295132103,0.016032460029144668,0.0159864716492603,0.01453124638922503,0.014683099473908768,0.007340962412244459,0.01351039162288364,0.015486678262987615,0.005101695292677307,11.002315601048185,11.002273678885865,13.013098338587819,11.001054779089124,27.003957149135104,11.001054844001434,0.003555686995185333,0.012274653372041694,0.003353627296369511,0.06407426108404968,6.00093167735468,6.000925582716708,6.000924854809157,6.000925411640795,2.0002193543525104,3.00063332368971,0.0001886234000533968,2.000405675569702,2.00040344581886,2.000403450798743,1.0367793411863766,1.0004490773533619,1.0367874835005582,1.0367995272993857,1.0367964741441038,0.09847398614424167,13.011021918040722,13.011671411788324,19.168344730873738,12.175015959021016,14.140259810334221,19.076329530567932,39.7502598983215,11.119266433057343,34.125365934329245,12.087348374093528,11.002072619765716,19.018859444869637,12.003014873058357,11.002070333893867,11.002360403519814,11.298066955049062,11.835715731144196,25.75578078969238,11.001055198604282,11.002633317983578,11.002239987467833,23.003266683116976,11.044067721391238,11.19397409072887,11.049269445870685,11.077140127849486,11.043401004275447,11.59343717928911,25.801007530189985,11.034728615382782,11.485985679784212,4.0122649700792925,0.1210306118202527,11.048706205873076,11.00319923828268,11.00936289255269,11.012254607274356,4.001217708923331,16.00442286209244,11.004760751362548,11.001054849636684,13.005567712573251,13.034720101743494,13.046893475333011,11.004057523916178,7.017131529102808,11.001071944503147,11.001060603101191,11.002246686352738,11.002699009229994,11.002761709016195,0.0009111225797107564,0.0009106923164814894,0.0002591763238218641,1.1764383424561486e-07,0.00025919777510567226,0.00025908375887496885,0.00025902677492163785,11.001656159142994,11.001180873951858,28.010737597476993,6.011528858937433,27.004358336469444,13.009384860069732,28.01073874366144,0.05742487208864032,10.010975510609969,28.009838905502193,0.015460387113480866,11.001072880390044,11.001097528234064,3.664009135565151e-05,0.05742447681149561,0.000900913625272301,7.000360267584688,13.010988327282966,11.001306218074287,21.020013790063903,21.0209988846939,14.019613957764813,155.9247268029228,22.008812793377892,154.70967741452114,179.21674459763491,171.32594452980317,24.009143514951692,170.65417223331255,22.436196970518882,159.44511828969334,156.2563453053216,116.63220838855754,25.009812845977283,25.00981260437959,25.00887839583089,25.008878398131692,1.004703801532923,1.0300879197258976,0.015069077498125697,1.0334249599131444,0.00020870348232594527,4.01761644849219,0.0009008943042935467,10.024532021531291,10.013325275698495,16.0263681487824,10.02298022555539,10.011374201060464,15.027712325428404,6.017870877863975,13.013874947397808,10.011915803218388,13.01539317267864,10.007590309250407,13.009610756780226,6.014999595321682,11.001060472281939,0.00029722339223304904,11.001231479650391,19.0038645503858,11.001060481880359,120.58666473498543,17.014813341576883,17.019490589003702,11.026371703995745,0.03449762383397431,0.0011211333198532837,13.007598368918341,11.001250104823713,6.935252302887778e-08,11.017556338663795,0.06785631140180014,13.013082488525054,11.001076015056197,28.01073921353038,11.022956406006267,10.014462460550206,27.00440854208763,5.668740569174673e-07
3.0003794833315167,3.000625593098499,17.00331108774747,19.48265642930435,3.9884762065258647e-07,1.827711131564071e-05,0.0022079125899689632,0.005552860700232588,0.0048697895718740804,0.0028950711692648924,0.0029358223626875764,0.003612856207487003,1.0469736227615361e-06,0.004602935955794832,0.000923767331344726,0.001327400238007365,2.0025432563058185,0.0007574461161335748,1.3608257718338541e-06,4.001331612043828,0.011572255416637828,0.011400320888927234,5.248552067099096,4.001331211051408,4.001331208636898,1.0340346126804512,0.022297682466169044,0.01820402480335909,0.011985261063091656,0.023097235243200714,0.02172248733932668,0.021723165527225502,0.02183124846468402,0.021759770164559603,0.01757925763287861,0.020004795361144617,0.019594124008290435,0.016318118862356363,0.021054993916296033,0.014144276340272089,4.001332745938636,4.001332025021017,17.003311081601257,4.001331201161215,4.001765678099962,4.001331246653761,0.01100944655499477,0.01125517336128243,0.01079893103744112,0.01492284646639458,1.0011923246792584,1.0011972378667946,1.001196116059838,1.0011969905551004,0.000227205900389623,0.0002512690034763095,8.478697308739556e-06,0.0002337924593271606,0.0002334224475151196,0.00023342840862289392,0.0007569593978530175,0.00016636731296390875,0.0007570291119094116,0.0007570702753648296,0.0007570506423800405,0.02602981251225462,15.002620497740764,16.002411209747677,4.003014642452889,1.0026374352584162,4.005176099664999,4.002146849572035,4.004294936109174,4.00135343071562,4.003036917220131,4.001807784651163,4.001336678198457,4.002964627024782,4.001682854204472,4.001335637004319,4.001342551137531,4.001338760580229,4.001347123163633,4.00192373744608,4.001331396428423,4.001331877579427,4.0013324724364026,3.000820451826916,4.003093285045717,5.0025888842914075,4.001341336300394,4.001333949657691,4.001336951639228,4.001348987183027,4.003734943262087,4.001332877303043,4.00134657654264,1.0009549241509446,0.0002918322938903424,4.001342295398359,4.001331346169472,4.001333639414025,4.001331755648579,1.0009882627261761,0.0010341408901298071,5.002659048851224,4.001331266137422,4.014315859348507,4.01485693686835,4.020538633714712,21.483926342130395,3.0008369766183827,4.001332195749721,4.001332057643247,4.0013323847526445,4.001334959703489,4.00133364739955,0.0004530231748377014,0.0004529626477613308,5.268546366139624,0.010681885842047382,5.2736718930133835,5.255935391797281,5.249194187461517,4.001331829396051,4.001331880270053,7.002733944169224,12.002687974103667,4.001763270182629,13.001583641392594,7.00273415206167,0.0050225624284572,13.002502820509365,7.002283423030962,0.020940063433892025,4.001332126039522,5.0013313091423255,1.0000030775128648,0.00502269170408278,0.000450863815041601,3.0003793247080943,15.002616472041117,4.001332655144975,35.35807399816078,35.40026585439017,34.522052989973645,2.009994166607417,5.002021350971189,2.009110633930764,9.012600878073869,9.011362270386162,7.002009214822473,9.015887506557732,5.002036347440851,2.010804614427128,2.010047352689047,9.010715973286793,5.002734028540863,5.0027340022557265,7.002194141715591,7.002194150251021,7.736096308427997e-05,0.003104120583390157,0.0006582593065083915,0.0025564138410241748,6.2030207191683e-07,2.0050513577521465,0.0004508566436282136,15.005351100468607,15.003193875953508,17.00857629661224,15.006599730094088,13.003263108015801,17.0081879856666,8.005193893251523,17.00413345567444,13.003156490707205,17.004632085610584,13.003044308392274,14.001727909504604,14.004247926050954,4.001339899069128,0.0006171618070847639,4.001368161484267,4.001520905124103,4.001339893033577,6.006616755643914,13.00428140104788,12.004610198555826,12.005895762021384,0.002749435765559011,3.026495800263743e-07,15.003159839288456,4.001368591853988,0.0072164520500275385,4.001592537688567,0.016142343329479142,17.00330901250291,4.001331304314231,7.002734321503128,4.00321153257002,15.004630890217756,4.001798205842644,1.8531295936830186e-07
1.0092953551816195,1.0093211038366188,1.0266502616452868,0.005356141849358258,1.3175630207847565e-05,0.0002601294669759797,1.0060320318185598,1.0118586975014328,1.0064750416099064,1.004175576880581,1.00434477371259,1.0043909102153226,2.048669651374946e-06,0.0038528921595360915,0.0020409283807540273,0.0021055710548310114,0.02856878393907014,0.006911342692576531,0.0010002590324419897,2.0099093674179764,0.008102650956470024,0.00794998431182607,0.00029676094537485275,2.0099071212041233,2.009907074822872,1.0635313092480065,1.0466129599804486,1.0331908781185293,0.04807938690646536,1.0513042161144803,1.0397390473166948,0.044924350016620054,0.045220103411346205,0.04502393976789303,0.04138871282286745,0.03914757534799282,0.024790441036015052,0.025103575689802923,0.04283875200842741,0.006902864554821051,2.0099235526938517,2.0099118346347615,1.026650280996637,2.009907310958427,2.011279186556296,2.0099072913473113,0.004953048288675947,0.005879803611254209,0.00485958466557502,0.015513467714365408,1.0017145725122016,1.0017082771862018,1.0017065276299806,1.001707882700845,0.001068038444610658,0.0010832885130181867,2.4829124177494868e-05,0.0010754325012800466,0.0010729707410132236,0.0010730240897284225,0.006893346732938566,0.003368563429962467,0.006896901732456215,0.006896022540739376,0.0068955075760410815,0.024967207594667706,1.026374053660869,1.0265756339158225,2.0189040798664606,1.0097840234822921,2.031303289084553,2.0122336744886438,2.0215241737571934,2.0103069379426803,2.05383867877607,2.026516557311906,2.00993936712193,2.018310219598704,2.0220585959595345,2.0099766284187304,2.010130002091476,2.0100156167702243,2.0101227178276715,2.010984113836136,2.009907091635138,2.009910492490494,2.009924260154173,1.0106710268127266,2.05448518187501,2.0188704387775074,2.0101042808695553,2.009993401289309,2.010025086781322,2.0106521292359196,4.062415401319907,2.009952161619089,2.0105199114180268,1.0006692732287057,0.002727780671409668,2.0101200595171305,2.0099094237310724,2.009925730040664,2.0099203526950964,1.0020993244782,0.004783210168087641,2.0181081348653795,2.0099070907763292,6.029563731285254,5.414693243421014,4.310961635403294,2.025463110315549,1.015851195862942,2.0099198005624985,2.0099122814185244,2.0099194636723587,2.0099316557977653,2.0099280491517395,0.00022159827563549803,0.00021992014269198995,0.0002968429586990596,1.083237895143137e-07,0.0002969060248491945,0.0002967587648329217,0.00029669599521593156,2.0099088722845266,2.0099138059148025,1.028384826005544,0.017156131478681613,2.011134918496707,1.0260471975551375,1.0283887933991778,1.0066408814693286,1.0250737108699952,1.0281981697348603,0.04279150269043348,2.0099224265800646,2.009908421176903,4.0258303481989464e-05,1.0066409288528162,0.0001930998676132536,1.0092952052156619,1.026258374193796,2.0099138026073398,1.0333793325287493,1.0334122970844004,0.022685276124030988,0.06342064319735598,1.0195380304003292,0.06035001242148687,1.0890544179788582,1.087103871242665,1.0275808405243256,1.104783996052633,1.0197548688178868,0.061898750293572335,0.06151178026462114,1.0605380747393534,1.0283871989331217,1.0283861416112394,1.0280307601288052,1.0280307996553102,0.00016720252420042756,0.04787896696763224,0.003588272361291592,0.02758058267672207,2.1789831625194528e-05,1.005039914128968,0.00019309152982135877,1.0566435306513327,1.0255244849632472,1.0646125059210219,1.0357854986145296,1.0368034795481482,1.04308117635301,0.049261011714057154,1.0281741386055026,1.0214580874193446,1.0269085576455972,1.0140165129042453,1.0263108673049004,0.017500571966075976,2.0100577481172888,0.00020916437059376032,2.0114566328826538,2.0109792147248684,2.0100577435989044,2.0446811235027424,1.0295131797233092,1.0526089775865857,0.04352897918047905,0.005000181032459594,1.2237781895789756e-06,1.015158971272127,2.011480532285286,6.849423520499724e-08,2.018402783887026,0.018707257092190278,1.0266008325510092,2.009908165357012,1.0283889525801848,2.0114285410524966,1.0268969172723095,2.0126152968983684,6.322422140662753e-08
3.50472097186549e-05,0.0006834377835981751,0.0026111696885371496,0.04892380785774467,0.00023200406226128744,0.0006214897201109752,0.021704210915307352,0.049173168398801766,0.031067561927192504,0.004624677906440253,0.02381681485386745,0.02371437335827857,1.4416353439921175e-05,0.010479972149724211,0.0008473975649095654,0.007216172964996969,0.01645290982593503,0.008988936730081758,0.0001431630154708145,0.0019770707427002243,0.04985157585407623,0.0488915529981442,2.075048049275675e-05,0.001976624835318228,0.0019772929861804366,0.01297752307584347,0.003699867572445816,0.00782443983210303,0.005118267466926399,0.008517872498855845,0.008100036528681255,0.0031182006664163386,0.0031247954225761617,0.003120436965827977,0.002635788679784722,0.0022686416106812764,0.002127070844423718,0.0024034984904559727,0.003075130994510102,0.0014464231965415763,0.001979011848328967,0.0019779243425664195,0.002611182987706854,0.001976621811780003,0.004794799871337028,0.001976663255861467,0.0011853755182075043,0.006205815806620656,0.0010939364430974415,0.0533129486481315,0.002217294146307227,0.0022316133777777656,0.002228777067045879,0.0022310001875966165,0.00024388837104183844,0.000900166709369854,7.304246425009332e-05,0.00031331534441007575,0.0003097483020320755,0.0003097621357874042,0.00898086939539324,0.00042477882905348234,0.00898226781649409,0.008984056911307364,0.008983566357872083,0.11609684165668456,0.002481317459844494,0.0024507138179252997,0.008058430103847648,0.008024411309026345,0.009497443679009144,0.00367597446041171,0.025929525781720877,0.0020927224400453387,0.00952365502230358,0.006694287153714362,0.0020540987110801772,0.007808176522741653,0.0020457543074194947,0.001993405508688641,0.0020162191147174496,0.0020780324919976827,0.002297789102859412,0.019122965086766926,0.001976697155537657,0.0019775794538042716,0.001979210728571903,0.002871091806213737,1.0258267482761532,3.884047613261285,0.03654408837013713,0.023950183051816402,0.02789394159129711,0.035909573117549366,0.06800353668621092,0.4614408608321733,0.05753519358739483,0.018443963363666206,7.657655217648356,0.03902527200328762,0.0036362338684828607,0.014872982205028189,0.011964571214228609,1.0020823770878882,0.004838368156341021,0.02061831079651717,0.0019766484778878145,0.003605097714019537,0.005438784499552159,0.007152513966670913,0.0030595010477510124,0.02469384933119266,0.0019784228109418606,0.001977383795823416,0.001978554851225552,0.001980383025307629,0.001980119094308674,0.00016345733777728812,0.00016329987624983958,2.0740663562242793e-05,3.266912556364665e-08,2.0736574454086302e-05,2.0730012392787046e-05,2.072875572410926e-05,0.001977600349189667,0.0019775688433042583,0.005063185838003919,0.0026031309743060928,0.004775321720499947,0.0022971476771121743,0.005063543799382711,0.03102900146542988,0.0023383012289104397,0.004903264437556816,0.0030701326697595965,0.001978580385920892,0.0019766781142386627,4.9835792288439265e-06,0.031028987710756656,0.0001607216682264409,3.488290513809587e-05,0.0024773201772624173,0.001977523857307033,0.004952386525370057,0.003998614074545168,0.0039322156904897316,0.15046920511745743,0.00431396954060481,0.1709939905187714,0.17482463895983363,0.15854895916109463,0.0029866400541966568,0.11912042519637124,0.004921735427661842,0.16232575163511,0.16030410928111777,0.12825260136330227,0.0049441134969956495,0.004944043248595755,0.0038039339795105376,0.003803952300845399,0.005103464246882273,0.01504335601541153,0.014555894852134103,0.029540471907171996,0.0002373726550617438,0.05074186820398995,0.00016071794131095754,0.0037457649878637057,0.002469844858655427,1.0053157495693312,0.003717261496909908,0.0015051844199991731,0.005225566013675338,0.0038650351715438964,1.002829034098029,0.001825797760605815,0.0027745633830627884,0.0012755789547337997,0.0023209191950914086,0.0027591814281037763,0.0019954272726246543,0.0001269189222793886,1.002139147498746,0.0032888874586478804,0.001995442136639655,0.12062102189344927,0.0043616245481832685,0.004705275917910493,0.0059527723944556125,0.02704866618049548,7.431827658021277e-07,0.0014133954671370667,1.0021483304482866,2.2382011461133986e-08,0.003105943107793281,0.05307782510606295,0.0026093722937093095,0.0019767478998541418,0.005063588174905102,0.0233127210896555,0.002655249404591809,1.0049120486277079,1.1070152912711228e-07
0.0021048808977035863,0.002172621682415175,0.013163657066426224,0.012994793284587056,0.019038579621289763,0.00011890839350296666,0.004928621688320946,0.00835483164277727,0.006463931457814665,0.005734768763341605,0.006068093984007657,0.0050169059798245595,1.7304234392238536e-06,0.004359930993576895,0.00045073687293711173,0.0006752807291762994,0.006548144011327399,0.0027929567640305043,1.7547540027092416e-06,0.002516284409416452,0.004092264661597501,0.0038255378437375273,0.00018665602681189718,0.002515946129581293,0.0025159591560901823,0.03199838561997086,0.01616425776926073,0.019286587940850912,0.021383819502851144,0.024081201472930937,0.02230332307729992,0.014653844330168494,0.014712931193177254,0.014673825194101757,0.01067155926923636,0.011375265326380621,0.010675908884534535,0.009571214044996479,0.01426056600258158,0.005926983159585228,0.002518448577899758,0.0025166905486678766,0.013163664944163473,0.002515985220963338,0.0032432029780124928,0.0025159751689977352,0.0041868301925376385,0.004547580806699702,0.004132198995380915,0.018970058278809175,0.00047807927428352814,0.0004795011976183754,0.00047917801051650474,0.0004794301324585541,6.304973443444039e-05,0.00042637888456269814,6.919079142405282e-06,6.898986718025665e-05,6.75739875665361e-05,6.757538730256086e-05,0.002790451522079946,0.0016331406217605566,0.0027916989060979293,0.0027912497045686165,0.0027910815795849746,0.022800180880840685,0.011941445543417525,0.012276026440899182,0.00924760405115208,0.007171413898535141,0.012365903439737588,0.011128598768438884,0.010762561800383154,0.0026116261220888704,0.006720267111018341,0.004886802903623722,0.002522309246966698,0.009026391081529158,0.00449811574500119,0.0025367038519199725,0.0025690045200753263,0.002533437071668728,0.0025518621430389078,0.0031888462586428796,0.002515983585133923,0.0025165282186894356,0.002518570854912896,0.0028340784376438737,0.031111157405803575,0.029956093713651065,0.002558198136502472,0.002540242756856852,0.0025429189524811447,0.002718289921466179,0.022641306419197205,0.0025972894543241473,0.002684117393356301,0.00043602447268725395,0.0130751195194897,0.002561098532634401,0.0025171621401147166,0.002533096031973295,0.002520270987236106,0.0016939900562601366,0.01843767210878669,0.014837349262430962,0.0025159603116677812,0.01733410437621568,0.022882506399345116,0.03945570112882306,0.00788319907615154,0.010844301441399919,0.0025236332911266327,0.0025181585063833913,0.0025178347095206922,0.0025196644737949326,0.0025191907923697663,0.00013965800684225617,0.0001382238564281529,0.00018671063824530413,4.7769799184114995e-08,0.00018673084902439638,0.00018666365481987115,0.00018664061217255407,0.0025202669795437696,0.0025169599050942825,0.023470587785368025,0.009913619231872447,0.0032490985899019512,0.01094590192983545,0.023473936590688176,0.006792138165341831,0.006462417488408603,0.023360629323487973,0.014226507906543846,0.002526644164894732,0.0025159550687926992,5.99364721362823e-06,0.006792204813262166,0.00011558892632046552,0.0021047345598045114,0.011902849041536366,0.0025169760511268733,0.019737160471384553,0.01952672169078402,0.016892383654529337,0.03030441375441945,0.015875241539238666,0.027467528230877725,0.05082514393222448,0.04813258382578951,0.021634609656236658,1.0528962736602918,0.01596570622567575,0.02690227094491775,0.02683579875612866,1.0335777298189794,0.023472260231528434,0.023471366274877944,0.023129850717047182,0.0231298895080041,1.0364017003767865,6.022082924663467,2.4798160750587575,3.0861134855556775,0.027488646445516046,0.00842469351104954,0.00011558957252625585,0.02494496692786402,0.007724588778913391,0.03292003371804566,0.03062746176840528,0.0085818912155002,0.03693208075559945,0.027304961915712328,0.014741456660067606,0.005669953228585574,0.014433290055803247,0.007261977670143556,0.011049321108684191,0.01237950174350428,0.0025390003599851615,0.0001527887479755358,0.0038337994179791363,0.0031189260260180082,0.0025389975832998874,0.016876711310456267,0.012048477660823495,0.013768652062494406,0.012628209373344407,0.005511772043633342,2.9440200573346447e-07,0.012697868987695086,0.003848226792302755,4.4751818507776735e-08,0.01410071137055719,0.021012291610030195,0.013147062662089846,0.0025161057474013494,0.023474054936696475,0.003998168638253026,0.01442055627331918,0.004501784731356383,7.671629881323965e-08
3.000270242861111,3.00057713157688,24.00224542803473,21.070295465516324,1.3658761576566705e-05,1.0202053202037036e-05,0.0015393481575713202,0.0036688386507224002,0.003175289203510442,0.0019238622860860033,0.0020555066115693506,0.0024394980482755325,5.565844253233317e-07,0.002707486788346867,0.0005723531495956802,0.0007984261187099689,3.0016003616060947,0.0010356712031384444,2.7588882585841712e-05,4.000809221821022,0.007162707662224191,0.007052488380781765,3.5648098769946452,4.000808883044594,4.00080888129373,1.0196449203499984,0.011620172850006076,0.011043525595892355,0.00721894676311081,0.012836559748535589,0.011862204285323976,0.010906861423208517,0.010949692190680078,0.01092137061829123,0.009756636872741102,0.01000719161704621,0.009672454094530141,0.008917259256810925,0.010645634792150417,0.0075326450288830645,4.000809941506849,4.000809556332043,24.002245421557596,4.000808866177816,4.001657794583206,4.000808912855977,0.0055781357330228765,0.005738558766862836,0.005491780629106652,0.01087372450562992,1.0006811023698796,1.0006832334970086,1.0006827243647087,1.0006831202176916,0.00013622973876276066,0.00017517212076851446,2.8007754955159187e-05,0.00016331863945964612,0.00016307240837166938,0.0001630770470583143,0.0010354181426481346,0.0006747124336358267,0.0010357591371873405,0.0010356277882121125,0.0010355819606780701,0.017467078954004504,21.001774171597315,22.001644415339847,4.0023921539872545,1.0021233577980464,4.003759785334053,4.00191751024476,4.003683972323698,4.000824736600792,4.002658772215328,4.00115325516613,4.000812134001922,4.002356397594232,4.001060152681024,4.000811729127431,4.0008159782325174,4.000812830922623,4.000817067594973,4.001194593911642,4.000809070204714,4.000809456560706,4.000809642904457,3.001122009598307,4.002093841017541,5.002278377169264,4.000813999472752,4.000810512134269,4.000811833911285,4.000820827899686,4.002982470555424,4.000809955013806,4.000818983900612,1.0005404669936269,0.0002953464433893682,4.0008144701012185,4.0008089494784835,4.000810162170638,4.0008091672460475,1.0005964830715148,0.0012574910385064538,5.0016665062013415,4.0008089379057274,4.01350913044812,4.014004460944126,4.019612640454646,23.071069850968858,3.0005895288225086,4.00080961360667,4.000809613915389,4.000809713563911,4.000811927537606,4.000810701117268,0.00028151474549140154,0.0002814809295569271,3.5672457104156146,0.0013013434643025974,3.567870144620325,3.565709367077351,3.564888097706562,4.000809510584552,4.0008093568957115,9.00176428755077,18.00178210812994,4.001652927453843,18.00109002946867,9.001764400333577,0.0033002788419435156,18.001696962156622,9.001484119492613,0.010596398370233871,4.000809514980747,5.000808980416929,1.0000019163792424,0.0033003595233350226,0.00028039920077039437,3.000270084138973,21.00177182804363,4.000810130920099,44.529302774792676,45.67234648027545,36.87208684468949,3.006805360319526,6.00131550643789,3.0062317875158304,12.008468993261761,12.00775644161621,9.001322742827552,12.010387504049488,6.00132403721579,3.0072770065812997,3.0068401402637512,12.006774001351035,6.001757664164558,6.001757651544691,9.001432913177469,9.001432920727522,5.1584693484391697e-05,0.0019549524268232784,0.0003756972146259944,0.0016169375398460387,1.3763565689151538e-05,2.0101426317847415,0.00028039218709503,21.00393977403514,21.002168926644774,24.00632251431911,21.004599495837123,18.00238849622329,24.0060117258933,12.00401743841117,24.002834593482383,18.002142106967383,24.00314449087271,18.00205977561658,19.001177227026467,21.00287716974814,4.000813079903597,0.0002523982732568882,4.000866466491006,4.000960467822262,4.000813073882331,7.0046831440286415,18.00277658636787,17.003175801252656,18.00392254727013,0.001804866606819005,2.721913563591379e-07,21.002135712059154,4.000866689062335,0.0008791624538832322,4.000992913071321,0.011612734447113852,24.002244246197844,4.000808943599494,9.001764481985864,4.002084732920702,21.003137130416068,4.001709023010936,1.8661198284684506e-07
1.0103325016164826,1.0103468139966978,3.028094740455309,0.0024397549795724415,2.7718725814574504e-06,0.09164332188942181,0.07652090280107608,0.09514185261187762,0.09331974988441039,0.019364412557550465,0.0057251107273696335,0.07425779218621738,0.0001016676108896665,0.09047171380319724,0.07151598728262472,0.07181519332711861,1.0366967975139911,0.002636424001463865,0.0011981413906355667,1.011964254805081,0.01426056207002968,0.012332551368947618,0.0006711531933625309,1.011961506088212,1.0119615154996269,0.07033417206557085,0.03632161917574367,0.0534098233254131,0.05434761697059259,0.058992376244298074,0.03574165361593164,0.03436569920046174,0.034599481158772136,0.03444332860885872,0.028453035485154973,0.03195303609272081,0.010945299404610587,0.027506414670017715,0.032739659188164766,0.0050395083496086015,1.0119814102074889,1.0119673396930295,3.028094752792992,1.0119617806188574,1.012408538386062,1.0119617569424149,0.012860697168892621,0.017168655377273013,0.012536201666164485,0.09018020505910437,0.0031031247156955767,0.003081452327801204,0.003077586485880057,0.0030805918544175824,0.0013896984499575042,0.0016264859418368472,3.7837141878425726e-05,0.001402285812013282,0.001397974975777741,0.0013980186101261278,0.0026162356073022395,0.00017181972643173576,0.0026164952166366395,0.002616815617131123,0.0026167232771249723,0.09767144111536386,3.0215892352697384,3.023145333069665,1.035415977380815,0.02525524331536865,1.0471481415080137,1.0195016075558176,2.0386200049434824,1.0126730177366599,1.0736807510484057,1.02745268338084,1.0119992870000412,1.0340850670352597,1.0263194442289014,1.0120886884607743,1.012326985734506,1.0121053595890974,1.0122632455147529,2.0162994022542793,1.0119615213248272,1.0119659613915528,1.0119822839670543,1.0107938495188653,1.0291608657933007,1.020998527893651,1.0121805220782532,1.012031738233618,1.012087669513461,1.012478892330293,2.043298827232148,1.011996296603957,1.012397969975108,0.0016936855948364886,0.001553604025816209,1.0122000269204674,1.0119638647447728,1.0119829474382989,1.0119744595990596,0.002448232615431413,0.005975060595123572,1.0171544744932783,1.0119615144197118,1.0212051193984348,1.0261893491606013,1.0432092341711572,1.01453010223494,1.0124347158389873,1.011972554685413,1.0119663967638959,1.0119770027502157,1.0119913144948223,1.0119870362362993,0.00019873229363987565,0.000195481455557493,0.0006716172366206343,2.515949327095647e-07,0.0006717369850029835,0.0006713239630304692,0.0006711661504341549,1.0119681793647757,1.0119699402031601,7.045330364610857,2.011307372057356,1.012257004634662,3.0159754259521243,7.045337978699401,0.09237213581618792,2.0215729221319028,7.0452038821769065,0.032707935784584787,1.0119739880799268,1.0119618766145044,4.7535496499775644e-05,0.09236875696773346,0.0001442071980610969,1.010332435837014,3.02149571101284,1.0119708102432257,4.678248670550563,4.687828619713882,3.6769012044492033,15.722088779580563,5.044993219997065,13.749440708137328,22.736206202251235,21.15821776478683,6.044510994585075,20.346764384308216,5.087578446653531,15.38722964216506,15.465787904167147,8.93726220368143,6.045329271926227,6.0453286390390835,6.018129577201623,6.018129666946435,1.002353230757601,1.013433056183158,0.0043502885050359,1.0102570263876338,4.678192014010537e-06,0.003508332596987399,0.00014420514621357028,2.0700544595738,2.0282692148102752,3.100017543020043,2.0652323993116326,2.040727765024591,3.084415333729421,1.0632936544021314,3.031256934220113,2.028046349892128,3.035600354473577,2.027484896482903,3.0167662465071015,2.025159434359898,1.0121440025422257,0.0007723768418558254,1.012809545281146,1.01204997008936,1.0121440022473611,12.428953427943648,4.025582855656567,4.039859417345387,3.0351158553072954,0.0914493918726654,1.2346020501957404e-05,3.0274205429742866,1.0128196503072573,1.6869154923932068e-07,1.0152308829350427,0.10343031895896428,3.028048744951977,1.0119628143235184,7.045338222327093,1.0128066338504995,2.0355652102088233,1.0130637389399568,5.830420024923939e-08
4.912263572749432e-05,0.0012304681991084495,0.005254535114133196,0.07551499767506449,9.67477220906617e-05,0.0007640043596495697,0.02038774037828156,0.0432117562163269,0.03386295988217613,0.002918579420583292,0.01927143748523419,0.021669141125723577,1.674830990367809e-05,0.01924491604051469,0.0027224201228445324,0.01439732993711952,0.026308147488213793,0.04609616405017197,2.576565371122416e-05,0.007663903096466829,0.015345907452123957,0.015019928581885132,4.6292891889545435e-06,0.007662093237788083,0.00766276179283846,0.03681671782998406,0.007180088447299545,0.028100431870955813,0.00884845505801405,0.02926217934806933,0.028281868996610796,0.00582540418863512,0.005844113488482107,0.005831709026938877,0.005441130154468357,0.003010552785284182,0.00431230555208286,0.004669940342401062,0.005709006279846072,0.00321450579728062,0.007675746234065896,0.00766629110954707,0.005254549676103335,0.007662265049475955,0.008727391179368747,0.007662292618540226,0.0031997943566964234,0.00517238585051681,0.003134412220514374,0.026856981794530145,0.00820468794206952,0.008298548505309929,0.008280046864618435,0.008294516163567148,0.0003853739628208693,0.0004349306097980193,8.94802586610956e-06,0.0003895939492292134,0.00038729240094470535,0.0003873009532738106,0.04608137664783846,0.0001940076005201699,0.04609398334030042,0.04611292687404351,0.046108159480591396,0.050003720848941544,0.005234342221726917,0.005228699525152965,0.015104674802534985,0.015055019389246834,0.010978874077550424,0.00854735075915842,0.02818091795735984,0.007887063149622758,0.015605451608937778,0.011797680748895426,0.007741465218518506,0.014634130395411648,0.007832285339656991,0.007714454039872582,0.0077954775823688045,0.007825970795855385,0.008088129438222008,0.02283792593240871,0.007662166254993657,0.007664897296333034,0.007676469085492259,0.0012359857115676507,1.0571774949598116,3.8058730291847755,0.041857736512647896,0.029385964104198945,0.03330361724010234,0.041211827220230285,0.07023496500634788,0.45772450246454244,0.062479068824491626,0.023780543602698604,7.287889643280095,0.044308318122761856,0.009304182766006284,0.020287486215795326,0.017553967551560693,1.0077853564646198,0.004010170033787109,0.027973159476191334,0.007662132914542947,0.009724687787943881,0.013023189101371065,0.019977126157190172,0.008112910190331715,0.04202219249748832,0.0076721924185573645,0.007666282927037274,0.007672023382013484,0.007682323463007575,0.007679876105118302,0.000664122520143302,0.0006638295850497331,4.616967687131987e-06,3.1330370279943054e-08,4.612236749556548e-06,4.607897099384137e-06,4.607484146083629e-06,0.007663632747412756,0.007667760642357057,0.007936310687367533,0.005828957108486639,0.008725085286293597,0.0051881959663721226,0.00793708240668103,0.03366928461859496,0.005011252783525732,0.007280391251880637,0.0056902119644980315,0.0076737640265168595,0.0076626461965407745,3.3472566251152197e-05,0.03366852986726609,0.0006573279889938133,4.8947599130555156e-05,0.005220612896593088,0.007667728091466652,0.008043441583337092,0.006412144414954771,0.00635520446104907,0.18567530112713573,0.006364800166988294,0.1992587097971752,0.20347766486010033,0.18470937716664487,0.0040463088571008315,0.14397029908565478,0.007117532325717986,0.18687624671569056,0.18633948740174822,0.13700479000038313,0.007746012724376132,0.007745890095645628,0.005409039832245794,0.005409061854982106,0.0020483305688844375,0.026156903426504053,0.021848213538976827,0.028200669661710254,0.00010356677410778772,0.08316298523512942,0.0006573242621478438,0.006135047413659422,0.005034287940103861,1.0068269556241705,0.005929513879721378,0.0024032680340509258,0.006610638410126961,0.0056990102073376,1.0054803258964988,0.003276902162548542,0.005300531633747216,0.0021038162861336356,0.005206777664046748,0.0052760324133358915,0.007789205934607417,0.00014397319412433996,1.007903397278687,0.008084556737744535,0.007789220798321261,0.13424232575249906,0.009037380120041214,0.00999563425504458,0.011833465228565238,0.03094831733794329,1.4376971764757343e-06,0.0023085497219853734,1.007930923320811,2.1477469423610188e-08,0.012974381380040461,0.02753693355936824,0.005248549939278512,0.007662998134700841,0.007937395667360148,0.023568331777816653,0.005110436075723499,1.008893296591351,1.2737222545366495e-07
0.003992787432086053,0.47961500683175695,0.010175315777467896,1.03675969869587,5.4845102910048383e-05,0.00014542570583541976,0.005133477874648165,0.009589378943928206,0.006172384787773571,0.003413858444435633,0.004330306105229982,0.005651767799506471,1.988643053360622e-06,0.007127952398598187,0.0016800847591469904,0.0020630208350575045,0.011479347016643028,0.012735459788442585,0.0001427088588616286,1.0058833219091237,0.007817239349043425,0.007678014902486161,0.004469463790413685,1.0058823483889117,1.0058823411825353,0.117169565037118,0.057654983413423816,0.07124809993970346,0.0754776383345732,0.08210273146805679,0.0722576657141859,0.0543382829131311,0.05469187581644586,0.05445780429616845,0.04956388888758198,0.044899828518004274,0.03468696586947332,0.04177797145996713,0.05201982732047343,0.02418858236607963,1.0058897415366785,1.0058844755719123,0.010175314514906303,1.0058824500165287,1.009283551994783,1.0058824411882734,0.009837824663478918,0.010433421943975445,0.009650140488917333,0.014544406781263657,1.0056091765683552,1.0056564427852175,1.0056470646331443,1.0056543380841794,0.0036145362727723054,0.0037486855777399326,0.0002002205311745677,0.0037181110494785238,0.0037042064672422417,0.003704371752890191,0.012731719943152751,0.010771097999901166,0.012747364370432047,0.01273993336534408,0.012738086400939127,0.03043918136097034,0.009566305190786429,0.009808922621766717,1.0162484756757428,1.0123270848922072,1.0210717748450233,1.0090187367323171,1.0232922044834794,1.0060769178931588,1.0180680325250102,1.0112747112439044,1.0058995041523877,1.0158503165100252,1.0095915125771067,1.0059261753175734,1.005998181962574,1.0059313486118364,1.00597910612544,1.006209364626616,1.0058823461903905,1.0058838840051938,1.0058900946268334,0.007412001070765227,1.0288424400924974,2.030806547775931,1.0059799751256053,1.0059269907390243,1.0059415727154557,1.0062573193374715,1.0348585854378303,1.0059079991854274,1.006191108618884,1.0019325272037594,0.0020285163038730675,1.0059875459425736,1.005884373470886,1.0059096705995363,1.0058898858597916,1.0024610464937571,0.005316193209907609,1.021038485419992,1.0058823516296165,1.012314605640249,1.0274483604433664,1.0368611336540756,1.0414271480449369,0.012767868843474684,1.0058864646062824,1.005884200758927,1.005887826382947,1.0058933016939227,1.0058918632732103,0.0004484836894675446,0.0004471982510632099,0.0044759999119346975,3.4923404908113806e-06,0.004477674303031081,0.004471877397246928,0.004469673455451612,1.0058835210513144,1.0058853498240705,0.02516861283728778,0.005970431274101309,1.0092078212757014,0.009120617411721458,0.02517167663894489,0.006438607986476942,0.008671928085859525,0.02474811333794058,0.0517781595088543,1.0058869195298417,1.005882646759195,1.8150629666113267e-05,0.006438713939216729,0.0004259123928660388,0.003992763670998847,0.00953731490799334,1.0058853628410287,0.05463166919363073,0.05290132746547999,0.04198911579512982,0.04344476661750892,0.01911107006232186,0.039337124570026465,0.05223183810945567,0.06165057111028658,0.02044341569945351,0.069771457891761,0.019232064674269283,0.03929931007316629,0.038036467905119144,0.033933438175005416,0.025055246226659666,0.02505446706768064,0.023676736090620532,0.023676771382643534,0.000267779849084292,0.01869677486937614,0.005252236174006111,0.022542248266652652,5.816859058935468e-05,6.008785872807498,0.0004259122489102621,0.01629548565523257,0.00929924519291601,0.030885519944509183,0.015173127696672029,0.009513146645774125,0.0243074717575512,0.024234142337906345,0.012078219145398774,0.00899073803907196,0.011770093938122034,0.005855117874624703,0.009209010389970495,0.007747639494112223,1.0059513644567826,0.0005106624636478993,1.0064802932735657,1.006728576573251,1.0059513670701032,1.0177165237142851,0.016569076340762864,0.0208682013128044,0.017355235614598973,0.0043069219110031896,5.138092622631081e-07,0.006712874585012007,1.0064904181979932,2.3599698018634377e-06,1.006975047415563,0.021787619398139873,0.010163705057944514,1.0058828385274148,0.02517191891721125,1.0081411450283642,0.011648932383988163,1.0097739289020031,2.4714957261817136e-08
0.0002365255122648399,0.00026413260028627797,0.00718773558919152,0.004760249540042768,6.678505115240335e-05,7.669413978992427e-05,0.007649977144169622,0.01504469680365369,0.009224803400456038,0.004749250364660606,0.009372204792668063,0.008413918118583559,2.2088229726137015e-06,0.0010132117497705644,5.79984400015998e-05,0.00026400340113204806,0.0028314801025990577,0.00876560007532184,0.0003493375109955719,0.00025242526026668296,0.004219045456392174,0.004180782464186117,1.746749720744397e-06,0.00025236563827738814,0.00025303326989600447,0.019176906100334744,0.008673622240528396,0.014251300712787794,0.012390000806526252,0.014997753481078423,0.01390961686771896,0.004003779078474772,0.004014086883827358,0.004007186373550722,0.0035173082710807453,0.002936901382996504,0.0025377303452956516,0.003245202349105329,0.003938186661399376,0.0018215601135677022,0.0002526213033378558,0.00025259513340357615,0.0071877509134471345,0.0002523336726339931,0.005675628940109362,0.00025237738644128075,0.0012008291020281364,0.0025090399492932723,0.0011755898440139584,0.005593533706544504,3.192855187222119e-05,3.0888256787787194e-05,3.088146045538249e-05,3.089307070097403e-05,1.483244546841234e-05,0.00016518567084609472,0.0001478560434264663,0.00016246514398900836,0.00016153749273933665,0.000161545065565258,0.008765042144914281,0.0036237459436062576,0.008769412204548719,0.008768897913840359,0.008768175343032515,0.009813527120440854,0.007079729745514242,0.007120318333025352,0.006836924864425979,0.006600874708453301,0.010202594284143454,0.003454460792588065,0.013254105133798755,0.0003307058503935452,0.0077144104686830695,0.002770081714455484,0.000267693796031323,0.006639709987309172,0.0004998165372624923,0.00026470256460062945,0.0002798145960694859,0.0002562244161793179,0.00026378541576534863,0.0014992556605354648,0.00025243775855391185,0.0002525984506552958,0.00025264500123658973,0.005659683202383754,1.0150126844090919,2.0490997868128082,0.03214832546470502,0.020833135252841105,0.024335863976994353,0.031494083451667904,0.0479425612618531,0.4250475452225398,0.051854279306284785,0.012739762838486273,6.013109208584167,0.034426766139121455,0.0017134174332509248,0.009872346561386892,0.00968902122453052,1.0003898730950873,0.005861694590787205,0.0010106751342078772,0.0002523865489537392,0.004355625511110807,0.011099079494346291,0.013968208425111638,0.006737199342714164,0.0029393431016835653,0.000258330321852184,0.0002538577233827803,0.00025266447100175506,0.00025280110501629783,0.0002527671384459188,3.2303647979977745e-05,3.207790134458859e-05,1.7342085465822233e-06,3.1207986133469304e-08,1.7294203353567731e-06,1.725278212077676e-06,1.724942287399584e-06,0.00025346209110319203,0.00025251618729870963,0.00598565212496518,0.006852355959962626,0.005622002541864908,0.007021014954521525,0.0059861566683663825,0.009637027585656098,0.006011473096119019,0.005957648040421828,0.0039306223107038974,0.0002610710734633433,0.0002524260084291945,3.699925661687408e-07,0.009636903727727764,2.8668850803472312e-05,0.00023636305188640987,0.007060093261828341,0.0002524397396540009,0.00905669282723544,0.008672275520650901,0.008426682211053301,0.030444815782044707,0.003018723239684518,0.030143894959459547,0.035767025731722274,0.033870240366203716,0.005870986987889031,0.0374681944564382,0.003093585592680252,0.028916337633996283,0.029124399501025643,0.014386693725233123,0.005780839401103019,0.0057807049835536875,0.005910871511268486,0.005910891669762393,0.0008364137670689903,0.011435581118956215,0.0019332049820899803,0.008377871275861969,6.800007973937267e-05,0.00421874233041097,2.866512409605041e-05,0.008945329932866494,0.0061253409712406,1.014194286489894,0.009370111144444387,0.004142946038088126,0.014505952572848159,0.013504636882633179,1.0075849788988447,0.0032975362624398413,0.007303490936979667,0.0035213479003983897,0.007009918564448816,0.007069277878737285,0.0002532812530453242,4.680035281312516e-05,1.0006363813337957,0.0035361999452073337,0.0002532961149054359,0.015914637458529484,0.005900793900184878,0.006637082704570854,0.006485227707563414,0.0066298452028220305,3.758516548060101e-07,0.004564506427431425,1.0006408651307996,2.139442186748857e-08,0.011323285121197015,0.005994118203393651,0.007179257789919198,0.0002523484344597031,0.005986170491588038,0.00757509340119949,0.0070991120261799006,1.0059903479000367,1.0788340567594093e-07
3.389631679591484,3.3896510697812863,16.415174163824545,0.006922140613369102,3.2505972262819105e-06,0.01711347116113331,0.022172645075124727,0.054481769398433445,0.02303477551981821,0.01688608387395338,0.017272296295017267,0.016702849916941372,1.2333429899395344e-05,0.012220228915622404,0.006020558363460996,0.00607995884801885,1.009149811760656,0.0029816285312271457,8.704496802240777e-05,3.3913460350866518,0.003545725519300133,0.0033832012905956397,0.0006229360915795557,3.3899281521665587,3.389920289966143,2.0302014135120197,0.020904233899102995,0.021104901439504862,0.01996004059827506,0.02461234622821379,0.019032550552234177,0.017892295695300407,0.017969918395911298,0.017916507876895745,0.01656001096184937,0.0161090747204661,0.010580937732821335,0.014003818654979254,0.017422802434655892,0.0070812361282718735,3.4012244306962955,3.393019944714124,16.415178012963054,3.390092426843282,3.4939865073039003,3.3900786554489355,0.002874374875367854,0.0031023485467561607,0.002794514357980449,0.015539152932768144,0.0009360712606562504,0.0008701149518785222,0.000869455284677821,0.0008699623512206122,0.0005610824824610998,0.0005880266707192857,9.8509984467249e-06,0.000564236329837072,0.0005632712157262318,0.0005632820263092427,0.0029785247635622184,0.0007539322797953187,0.0029790933231391447,0.0029792502573242506,0.002979126292305345,0.019496839132450167,15.421474212792365,14.422036025947516,7.669449005071863,4.431589716397384,12.297777134657242,4.4927903967468295,7.4999705689791405,3.522672221419852,8.28616547033204,8.228128948632701,3.4113796717419866,7.548978551052959,8.209317032140564,3.426203866733473,3.5147756765064972,3.465445111259748,3.5389551755996504,3.5270953442130377,3.389920917372362,3.3919545704059613,3.401765971778474,3.4937266994672576,4.442056672078986,3.4168208031858924,3.5136779760793395,3.422950469615208,3.4598775981543377,3.6033947089247125,8.309733306899057,3.4052358803199736,3.574327846807942,0.03554442450050556,1.0739842908680692,3.525200385118956,3.3910727456819374,3.3981615477512603,3.396681038369259,1.0045920197605918,0.024785432034829982,5.393048228379842,3.3899347403651494,3.4653090984092874,3.4930091410302966,3.500202144652131,5.39570694858485,3.3933774736163933,3.3958012138790394,3.3926528197986117,3.3980802659796376,3.406597054864833,3.4044095456718217,0.007004828246108145,0.006587566043029961,0.0006233528015168439,2.2830223018302168e-07,0.0006234572538468527,0.0006230875568777186,0.0006229455957494279,3.390591157148675,3.394604692039007,6.397504596697809,12.002748832753115,3.3915172540707825,14.391921490365833,6.398480110321287,0.02352840760642277,13.418541424236775,6.399745936143122,0.017380564391121064,3.3963556393317798,5.3899311714452445,2.0278085081841235,0.02352777717512211,3.424087435367955e-05,3.389620572162803,15.392362558178986,3.394612481963372,12.449305442660478,14.449462259001384,11.124930860735173,0.3385410024654866,4.39871240632422,0.401171095112724,6.530694792906914,6.5190290335838155,6.397301909407099,6.530691038019576,4.406663781660267,0.19963126014804577,0.23018914361977544,6.487481017702554,5.398283659513841,5.398022211187957,6.397895517678245,6.397907032819653,6.979121664128717e-05,0.01757281097747391,0.0012679019871329816,0.013640169905651901,5.422067883391284e-06,0.06158464494312491,3.4237420059605586e-05,19.48782505059242,14.430853684202711,22.77529400109137,24.01135102583374,12.467777138155256,28.77199870120392,20.373202589056568,20.406432951080646,12.430895832588957,19.430029464676615,12.42955886556943,13.447315220730818,17.00683079455893,3.497477500144379,8.200273014983387e-05,4.405098428757633,3.39072179933782,3.4974775011787633,3.4189791125790716,15.40020703302249,13.450427385365701,13.065209380532409,0.020223686264880882,0.0006861470146119151,14.39175095544904,4.4078326885003865,1.5220395120527816e-07,3.4007462958348285,0.019701106494892068,16.402450537431893,3.390698719997941,6.398507338203352,3.4123227963798937,18.422831290174976,4.393960308157355,1.7451586918250003e-05
0.00019195456593980436,0.000228513383562204,0.014150587191593143,0.004850205617963979,0.00016578584740469692,0.0007688838149796575,3.031280295758278,4.074017886518336,4.05126005721054,0.010360673888265863,0.0376175525568243,3.0366034002023383,0.0016264432538954138,4.019158878938708,3.0015353122095694,4.015095850750121,1.040420924047751,0.0280983889835484,0.0001430087570779007,0.002079303033131761,22.956358398187266,22.252103189648412,0.00028461480366384666,0.0020789412821813937,0.002078815287036904,3.1204424919481393,3.0583412276702955,3.0567078499295013,2.051788518737499,2.0810435928306843,2.0773524251440967,3.05495762903396,3.0550844364843104,3.0549155010103606,3.035395605244958,2.034394352069187,3.042402797536991,3.0271705480575513,3.0514836295389065,2.0206102934705927,0.0020815267787802783,0.0020808674261516623,0.014150644691722853,0.002078706201466907,0.0071333679471914805,0.002078699989125338,5.058167932550424,11.089820459834712,4.041075536901443,26.033902695194328,1.0025918814197428,0.0026013082839828313,0.002598011629760617,0.0026005760506316107,0.0006601807046981885,0.0007602609640582231,7.817457262220745e-05,0.000729419152217532,0.0007276423434129706,0.000727663142770603,0.028075274512542676,0.0033451784299997145,0.028084665052662734,0.02809266243050699,0.028089927631215508,28.331499485231305,0.011848734287340363,0.012548516498564486,1.0172258975310942,0.01704677748095138,0.03932680238294637,0.009266900790236187,0.06828396936793733,0.002480588279964149,0.011075706985740081,0.005481382149575395,0.0022509549955001453,0.01629128982016216,0.0025083284014605516,0.002120986758262745,0.002174815878715749,0.002132857391017587,0.0022396916794516883,0.010989294072413815,0.00207886038576258,0.0020804594873415497,0.0020819171467193758,0.00526379115398682,0.022557462178058454,0.027207176468195052,0.0021334988628831045,0.0021325316403888036,0.0021177061580413136,0.0026258180116121646,0.04869287975403666,0.0021768959256472575,0.0025201014817574606,0.0019121310611340753,0.014454309899757857,0.0021356967314251096,0.002080086077807857,0.0020993237838374448,0.0020852756992284175,0.0019115522649765936,0.005273917356777566,0.012575090638934965,0.002079380224637246,0.009313467404452255,0.02777965146081271,0.050805767593628585,0.004487604978699383,0.015537716748098663,0.0020825025728492485,0.002079754421842903,0.002081343955481777,0.002083651029452055,0.0020835125718759273,2.27244035664299e-05,2.2098172281033e-05,0.00028480381323690537,1.5824692950349614e-07,0.00028479740855624324,0.0002847005622781633,0.00028460348617559455,0.002079868294784297,0.002079410636480328,0.013115115138776492,0.011632922637824299,0.007079580187240275,0.008479170346328089,0.013116554571142545,4.052435929652949,0.01095436728867932,0.013105484451253344,3.0472803398750212,0.0020838431215337723,0.0020790951818172618,5.540785624370927e-06,4.0534706117968105,1.2530663020347983e-05,0.0001909088295122439,0.011811838915052093,0.0020796226458568113,0.021092706506852715,0.022204489610999408,0.021665562546513598,0.12574184460756904,0.009913106328903567,0.13617898721325006,0.15066684267439423,0.14090019228857495,0.011214570112820035,0.2254146222679831,0.010449774867249817,0.132977641640081,0.13287066014048868,0.1882889022807605,0.013088650576749133,0.013088482264022205,0.0068509585432208605,0.006851045087418418,0.096950896676822,0.1321799812994794,0.052721062532519,0.15580225063369546,0.0002542157174338699,0.006403628942133093,1.2486707371989379e-05,0.028462667368510844,0.01329458611523604,0.03673302125844485,0.027230046330917444,0.01568554712224833,0.03879859765068516,0.0270166652625444,0.016720254746189635,0.010998659685708458,0.017709948292103577,0.009777049263960792,0.010271479110558613,0.017483251179858758,0.002097921266699223,1.2391721803117086,0.0021204963670708793,0.0029383772683560876,0.0020978923812253435,0.07464896852445378,0.014984792742556891,0.019888878534589916,0.02305992635437573,4.037646185137635,7.676398466541428e-07,0.010635285421160363,0.0021280784148127434,2.2650158395470208e-07,0.008354616272387545,28.184672535632142,0.014134911515811043,0.002078844035186206,0.013116613049617358,0.04215058533653309,0.017676679130450974,0.007098157865519285,6.147874862636203e-07
4.001175992211055,4.001197063915348,10.00689301002959,0.005774464472007643,2.699912241507881e-06,0.33156134366605533,0.11142469193844817,0.1167022314496377,0.116746218209268,0.004230778273534114,0.006021846790268879,0.11171874463818476,0.00015540290538252501,0.11301553671876174,0.10725145934257095,0.10805262156464278,6.0344987256510185,0.005512380207908256,8.895434006745471e-05,5.00272779519692,0.01709624409860332,0.014136770595574479,0.001589262774657519,5.002726413692061,5.002726500951241,1.0548805455858767,0.04282550222548095,0.046504093583539616,0.03337417576103603,0.04969261364324754,0.03335612396187213,0.042459531541507216,0.042731338336506976,0.042551464537776806,0.03852630579576335,0.03987699068732553,0.025317196534595222,0.03783057463381153,0.04069422795853297,0.02192244561565075,5.002730355246409,5.002728884445688,10.006893007433064,5.002726398980659,19.00296234276484,5.002726420192595,0.014492161782604623,0.015567731239802277,0.014181639551681693,0.12299650521975354,4.002060739729086,4.00205130177553,4.00204895522862,4.002050780186253,3.0004623941554245,4.000629462075468,1.1776182591071214e-05,3.000468822645599,3.0004675254542024,3.00046753683272,0.005491026539183886,0.00030778333718389463,0.00549172237075373,0.005492597014873292,0.005492363907266771,0.13377295886733237,10.004822583563406,10.005509956972864,10.009927189481264,6.008784623862053,5.009733772201793,12.005929443853068,25.23034745748975,5.003553283065202,24.02937374091753,5.005927685889002,5.002732730559545,10.008757028457184,5.004625163111844,5.002744801948826,5.002773060007962,5.0047527575495145,5.009497139739591,11.225233943620037,5.0027264958215945,5.0027292989543275,5.002730345437472,18.00142463273216,5.012223999587603,5.069184819798768,5.002998515214595,5.003146201095927,5.0029480794895,5.007381739178456,11.234329129166055,5.002919115161261,5.006428646333934,1.0016498783455132,0.009843251420572609,5.002997642511472,5.002733349744979,5.002803790156123,5.002767407226419,1.0022305093040098,14.002542137846458,5.007137830958124,5.002726424151804,5.006450960889072,5.014122153325436,5.035000466743223,5.006420522330554,4.005849944511986,5.00272880979687,5.002727274205891,5.002729972917653,5.002732673721245,5.002731996065957,0.0008064488156875864,0.0008053618845109448,0.0015907980093897663,8.432551264062907e-07,0.0015911758626972333,0.0015898154843615095,0.0015892930515485557,5.003298484784123,5.002849748967537,24.02031460180296,6.004421004320981,19.003362738587658,10.003263915899751,24.020317279049955,0.1153380639640146,7.004746267858618,24.019534282969307,0.04049501486010979,5.002729430878959,5.002768644864497,4.057202121184548e-05,0.11533320383233425,0.0007858151677896755,4.001175416475046,10.004810665114633,5.002969626890771,17.059561523230347,17.06109504423722,13.057828608883753,133.25504186892192,18.017448344202617,145.86758284494942,151.05053912136248,143.30240941131515,21.017935353262878,134.24277867183432,18.358700658070347,136.79408799633478,132.9979568177894,106.8099295809957,21.020307977537563,21.020307375441224,22.01701054608107,22.01701057201914,1.0004720884785303,1.013729153815257,0.004158224136498919,1.0085663718586886,4.246548071090053e-06,1.0047694463039694,0.0007858063984718685,7.021290076327232,7.007068400170736,10.02745321259987,7.02267902817644,7.007748794515772,10.026379749757123,3.016123307791097,10.00838518544774,7.0067298652847345,10.00890993623598,7.006283607979674,10.003458514738943,6.007721285247185,5.002748593088936,0.0008468059951150128,5.003038900673436,12.004879864554251,5.00274859696594,91.61172741636186,13.00850893799245,13.010849050673807,10.011589212261082,0.11325045905628896,0.0010518480314061838,10.006352116455716,5.0030416479586535,5.617645914751538e-07,5.0061575974916375,0.13515299397587066,10.006887317348227,5.002726594696389,24.020317713649277,5.003654041279211,7.008896735180933,19.003591020241018,3.0518285355754807e-07
3.0044409790211293,3.0048844008984297,9.052141450095357,0.03523061446619638,6.475426256791447e-05,0.32952198832143287,0.020268398194946444,0.03680506089272381,0.02265940642559631,0.01129411204863277,0.018348704471250452,0.02128973398255068,8.894373319192428e-06,0.007818917902432183,0.003734046458041867,0.004461789032008649,6.047802331707311,0.04598935188450026,0.0002762905167445392,3.0055776116170794,0.04949280340040282,0.04656114176005037,9.040374861637834e-05,3.0055758601701275,3.005575957468344,1.1526825800530136,0.09116777115718036,0.07946751602583038,0.09133322259145417,0.10194929489116022,0.067511192971425,0.08797981390393715,0.08859542548167558,0.08818777303945355,0.07495478086867087,0.07135944191873747,0.04295860543158055,0.062104292786838745,0.08372036683414068,0.021024884976361857,3.005583730334705,3.0055795119661184,9.052141485241174,3.0055759370372033,17.01004157214906,3.0055759482377424,0.016418747131707847,0.0392028655342293,0.01549582109691427,0.14282774481849406,3.002189441096349,3.002195543843682,3.002193190593307,3.002195016434116,3.001022353597041,4.00104648889797,2.72755866226632e-05,3.001034123169096,3.0010318494774055,3.0010318770750324,0.04596185554465866,0.0038105136627661434,0.045976146104423306,0.045991092342173204,0.045986547479188955,0.18163667650801252,9.05065477363111,9.051066628869318,9.053020728517788,6.048682646315584,3.064102425222263,10.019973344329966,23.194038258380086,3.006844302161918,23.036572233067975,3.028624430304861,3.005624445761311,9.050236751079405,3.0119085069147804,3.0057584758842193,3.0060035002144687,3.005749820105194,3.006093343489152,9.027979538024207,3.0055759129364352,3.0055798087524477,3.0055840367455975,17.008915170719156,3.123589612579542,3.1524189984785127,3.0061515921196795,3.0064218502315967,3.006037891805362,3.014858762920152,9.47505714928698,3.0060827175537326,3.0129682091703556,0.0013731604797053395,0.02930446449593727,3.0061527354513213,3.0055916478478406,3.0057586278335315,3.0056618295365913,0.0016330537017469648,14.008267833172885,3.0150544002658477,3.0055758716646435,3.046862064911402,3.394435744705097,3.475830997360263,3.009646770542464,3.038966366272106,3.005588369717384,3.0055798302404204,3.0055829994237775,3.0055883864754005,3.0055866871360006,0.00037833082653844084,0.00037533454156922816,9.040401636613288e-05,3.171621215932236e-08,9.041227309738238e-05,9.039578546245295e-05,9.038386000516102e-05,3.0055777813866515,3.005578524572186,23.04357055564659,6.046271433661373,17.009957525731735,9.049170540518286,23.043577599954585,0.023158129929359124,6.049319470222574,23.043246812700005,0.08353130540031814,3.005592536011914,3.005576695175417,1.6446628896114382e-05,0.023159241347870924,0.0003275397524176947,3.0044407770736425,9.05038493874824,3.005578597446901,16.064346548156454,16.0641809787889,13.059306322207908,135.14469411161588,17.015555261205527,132.84069752195563,151.69104653088084,146.88673758586165,20.04270472250548,138.5218237913247,17.363650117468513,138.98327406986675,134.65503764420865,102.31916483249195,20.043283574224322,20.043281786155564,21.040151638355173,21.040151721356164,1.0052823294055502,1.1572436116916311,0.02815210575719046,1.1430476367587816,0.0001072191792646103,0.03686741073020464,0.0003275429896808333,6.103001749289846,6.0513154756537935,9.120421390675046,6.07975261499306,6.04871720663283,9.121152868824021,3.110517170919771,9.053498990973306,6.039579791337763,9.054455131701546,6.020330699043284,9.049557519355062,6.049769784337332,3.005636128565372,0.0016333009590946451,3.0062415739823107,10.007132554156149,3.005636130186886,97.22016905631953,12.05804372378914,12.086739331426681,10.084232921777588,0.01770715204319354,1.4003352279752885e-06,9.021307602766614,3.0063122385474705,1.155751734918078e-08,3.0211711156832703,0.14490775913812556,9.052023334159264,3.0055763467693244,23.04357790306602,3.019073799441614,6.054159022832993,17.010446948059297,2.7611265554425715e-07
3.000399076765699,3.000430273543406,9.004059889056368,0.004533668972408752,8.212182905459603e-06,0.2950436570943689,0.028427877183746616,0.03515780669423403,0.034100821628512606,0.0031204465626692365,0.004541407541419276,0.030014937231811558,2.760563733517432e-05,0.030884422359746134,0.025771149967939146,0.027325844405122795,6.015219833659707,0.005647368767817794,2.8730886682332954e-06,3.0032092261041217,0.021528265796608305,0.0208352482171359,0.0009743419438836631,3.003208273300416,3.003208361325737,1.0511876652871908,0.03982372049456077,0.04175468085015402,0.015215092858115816,0.04679118625729743,0.04390624443319281,0.03988193973507191,0.040169441941321715,0.03997378948549984,0.034578651988278974,0.037018451281025405,0.0358280106624763,0.03356615039398913,0.038268182616585746,0.030759438802551782,3.003212546591039,3.0032102287803966,9.00405988966769,3.003208313461918,15.003347331823823,3.003208324917823,0.028683279352428287,0.030132565565882848,0.027720223310603337,0.0446603856607036,3.0054227213286215,3.005203864592121,3.005195769892086,3.0052020275845917,3.002264286432193,4.002361596091034,7.014070587640591e-05,3.0022846906650305,3.0022772877344077,3.0022773715862057,0.005642100595804178,0.00044625382241524704,0.005642937897411252,0.00564386430994508,0.005643589752613086,0.06093784745882854,9.002524819298438,9.003638645426944,8.00727863033357,5.006648580548197,3.0066071583446328,9.004115388911611,20.136482374337795,3.0036045145831833,20.009793056510755,3.0044691696089383,3.003216859393803,8.006457481106326,3.0039591772998,3.003222813302366,3.0032456499793705,3.004225926077471,3.0065872676341865,8.134129156412547,3.003208322903499,3.003210207699352,3.0032126164706137,15.000568400904076,3.0114407813224973,3.0442425347855746,3.0033701415798504,3.0034234527682604,3.0033335251937863,3.005553778432693,8.14219969407518,3.0033531922071655,3.005078772402541,0.0028643599061369584,0.013290464340161175,3.003372330600539,3.003212058276918,3.003252793641429,3.0032302728832665,0.0028489097278513575,12.000768733545076,3.013515236597396,3.0032082861233143,3.007621005114017,3.0128559454794335,3.0265593705615284,3.006103160869519,3.0136874178398085,3.0032106289429117,3.0032092974620235,3.003211532120956,3.0032147306254386,3.003214089372169,0.003270729011379285,0.003269896632014768,0.0009750910801821277,4.2470822928972807e-07,0.0009752899718532287,0.0009746134021150761,0.0009743496799320195,3.0032135893460743,3.0032102734247483,23.01892477286324,6.005356761966418,15.003348841928272,9.001443382043414,23.018927761175956,0.033861769507634996,6.002408505157473,23.015690133071548,0.037931318424372626,3.0032109142107974,3.003239458489048,3.986391279174142e-05,0.033861028408839214,0.0032375417816280947,3.0003988887479487,9.002518122523355,3.003211199398826,15.013828810350692,15.014198389742043,12.012465125344642,115.90227049080576,17.0121724065556,113.94244281526282,132.2825664129964,127.53961269201616,20.012752845500653,117.42773980584982,17.306404589142293,118.75867926861844,130.6113319026971,91.57139501300293,20.018924504216233,20.018924108765518,21.014192209969796,21.014192232943287,1.0007285442250744,1.0246743819887894,0.01866301415527393,1.0090020080771536,1.3048591999506207e-05,0.006142176094530166,0.0032375439212175734,6.009889942620239,6.004160558245563,9.013996314268551,6.011809320583891,6.0047151780008186,9.013284600789692,3.007781806126127,9.005831508507404,6.003826385863494,9.00635319448617,6.003585761714329,9.00211400732561,6.005947997962849,3.0032418546610153,0.0020889203560012885,3.003253500249383,9.0032648302654,3.003241856154502,84.70968606118979,12.007906561285166,12.012291214936814,10.013592855365383,0.03169011175694588,1.2349581080866102e-05,9.003699737819968,3.003256598715024,2.7966175806442737e-07,3.004586796835301,0.05711733871649856,9.004058067682998,3.003208557907534,23.01893060818653,3.0045130457874207,6.0063486451832935,15.003384257687452,2.445776711814692e-07
1.0132647178203098,1.014168774761905,1.0580496455769277,0.0639844071016482,3.531114872155691e-05,0.0011045438195373502,0.054445074891544105,0.07260502279427461,0.05996195109157075,0.014060049418618333,0.020175651590236453,0.05798885248168798,4.9727884014178096e-05,0.0440299250954507,0.03967176936733774,0.04020030450969836,0.016149564622124045,0.10701931067061346,0.0013673735774194797,2.0136910614449413,0.028517857148535775,0.0270698247538618,0.0001862779590389978,2.013687434815549,2.013687415391554,0.09429964448375808,0.0496018449619199,0.05576606661879417,0.05696119742372481,0.06431663848955699,0.04734823924437501,0.044306151266278834,0.044578340217780205,0.04439528214276183,0.04036187727233979,0.033375795162872236,0.020080944584003405,0.03435087094543658,0.042501426578969964,0.011722883725043202,2.0137121468522774,2.013695695914476,1.058049691968697,2.0136877668964095,2.0245314761775455,2.013687744397912,0.010237011464281996,0.014155507146011022,0.00992188704106023,0.08586883427868483,1.0021178002544244,1.0020316660514124,1.0020293355217753,1.0020311167900813,0.0015714620578045305,0.0020030834923623507,9.806031315675615e-05,0.0016399718392419039,0.0016343850575761632,0.00163444222955277,0.10701383563367821,0.001971147031917741,0.10705144482117017,0.1071056984306814,0.1070917855795141,0.10663358874855193,1.0577258160923981,1.057637400152539,2.051838208566228,1.0387796698363465,2.0817219399938383,2.0237096916668045,2.068596649105462,2.014664259229113,2.0682917313038787,3.0605347770957123,2.0138436705076885,2.049691592937443,2.031334218518285,2.0138747954206475,2.014203439495608,2.0139370420837324,2.01430406764916,2.030450600487969,2.013687420122243,2.0136938800141784,2.01371343089165,1.0243148161940268,10.913912235335072,2.175035196627416,2.0140728349655674,2.0138940527565383,2.0139302881405845,2.015372342354212,2.123322348904361,2.0142767209949946,2.0150884491275987,1.000655215228568,1.0598157690862695,2.014100219760137,2.0136987249516856,2.0138436478870863,2.0137253825427486,2.0010703320591428,1.0173131390966317,2.0285541788135633,2.0136874430126683,2.0462894628864348,2.1203614828817847,2.1294987638691456,2.0173619247593226,1.0477975580889993,2.0137191345769674,2.01369809224768,2.01370657169253,2.013724836034848,2.0137199594839563,0.0036752786317038925,0.0036735194291196704,0.00018633630135745817,4.77285952120652e-08,0.00018635662387012013,0.00018629452074683843,0.00018627009319307602,2.0136923374788402,2.0136971515828015,1.0314662726065258,0.04776472336353369,2.023065964211325,1.0571241201900157,1.0314715852634284,0.060625763940513874,1.0571553851826503,1.0278501813970302,0.042406370801791986,2.013728937763033,2.0136892585442694,5.920266056825833e-05,0.06062450966046243,0.0036236418073200597,1.0132935669677787,1.0574060629748907,2.013697281350327,1.0739590003362658,1.0725919545411788,0.05808775216269513,0.26996103798415066,1.0235016180608805,0.27308000115162623,1.2980619513076823,1.2743428816208155,1.0276582238626757,1.2709982852015256,1.024562343808877,0.2583191564055232,0.2586873239774994,1.1782310963560374,1.0313816171924246,1.031380633597955,1.0273013162670652,1.0273013650503864,0.0023909439220982875,0.06474956155049157,0.019156270259277797,0.08162343248628007,5.244999176657418e-05,1.067952438876488,0.003623640667112833,1.075277234017277,1.057566069611666,2.116233236190286,1.0705272101331533,1.0279185310041903,1.0921992441778623,0.09863989268974305,2.0586714034043765,1.0518671127446921,1.0592656836032048,1.0207084569210845,1.0572989489472098,0.04568902339677952,2.0139093404375705,0.0006050997848802949,3.109796841771893,2.017590948284499,2.0139093395960335,2.166947004961762,1.0813043925420724,1.0924914784425974,0.07973653477002833,0.05030567165266003,2.4702402941975657e-06,1.0208383911305547,3.1434720639927844,2.6853410323544683e-08,2.0421096049327656,0.08807553789140248,1.0579099148689288,2.0136890592717482,1.0314749635324012,2.0430383409149866,1.0591553149070836,3.023689757347166,4.139740061485006e-08
4.007206480249105,4.007223885925886,12.027052019163717,0.0027425331947138975,3.190706740653971e-06,0.3529048602590874,0.08855889490113407,0.11092897092547603,0.10894235284653894,0.02165408096024576,0.00498947227591007,0.08754808217914366,0.0001285316124571989,0.1057655239703644,0.08444909148185718,0.08479458734513139,7.0427202758511465,0.0022430585296704508,0.0006909571305995185,4.00911782674317,0.016819100999555605,0.014381924855934772,0.000782084475214488,4.009115828187478,4.009115931810298,1.0717261367408006,0.04113321100149568,0.05236246122498052,0.0534534851339049,0.058696109458356675,0.03215828944758807,0.03950121163378704,0.03978491839933111,0.03959548684364483,0.03264277784783717,0.03662561761168869,0.012546472149303016,0.03156835895092895,0.037527111427988306,0.005833040097321253,4.009129014266479,4.00912002753385,12.027052026003032,4.009115993218818,16.009524502998424,4.00911599403611,0.015042957318702622,0.01997932941376671,0.014642325235600998,0.10600096054128878,3.0036315330964203,3.0036082712406738,3.0036034216123606,3.0036071919741807,3.001620082622201,4.0018881974355995,4.6973525025539536e-05,3.0016355367812344,3.0016301890167916,3.001630243603635,0.0022180620773015283,0.0001902608524494775,0.0022182726036634984,0.0022185093901192117,0.002218435863982462,0.11482429161566499,12.019668331776474,12.021433038712793,9.028159770664017,5.021031774562499,4.034116885284503,10.014502547509462,22.028452213947023,4.009597564566657,21.056831020154046,4.020484471228573,4.0091412340546375,9.027218567247214,4.019353016916202,4.0092033015173385,4.009362747758863,4.009208288189237,4.009306659463342,10.01183496820195,4.009115894223934,4.009119133357947,4.009129546526192,16.007632985520527,4.027945751841039,4.016800529637104,4.009264665621122,4.009170156913186,4.009202832834792,4.009547970145244,10.041046935766765,4.009141861993653,4.009475842471057,0.0019531127131915754,0.001328667833336534,4.0092774390277235,4.00911751784069,4.0091327339827405,4.009125090480091,0.0024912095485741335,12.006687126349096,4.015072164054185,4.009115840423919,4.023999546750925,4.027933679222329,4.043635039940619,4.011996200288363,4.009024100385667,4.009123665243106,4.009119189043363,4.009126156071156,4.0091357928906755,4.009132924848367,0.00019654145466947338,0.0001946111424943854,0.0007826445671851798,3.302459299106146e-07,0.0007827958626055468,0.0007822839628816166,0.0007820843846474952,4.009121347092633,4.009121450360408,30.032575496372097,8.012541558424155,16.00943650691336,12.01328263608577,30.03258002432203,0.1077803608609561,8.019654605638019,30.032422056923245,0.03748901255780042,4.009124860377398,4.009116211187295,3.146319954182891e-05,0.10777608768003982,0.00016403856864247778,4.007206266700901,12.019583899218535,4.009122145415266,19.49751215397319,19.506166580339436,15.498076110099195,126.66111726187924,22.03218640017227,138.31118542694583,149.39303067246468,145.07917747670857,26.03162726743634,133.9894249483229,22.350052659582026,129.69346494663304,126.14527572736046,99.48600552609578,26.032573378354474,26.032572857183602,27.016072401092888,27.016072455221448,2.002654151160567,2.0138700954333983,0.00502233941145103,2.011660249478923,5.3960007466009864e-06,0.003972142917535331,0.0001640399422835764,8.066314993995586,8.027417684797719,12.09346344763833,8.066271857131868,8.036573564850178,12.079657863034024,4.053860126277728,12.030292937797812,8.026987607412652,12.03548747475517,8.026667554870446,12.014183149439042,8.028182927570375,4.0092359805185245,0.0009642624576073428,4.009722438003145,10.009202183975264,4.0092359815308996,96.21127361748954,16.024446843297124,16.03508064862578,13.034290907815462,0.10686366828498711,9.775407257166982e-06,12.026622871374435,4.009731843595922,2.130418384027613e-07,4.01277468197414,0.12165505425105269,12.027008651545923,4.0091167248333965,30.032580187690755,4.0100421486587585,8.035452282459389,16.010006266849818,2.826544691326451e-07
0.0011442866179569744,0.0011467164277873412,0.0019811733737417,0.001708310559095642,1.8574700053552337e-06,2.0855011544396545e-05,54.18417233574292,81.10278586173555,81.41657381876595,50.98843727313002,64.9508918717285,58.11837220637437,0.04873758758991679,20.16351775672348,6.037992822883778,10.024952756587853,1.004642788397577,0.0008259534580655579,2.0067929244340915e-05,0.0011652499610777232,0.004040522500918779,0.0015616864536170097,9.404268150643256e-05,0.0011656082254269525,0.0011654173896337426,12.015533896266684,12.013750563716924,12.013875001184232,5.002153766848316,12.01426910190798,12.01362675515525,5.001524681744541,5.001539625699437,5.001517803750592,5.001437647200159,5.001192505654191,5.001003639034404,5.00117332795238,5.001405753668188,0.0006206570894045174,0.0011661898906862335,0.0011654885691032163,0.0019812100754685404,0.0011652829722607748,0.0073456235010625395,0.0011654253968257818,0.0005070897408248763,0.00098022626856886,0.000526375368261527,6.005736598011445,6.554413450525059e-05,6.543417253734345e-05,6.541532550566529e-05,6.542752399225933e-05,4.350616631986527e-05,0.00022381597163562735,8.570144809881943e-06,5.166362361609247e-05,5.117804972606933e-05,5.117938203435712e-05,0.0008243503742123091,0.00014044440612329877,0.000824413010294809,0.0008244823254496346,0.0008244779832886227,10.016791210695729,0.0018649441720136825,0.0018495304411544754,0.0026232558811889522,0.001492234404388572,0.010784996119498541,0.0026232313200782844,0.010079444146343347,0.0012154247271696777,0.009088763436131252,0.004119437056000779,0.0011835182656826006,0.0025284389128507603,0.002251856445649004,0.0011693835731681529,0.0011774230860961837,0.00117209791368625,0.0011797089496780884,0.0016128353380877075,0.0011654111468068556,0.001165388502169737,0.0011662740058637293,0.007323977568773493,0.007296019193699932,0.0039885300912776344,0.0011761656801482267,0.0011687239238336047,0.0011715267604787479,0.0011913814636004775,0.004774815130461565,0.001168809131356538,0.0011873486198823863,2.5526462382057216e-05,0.0011345603138289227,0.0011770838269288691,0.0011653468402384173,0.0011664528410557514,0.0011657571152068318,0.00014907733973238394,0.006398992138256083,0.0015151464291208218,0.0011659921029046577,7.013063449260801,7.0161945854156285,0.0035028780710408013,0.0022776453342872862,0.0020890407517979845,0.0011656154642692886,0.0011652659179530033,0.0011659452004796217,0.001166704987669048,0.0011665317339057824,7.382490009542907e-06,7.343036920226206e-06,9.397322369411349e-05,1.0823670891417613e-07,9.397668693651529e-05,9.397826162099008e-05,9.392121814184658e-05,0.0011668464667656305,0.0011655313481481295,0.0014729374710036006,0.0007252563141681417,0.00727419473530801,0.0017213851518329713,0.001473040883957201,80.96275376582001,0.0018316427954056078,0.0014666994183044862,5.001398785882403,0.0011656568940659382,0.001165108268067595,2.369496797656531e-06,80.95956903853195,6.7817709481272075e-06,0.0011434229488057378,0.001862251881051467,0.0011656769817002545,0.005087468902776734,0.005064431428094459,0.003498359484202385,0.010710404252497072,0.0013630357839842558,0.010861494067682106,0.012262393775328319,0.011784140664682212,0.0014446865047951893,0.012258792873519376,0.001383985800722458,0.0105686775905174,0.010618045370298326,0.004419438032829629,0.0014696406095114592,0.0014695852507590026,0.0014562291618384399,0.0014561923173753823,0.00045950645751366843,0.0028416426021571654,0.0006436172992206547,1.0071300813034596,2.375107816905651e-06,0.0010866376238521651,6.738256402472246e-06,0.0035289539790834858,0.0019509245666409548,0.005584970477654238,0.0027078383604008695,0.00289121916520195,0.0039045790357939893,0.0038830868464547505,0.0022295882097234927,0.0017562427452593639,0.002275436399838801,0.00173346988623481,0.0017355743215442918,0.0011291731087484389,0.0011740226857328458,0.00013045642498248671,0.0012956710457524513,0.0060333802652359145,0.0011741369297062717,0.0095681620087823,0.002253208918764273,0.0033950335975506418,0.00239982734479314,64.99014152759743,7.263219254840732e-07,0.0017628063199309795,0.001297093872900709,1.541733692636486e-07,0.0016121215819601337,6.006248496295994,0.001979722771838005,0.001165228591357225,0.0014731083254200849,7.008817272588005,0.0022713771159545136,0.007395248483615746,7.205797005536792e-07
1.0051759795208035,1.0052242046675492,1.033400605544979,0.005571563511924424,9.652576518733819e-05,0.0009683345236257091,0.009651368864146796,0.01762758699907427,0.010490171612547347,0.0043562515227035985,0.00956551644969147,0.009864267737122134,2.6231155835274146e-06,0.0023401180422816564,0.000969192252505,0.00127662488445351,0.019959748131026092,0.07083231544759043,0.003538449416677601,2.0056766276570315,0.007806991012641786,0.007103202122294474,1.4429462510284088e-05,2.005675123615604,2.0056751178724155,0.06392603907885921,0.0313303695194294,0.03389470068655356,0.03439278686401032,0.038296405395228966,0.024158308052684072,0.025163993129988172,0.025325910180798165,0.025211438108051317,0.02352015274815687,0.020986841360794845,0.008533561221963177,0.019995685681956574,0.02419419767989919,0.004175637709520876,2.0056834377303616,2.005678118665783,1.0334006291542444,2.005675219223659,2.0143737121077834,2.005675220572106,0.0036101134177824092,0.005866353489951357,0.0034795381786681657,0.04149716934950338,1.0035502559145144,1.0034680413572616,1.0034629141412037,1.0034668616346187,0.0028859220104713195,0.0031078795225844267,0.0002903252856429541,0.0031080811789479185,0.0030972773541280553,0.0030974001419235057,0.07082355936604626,0.036451594598127385,0.07090731744252762,0.07088531645434493,0.07087310136691079,0.053520681719201144,1.0333645149673636,1.0333961242107248,2.0425183668757776,1.03732650336313,2.0438802398451297,2.0143891909599625,2.055293657331381,2.0063450035155435,2.0447720638632965,2.018576504444043,2.00571043961052,2.0408075524114757,2.012772042601769,2.005815424147751,2.0060155807247857,2.005737582621408,2.005812845795474,2.0094142205213905,2.0056751359403124,2.005677909031964,2.00568378110835,1.0138772549376271,2.0686729492529237,2.0399773582044425,2.005942631668097,2.0060165606336096,2.0058788193810195,2.0094035772297696,4.231033918954809,2.0058695257954637,2.008647911059128,1.0005764139203246,0.012811949344261124,2.0059473235352594,2.005680241326672,2.005722378656291,2.005709427043376,1.0049472798537376,0.010444162249799951,2.0160923731227562,2.0056751217550572,4.213455557261022,6.6350121480913336,7.0225302182503695,2.023465964075543,1.0259703726655311,2.0056848205424833,2.005678457775785,2.0056820712179286,2.005688267098032,2.0056860102130414,3.924854524062381e-05,3.862094303433911e-05,1.4392514146620437e-05,1.6158610673500716e-08,1.4397572821512677e-05,1.4390461761128083e-05,1.4383699124067504e-05,2.005677979906137,2.005678235399149,1.0148686071721729,0.0280621019729092,2.0141990993928753,1.0331640776877389,1.0148700964548063,0.01084884351202731,1.0322722490328273,1.0148422964847006,0.024169991447624863,2.0056876491325637,2.005705062162996,4.785780308972643e-05,0.010849087577740255,2.867162880659924e-05,1.0051759413845942,1.033209508071202,2.0056782529386887,1.0369694571530208,1.0363818798079272,0.031122684159079712,0.21496158545813576,1.0101280891439417,0.21775151183466515,1.227719961319265,1.206033821891671,1.0145997092020773,1.26851369492272,1.0110860481871164,0.2009809501663328,0.20397937024878987,1.0694093831950775,1.0142594510708798,1.0142590539013328,1.014705565457302,1.014705579189003,0.0004944690781993726,0.06254223474951913,0.01365650744047155,0.04835742497503624,0.00010962181123886708,1.0078316495735429,2.866965687320055e-05,1.0564838564152044,1.0324333545622482,1.0819678531879144,1.0440089715102876,1.031539452997077,1.0676888388234105,0.07095904892408302,1.0377951366584068,1.020711212522909,1.0334983016792605,1.0178497153997605,1.0333578984004854,0.028190335354338528,2.00574444525665,0.00016152220054427524,2.010199868105668,2.007042257267674,2.0057444472265935,2.06870950878969,1.0468972664894636,1.0606897895889031,0.05559846693151901,0.00750259806025433,8.311160535113157e-07,1.018737561498609,2.010230776000148,4.850757921462252e-09,2.016439633999812,0.04271003134710531,1.0333382704206384,2.0056756189790717,1.014870146689386,2.014549120025254,1.0328944007595915,2.018633377069507,3.4038494932825244e-08
0.000377335198756707,0.000393449542438041,0.0023787901943919513,0.003649606908047581,6.969333362347745e-05,0.00029489446902584906,51.1551703668904,74.57025581516143,69.48586889580278,45.45252713767047,60.38740558466712,56.312493142068945,0.04615793972542605,18.151153294021444,6.0362470201141925,10.02734478312574,1.0938860470041,0.014503825662245116,0.0006819228496340415,0.0011455772578318627,0.03971598057154007,0.0368231944861386,0.0007767964830731791,0.0011457923919245847,0.0011455534507795204,11.028840224432034,11.010291697180273,11.020065714904982,4.006392741159618,11.021698567145823,11.020028118377352,4.008050760150027,4.0080984973820595,4.008053800454759,4.007401971775663,4.006061123915063,4.005928830162068,4.006320222150228,4.007793757980552,0.0042609847333778175,0.0011464582066235181,0.0011461555262597095,0.0023787840060865545,0.0011454464910442884,0.004546871606878704,0.0011454977662516792,0.0043598606533619315,0.013477215147838529,0.00408309991192707,6.0450132333146325,0.0024699343494157975,0.002416520426279712,0.0024135998046483213,0.0024158563931880026,0.0016006230366035904,0.0018813647010456024,5.9936489552613715e-05,0.0016290960019255364,0.00162389531158659,0.0016239472269348862,0.014424023539221998,0.00043300330382319295,0.014426990826823177,0.014431201400521386,0.014430100528356476,10.081936887976855,0.0022477222333651316,0.002216380778532838,0.007237024847548293,0.00679722462710865,0.018256394584074884,0.004021191644173424,0.01946518959526136,0.0012745822714875365,0.010338318225887525,0.006420839830397342,0.0012114762057133196,0.006854854646974124,0.0018104541919357975,0.0011589391550400657,0.0011771377586089833,0.0011903186152688395,0.0012887290140993848,0.01002849306067132,0.0011455918292430747,0.001145996323386851,0.0011466070631625054,0.0037832070909749323,0.017369858203594747,0.015909018581147964,0.0011703183235873553,0.0011726954500286622,0.00116368608493056,0.0014277544284111306,0.02841708524832271,0.0011966017041985973,0.0013727107531186734,0.0007797491688692373,0.008705151512113336,0.001171047846986916,0.0011460733042636029,0.001154102896896525,0.0011485522431732213,0.0007919003465256151,0.0034896436748084168,0.008491325507757871,0.0011461490620657305,7.004229824938807,7.01280885613124,0.012933766500947687,0.003377755402759981,0.009380343526911738,0.0011463006121852277,0.0011455888152110065,0.001146352730068739,0.0011472065835184757,0.0011471423072151668,5.183859178326693e-05,5.1737070904744745e-05,0.0007773136651849816,3.991562408002436e-07,0.000777459844613678,0.000776969249144116,0.0007767394317847899,0.0011461534905928008,0.0011456220670546563,0.003567447718429204,0.0019183694329198751,0.004515894637161176,0.002064168204002699,0.0035676861511361726,74.41874702843806,0.002105254840193592,0.0035178994884499325,4.007758815365556,0.0011465741315894232,0.001145618711550217,2.18897937151144e-06,74.41847978914355,5.0276827795688785e-05,0.00037657195469576447,0.0022450066750949534,0.0011457193556859097,0.01139241976806051,0.010459939867707893,0.009313580579561482,0.08239144348575139,0.0029424164353964773,0.09586696820650957,0.10062185485515898,0.09352812130859871,0.0032371763517671528,0.0710549136802119,0.0032334323009498133,0.09404445387241665,0.09328235031647407,0.06906461897387213,0.0034517740120700922,0.003451729035652681,0.0031330856369718983,0.003133062892159854,0.0026482501717656317,0.014743459633955949,0.006772266239676007,1.0980614067858514,8.538744783436321e-05,0.003626405156907203,5.024023116215829e-05,0.0053333474714750305,0.0022421794990939927,0.006476736608489167,0.0040614174132442135,0.0038282492576153138,0.005561671264094053,0.005154083018627691,0.003083578112580163,0.0016199233889704985,0.0033008348061175203,0.0015890629601564967,0.0020868051072571226,0.0029219884582151684,0.0011522854423210874,0.0004874157252694833,0.001181460070152744,0.0020011848430822386,0.001152399573738123,0.06710355327721258,0.004266385246632317,0.00650638374316458,0.006463369394184604,62.556065404863084,4.791137688754473e-07,0.001728608982857469,0.0011870342361295215,3.5677633209940136e-07,0.0031462893986880388,6.047775348046145,0.0023776446068920205,0.001145410740838273,0.003567741366405487,7.020138278328058,0.0031848954720092608,0.0045361735943636045,6.379955618755873e-07
0.005018036229721061,0.005017168134521574,0.005459123728460144,0.00029762001380077927,9.05062200234398e-08,4.184636944722926e-05,54.188154454169535,84.38822026780556,78.61508029228247,53.23527688059294,65.17549599618481,60.070687617900475,0.05617082757989729,23.203564446660202,6.046055503529392,11.030562376435261,1.0002388611212918,0.00015496795946131248,0.0029478108792099357,0.0050248001664023505,0.002711508817790974,0.00021025177067415798,5.035840349103918e-05,0.005024440456476773,0.005024268325149197,13.002475759351025,13.001718159483346,13.001840257057617,6.0014755312430035,13.001797423116086,13.00082269120293,6.0009915048653015,6.001013023313342,6.0009833648662845,6.000943913256547,6.0008636768267385,6.000695077222177,6.0009483467788725,6.000891968382574,0.00035882873488383207,0.005030766066747675,0.005025814590694999,0.005459139950840647,0.005024270790650392,0.005086240234023778,0.005024361319628286,0.0006649693150550405,0.0004883970903950097,0.0005108934279587111,6.004668989773958,0.0002830836385861701,1.29726331827496e-05,1.2871477271335716e-05,1.2912255278679407e-05,5.777113940214056e-06,0.00021933251984040055,5.8551071105366545e-06,1.1288734552060544e-05,1.0669295801601008e-05,1.067271028273828e-05,0.0001549518133662283,2.417451525354277e-07,0.00015494272214159702,0.00015497068554517815,0.0001549852162827338,11.014086977665421,0.005208871186864029,0.0054203738578129275,0.006308393860978533,0.0011115107354457271,0.013175295002530018,0.005585994668994006,0.006248231913473257,0.00512272977041677,0.014177826405384649,0.012523436746982919,0.005036797566071137,0.0059363481421705055,0.012461405955145936,0.005048034609459961,0.00511193466675273,0.00507001104079951,0.0051158849893642245,0.005605794414658805,0.005024290326803274,0.005025203728850464,0.005031109596072788,0.005079537778149617,0.006809958741900366,0.005295497999733572,0.005099446953668076,0.0050461641051208865,0.005067075982489069,0.0051790685206415665,0.013571090725014681,0.0050347210104210735,0.005156064105228388,2.8213813176518132e-05,0.00039597594097813066,0.0051063121380489655,0.0050247923911779305,0.005029057045238692,0.005028208580061004,0.0003530392378010376,0.0005279938297749944,0.005093073360590331,0.005024358541980994,7.007273346459969,7.00607668221712,0.0071268153701335045,0.005341158231426435,0.005312387955884332,0.005027477239337537,0.005025538129903244,0.0050289276690799025,0.005033998814732566,0.005032668273961737,8.014598615717e-06,7.74704324794556e-06,5.02590332159633e-05,9.766654797428565e-08,5.0269773653989704e-05,5.027901307587649e-05,5.024140682894893e-05,0.005024927392204698,0.005026790412140558,0.00541059497062005,0.00017758219344342197,0.005025140300533301,0.005144829654180234,0.005411208824531121,84.16981356420378,0.00520784861480021,0.0054086084426658975,6.000881816071074,0.005027785974328382,0.005048812900105131,4.153620321079875e-05,84.16607015681724,3.74448715099729e-06,0.005017243256658514,0.0051914613935713765,0.005026929499589188,0.006165710330667477,0.0062089297261627326,0.0009910638813089522,0.014751997607377842,0.005408335153509892,0.01313955792005841,0.02061095088095997,0.01952966204298976,0.005406889861336335,0.020265385298334434,0.005441040042750831,0.014906043963186852,0.014818794721631497,0.020336371677888664,0.005401757088899186,0.00540156373029094,0.0054053833234589035,0.005405351296493212,2.39323704599747e-06,0.0005377695611240005,8.765275035628686e-05,1.000239507942483,1.4710780619814494e-07,6.098544190380927e-05,3.7018945750257904e-06,0.009258511559895061,0.005471320907596391,0.021025040819532805,0.007437562729713269,0.007908817040301075,0.00804183674568163,0.014809949103653557,0.005906855783348111,0.005468888291694844,0.006037621804204698,0.005418207434547882,0.0051825727806468986,0.0010004742784986058,0.005088369346232137,0.00012862987228308355,0.005377186604033851,0.005024586271233916,0.005088482916951902,0.015845093804910722,0.005361293290323396,0.008047964870447743,0.0032091504060925103,68.5672112042784,7.087881970205583e-07,0.005395095362420129,0.005379034113780239,1.5054099566828748e-07,0.005253686440444739,6.004943823994301,0.005451375244107194,0.005024509503140531,0.0054113038366549945,7.005038306582068,0.006023689639931073,0.005370206037952835,7.328500620457268e-07
2.002437247583279,2.0024472805304785,3.010892282180576,0.004497779672015473,3.335233288431854e-06,0.00010959273565303137,62.178977281186974,95.2841834417156,88.30649696460948,63.243345773456205,73.19060664631816,67.08434316631806,0.05001135623762024,25.16369628239015,6.038587474365193,10.026762959150313,5.00446568820933,4.003338916049554,9.793910994948775e-05,4.002504788567816,0.007115394230069945,0.004599255937944915,0.00013938050252361393,4.002504491242406,4.0025047206136986,76.04268083335238,65.1663796809577,69.53857913882108,60.519329962396036,73.86569069288375,64.61550858217734,45.03292578330762,48.03355778171074,45.03356161446476,44.028747979699304,43.04242110742878,39.13986522645311,40.100459548035786,48.02370368663098,15.017005715777625,4.0025075323703705,4.002505863157595,3.01089211610667,4.002504049178892,4.022155340565879,4.002504148092079,19.03769771934021,13.03887979424484,13.009641687855117,6.010260623526351,11.000316459029996,2.000305029402442,2.00030486190354,2.000304991377419,0.0002344395815437602,1.000487030759096,1.4701380000463342e-05,0.00024676058855572884,0.00024571724332170047,0.0002457452924727733,4.003337732314966,0.0003310903025894954,4.003338153479614,4.00333872084795,4.003338577027797,10.0223022585972,3.0106326727474184,3.01071304734566,13.007979625378207,2.005564865825123,4.035031664899533,4.005654654800541,4.02897479396903,4.002750431062546,4.0280190603274,4.012663215159911,4.002598671266823,4.00747217391507,4.005661770380573,4.002520880128857,4.002552443974735,4.002523998870136,4.002545257701392,4.003523115116306,4.00250430432697,4.002505365943353,4.002507700525378,2.0220875058712013,4.035086186669937,4.010333971294159,4.002535648354259,4.002516759493771,4.002522694007201,4.002604921881621,8.013819836972091,4.002521872563818,4.00258797568175,2.0000795878793616,0.0038823980555444896,4.002538133258876,4.00250475226947,4.002508657255142,4.002505972838149,2.000523212229322,0.020262040302687336,5.005190698043118,4.002505098867443,24.337475857134784,24.369557279450365,9.459769382952793,5.028959159269104,2.005564253425567,4.002506664005255,4.002505415127843,4.002506869711161,4.002510563890307,4.002508819882425,5.2307292763678344e-05,5.2180082552011774e-05,0.00013928714022136792,2.660267290419555e-07,0.0001393591596452133,0.00013930996490250268,0.0001391815475207823,4.002510923933893,4.00250535531744,2.00407565829843,1.0082122570777734,4.021809256308121,3.010399999646901,2.0040759390490606,94.20185039280372,3.010326663763111,2.0040266821017636,48.01258543591901,4.0025077974395105,5.002504272781618,1.0000067467162959,94.20144545542959,5.0174176633469737e-05,2.002435727429309,3.010598363956505,4.002505418415791,2.016644171504233,2.016247411451136,0.01301408313052098,1.0372899567709795,2.0036197153027655,0.03776691256614276,2.041198983322839,2.038614705165039,2.00399524025159,2.038935228079014,2.003734431674975,0.035800382619827646,0.036115422638511814,2.0110958848360467,2.004070999975107,2.0040708829972944,2.0039461945033565,2.0039461427138634,0.0006627981220318472,0.0073628515449212124,0.001720513280353521,1.0120668167603721,4.4769692319859976e-06,2.00270740727031,5.0097483481964945e-05,3.017272267353714,3.0106074003666126,3.023533628548171,3.014015650003527,3.009010515420325,3.0183773718052,1.0200612779040086,3.011624287484953,3.009050590895579,3.0115592653299488,3.0046903805920597,3.0104537960250486,1.009104328752168,4.002527752187264,0.03737189502079312,4.002988961310224,4.020068520725222,4.002527876225267,4.0280189745366926,3.018792825386463,2.0232546864529586,1.0210254740247886,73.60182420525608,2.8776103847299677e-06,3.0049493375367002,4.003002804763077,2.512795020019839e-07,4.00552539173207,6.011007173116814,3.010876899397147,4.002504049738314,2.004076068092351,11.028620848980102,3.0115519698303563,4.022230829578415,1.045763515071099e-06
1.000380865329081,1.0003882630472447,1.0240618453947519,0.0026268496618044534,3.9801023792041075e-06,5.630710940639158e-05,1.0268454437861083,1.0500376677538008,1.0306020358457693,1.026233962527932,1.0322861685467626,1.0280252781313513,1.3824173114390939e-05,0.0011636417921240553,6.504959722076215e-05,0.00026615066496016906,0.005290752407697117,0.004007477754823623,1.5372396160707993e-05,2.0004672360723115,0.006432827388395529,0.00615443752852668,4.01000223474532e-05,2.000466891139599,2.000466887917133,1.042512971060638,1.035859664541598,1.031959522142433,0.016951929811793866,1.0367618888126298,1.0329089697159575,0.013333015793066985,0.013392728584035923,0.013353190964567769,0.012497833807924408,0.010494482402637268,0.007951576126686781,0.008404225659082281,0.012920997472930854,0.0033488134559954536,2.0004675095691913,2.000467486102571,1.0240618855914616,2.000466856292703,2.0051715349870527,2.000466860460592,0.002593303082036905,0.004562998573358477,0.002525272856577787,0.019127626469187784,1.0002487598827123,1.0002461027296425,1.0002459898243574,1.0002460720311277,0.00015828913969574934,0.00016064118669050867,2.7055198759545964e-06,0.00015987452388606537,0.00015971565952012777,0.00015971884289283248,0.0040059774627759104,0.0010242318222801403,0.004006920049780236,0.004007122831686282,0.004006945897384512,0.025056748040314273,1.023566684969318,1.0237079939981513,2.0018233225975806,1.0014419469214424,2.0082683431083233,2.0031146462151805,2.015779748433722,2.0005269954740355,2.0073320040444758,2.0053453295266954,2.0004922550337336,2.0017077889894863,2.0010144805054058,2.0004689194037852,2.0004723504971103,2.000470411573956,2.000475327387427,2.0012476417903793,2.0004668671772765,2.000467248666538,2.0004674426568934,1.0050857226079655,2.028043573154371,2.006368133532254,2.0004776234517294,2.0004810347132977,2.0004751794447873,2.0006175168998612,4.016976041595625,2.0004831506937824,2.0005873016679696,1.000090144843493,0.003114490262055846,2.0004777848693993,2.0004673037921075,2.0004698048043785,2.000468358715985,1.0001197244086328,0.004834652910610282,2.001693586466006,2.0004668570325816,5.270067161807653,2.7961008658234534,5.264609639721002,2.012285474436274,1.0033945211763668,2.000468665094141,2.0004677975568064,2.0004674615010547,2.000468787659424,2.000467764594378,6.518499672652714e-05,6.501215612326421e-05,4.0111148056825524e-05,3.982418697133555e-08,4.01345772250848e-05,4.010166221611687e-05,4.009621803423667e-05,2.00046790723798,2.0004671215362744,1.0047957650666353,0.02312668872294888,2.005117877068287,1.0227938644620584,1.0047961818972961,1.0325561552235087,1.0229145856701558,1.0047337395631675,0.012900088735694242,2.000469957988457,2.0004673151833523,9.785499298541207e-07,1.03255583248186,6.217079009343089e-05,1.0003808089368764,1.0234454709012404,2.00046711181099,1.026507351835373,1.026690799356951,0.02606835079212292,0.021111753706713907,1.0012569103771543,0.022259176279291935,1.0266234296899348,1.0255112638702661,1.0046944365500627,1.0290204626894848,1.001311565983826,0.021387333303116166,0.021405696293635198,1.01050780025077,1.0047899028534388,1.0047897912953785,1.0047149476082557,1.004714953027112,0.0005115154862156719,0.016232894980070033,0.002906974685838564,0.01496467211473498,6.45283131238373e-06,1.0018899656301057,6.216818968155416e-05,1.0303342246297427,1.0234383608824382,1.0295142652559683,1.0298056915457652,1.0120541864803647,1.030688652410075,0.027147853166801406,1.024253577450959,1.0153321237320618,1.0245722402980761,1.0102337817582752,1.023200154530796,0.024089629851233606,2.0004689130687403,0.00013696303097724755,2.0005306291552856,2.0046721436389627,2.0004689152098383,2.0109166986839644,1.02159560008582,1.0234326856468317,0.023706616968402868,0.01162836499841161,4.897370411931983e-07,1.0107265672308625,2.0005438172021863,1.1093779681193754e-08,2.0041445171894603,0.019242251854874225,1.024008670786657,2.0004668716740905,1.0047962015377823,2.0106266287878656,1.024571375484202,2.0051459937273126,4.132511688501013e-08
4.4030663963850806e-06,9.820339292837828e-06,0.0006341315876233985,0.0012769745423827955,0.019220106689247642,5.914226103487021e-06,0.002675526062097365,0.004741124144109495,0.003148958664294404,0.001275786775022087,0.003089431384338483,0.0026895759010790686,6.229779151988514e-07,0.00012764095299948642,3.778974618407161e-05,6.538775563303771e-05,0.001027779944104452,0.00017237349896211427,0.0001107308247795989,5.08089267428286e-06,0.00018147630906427734,0.00018077183653859136,2.4086742115556655e-08,5.078994019522692e-06,5.093546123173019e-06,0.0004782520931570045,0.0002863018268891963,0.0003765946223651386,0.0003060771501039402,0.0003771262450428545,0.00035129728054981475,2.5590918803017837e-05,2.560829846919064e-05,2.559541350517867e-05,2.5462155609357778e-05,2.495938269246908e-05,5.328134134693343e-06,2.543149554200547e-05,2.5510484359187193e-05,6.517306015956952e-07,5.085550741246335e-06,5.106984545798805e-06,0.0006341346847618258,5.082675412255401e-06,0.0009278083335869441,5.0755749991929895e-06,1.7041061487795946e-05,4.8067918902896515e-05,1.6967609815297765e-05,0.00034111385353849014,8.846824862478579e-07,8.455512836545434e-07,8.457521083585095e-07,8.457287865279669e-07,3.9624923685951703e-08,4.28794941714094e-05,4.481476945555155e-06,4.499621157635505e-06,4.45961631067744e-06,4.4580990677802925e-06,0.0001722199819725259,9.507017963504709e-08,0.00017222557561932336,0.00017223411693770486,0.0001722301690347695,0.000570106298782353,0.0006343167401876281,0.0006343146593119657,8.847287709834671e-05,8.418664408250476e-05,0.0009294489248919163,3.088772837361728e-05,0.0014846089389067485,8.004728567975176e-06,0.0010053171779056441,0.00011864146256863333,9.43821474854311e-06,8.284424199758596e-05,9.104068480575358e-06,5.100940564855407e-06,5.138906794631379e-06,5.520261447355148e-06,6.565501473390506e-06,0.0003378089303121079,5.117840053128061e-06,5.0972978804131355e-06,5.0926345167316455e-06,0.0009270031363131237,0.0007950959615597687,0.0074795360441875375,6.882319846710662e-06,6.1407879246111745e-06,6.324837702550125e-06,9.08711884134113e-06,0.0008706835443000524,2.3854409117583695e-05,9.330764624151159e-06,3.628282724022213e-06,0.0050357089532263016,6.998002676385148e-06,5.21656515042865e-06,7.519088468337076e-06,5.435300099774541e-06,1.296423508316646e-05,0.0010105910048317116,0.0001324863705998088,5.0915808563183435e-06,5.5050165797609016e-05,0.0004193216297845757,0.0009363130681191105,0.002237387232078449,0.00045077174740611566,5.067811735888124e-06,5.065625681082721e-06,5.101225501476394e-06,5.110625904839802e-06,5.1221768449656575e-06,4.545590022153157e-05,4.54404326679822e-05,8.675205086058947e-09,1.0360242918829686e-08,1.0935793177861753e-08,5.857082316139092e-09,6.423342708671688e-09,5.186559266262518e-06,5.07392482739999e-06,0.0005954026793378883,0.0006743922225838953,0.0009222538913039036,0.0006334380932755139,0.0005954281957138626,0.003166550734431791,0.000633485298929123,0.000550288286031961,2.550076104592657e-05,5.069593744672867e-06,5.077010698068008e-06,1.8903950429627425e-08,0.003166503469125263,4.5209383666207196e-05,4.2585606742580414e-06,0.0006334882486939452,5.0766508900286945e-06,0.0007728817157925876,0.0007730820465869958,0.0007686692336445097,0.004634833728568892,0.0005496473703352817,0.004442254134617804,0.004984029595165323,0.00485555733561491,0.0005279725958881465,1.0047015718718324,0.0005552251378432088,0.004365185198112557,0.004382485085744595,1.0033072037728439,7.541181835908835e-05,7.54039927268383e-05,0.0005492085030875863,0.0005492078264131432,1.0364362702989143,6.396346140598483,2.4840474796143597,3.076536778225543,0.027773134624730043,0.0012776051980290457,4.521002997134164e-05,0.0007042035308797866,0.0006342875467068003,0.0007117006042225881,0.00016385680607286483,0.0005924446252632474,0.0006870961733587811,0.0001238356272877522,0.0006517867031912243,0.00058846740475023,0.0006346600993999711,0.0005715511325027971,0.000635040540300058,0.0006354388461576732,5.070005861921767e-06,1.5937525834466193e-07,1.7294129383918517e-05,0.0008986659951412434,5.067229106126341e-06,0.0035865691790196116,0.0006651321290776448,0.0007319562654774855,0.0009516946600349246,0.0031165901231275236,7.306286312575805e-08,0.0005704284839325573,1.7350532508896155e-05,1.947897924533009e-08,4.76662810313394e-05,0.0003452807264941026,0.0006337355536598641,5.073474586459963e-06,0.0005954361170367548,0.0026867248375151472,0.00011445823368315468,0.0009338209796147875,7.298979035390761e-08
0.00013714044092249698,0.00013663371930645684,1.0009580012877806,0.0012738600078729427,8.625207552440775e-08,2.882377924268858e-06,4.001146808464646,9.025534603597173,9.025618328002414,9.025170038377262,4.0009633076046125,4.000390989076727,7.832360132429947e-05,5.025080584934349,0.0002687283898408562,0.00024017026908836308,3.000180667580462,3.000018638556758,0.00042477372706362565,0.00013669728020992175,0.00018280977044531706,0.00013425248482250895,7.025613063662146e-05,0.00013684702768275997,0.0001373626421249593,61.97699525223248,51.090496508923266,55.47818473646823,52.294509018437054,58.78102717996424,52.85574727046315,41.0506159852224,45.051981952528706,41.051128738168174,41.045358409647115,40.05705991475579,35.13748141016525,37.10837296346053,45.03917339655479,14.012762026551693,0.0001367848414090347,0.0001367062708351334,1.0009578818031961,0.00013686326713532927,0.00014772421930424342,0.00013676714641043162,20.031927493545272,13.032132325093881,13.00712756374561,0.00047829706411869525,11.000006043981925,5.6961788511094727e-08,5.6919581322996875e-08,6.128478579120625e-08,1.6152380230136814e-08,1.0000961479283157,1.8331085881560823e-05,1.8250928945261307e-05,1.8068403512017698e-05,1.8064625386369686e-05,3.0000186335252064,3.2893435387853144e-07,3.0000186158070385,3.00001866083827,3.0000186174604107,0.0006174114244451484,1.0005676430012675,1.000708805519182,11.00063667869181,0.0004946874226530053,0.0007553999630627137,0.0004942668238665303,0.0006970770645367032,0.00013884943534369184,0.0005642037404331774,0.000268376837025094,0.00013678935221324886,0.0006257222911318847,0.0002643260175752459,0.00013715615067836831,0.00013791680294203453,0.00013704488820119774,0.0001374466023082371,0.00020902981114684854,0.00013692147703923618,0.0001367412742492868,0.0001368313118868711,0.00014771732065695426,0.0004677670397917047,0.00035609232975431594,0.00013724981341903402,0.0001368585183146118,0.0001370101068217405,0.00013765444037239444,0.0003714300062928747,0.0001371373291230827,0.00013749067218243573,3.0064563793688915e-07,0.00021065690348966824,0.00013727331622976054,0.00013680416650577393,0.0001368198040197731,0.0001367425020409494,0.00018653152064589367,0.00010409085813039082,1.0001460962792725,0.00013711227245355022,4.0002828755961,4.000213684768824,0.0004834875591808481,1.0014191138427488,0.0002619046589286453,0.00013671481318059656,0.00013671181247664954,0.0001367528993709148,0.0001368152719481074,0.00013674430848731225,6.000926504044396e-07,5.923028169731042e-07,7.027548587818701e-05,8.738174483144602e-08,7.030128515611067e-05,7.029195306365364e-05,7.023690123837788e-05,0.0001367669297876455,0.00013682473592748978,0.00023997894020518604,1.000430764609125,0.00014738008681170053,1.0004316287922157,0.00023993567703796002,9.025447713100396,1.0005277514180688,0.00023950813343836126,45.0299212392473,0.00013671131840983078,1.0001367603823283,1.0000002184672487,9.02542586288582,5.532699621057853e-07,0.0001366509800680701,1.0005669494567102,0.00013679046399383516,0.0022905088549604216,0.002511654940115381,0.0016363941686756457,1.0025304641537556,0.0001985143496436942,0.0015638683990713527,0.0027310598032540653,0.0023953425911138037,0.00023973990581705864,0.0036266146091134435,0.0002006208692628239,0.002469578190633705,0.00245504498339073,0.00319404130228172,0.00023898743142310044,0.00023899244662411548,0.0002383256426633394,0.00023832006198526263,4.5417937584792706e-07,0.00019910676050124767,1.4994824566516917e-05,3.7694349092610215e-05,8.261993793292801e-08,3.954140439083364e-06,5.366137491329338e-07,1.0019459778582114,1.0009178323205064,1.0030660818619679,1.0025167763808307,1.0010842591950544,1.0029896068762132,1.0016735724004158,1.0012618127630342,1.0009172802714095,1.0016531972623135,1.0009129500943572,1.0003206118665338,1.0015218873691412,0.00013714304282033658,0.033195503463471145,0.0003232136735007483,0.00014455680015474214,0.0001371465190619772,0.0013501021714988903,1.0013664402998008,0.0017931465282087014,1.001928820712057,5.0256543519547705,6.096094785236068e-08,1.0009530872484218,0.00032324665284384063,6.607188732570378e-08,0.0002300663093083296,0.000585411226428822,1.0009574533315584,0.00013673280062962854,0.00023996999549470306,0.00015095935198856724,1.001651831053575,0.0003337868086251183,2.0348475938115013e-07
2.00081111910511,2.0008516104340686,2.014583754618843,0.008501129457616819,4.148165017772694e-05,0.002604395542602485,1.031968502693247,1.0853688156646337,1.0577854557176025,0.03675437655339435,1.056972309744263,1.052997746777688,2.300676669250346e-05,0.005774281559415451,0.00044574336195559887,0.0030574951657818777,0.029809824594185807,0.02194925688256799,0.00039804699073552155,4.004893602483334,0.053077517946868526,0.051957304555120515,0.0009176825564749587,4.002736660938954,4.0027366879922095,0.046186696725496586,0.025853637853941375,0.027702281742404068,0.019249243285554874,0.033064919349004004,0.029944244622822774,0.01767269168047024,0.01775003050113459,0.0176980192805226,0.01601793124165672,0.013739367283077798,0.012013857434602057,0.01198730325832468,0.017172692574828497,0.006762863482271989,4.005845520336891,4.008090497635708,2.0145837569627383,4.002736645755775,4.2963451020477255,4.002736666376198,0.005378712105261687,0.02854555326360119,0.004525287852407998,0.06631579165238327,2.0055661839252035,2.005488535210144,2.005479535206763,2.0054865008764935,0.0034172227537517734,0.003759350875477071,0.0004147499958039624,0.0037420766810029125,0.0037270023314705477,0.003727163212023571,0.021933476306557016,0.0032118001988820704,0.021940455875075312,0.021945101164168153,0.02194323687698488,0.10080024072937788,2.0142333273874002,2.0143771162350794,6.448842810028532,4.458423681607951,10.085513638117055,4.368676904986501,6.440501873113946,4.173904632133461,5.455272171193361,5.132281183612609,4.20062653010606,6.015846237344486,5.005422691742795,4.003782907881214,4.004403838291201,4.004897299847225,4.00492699950208,4.017496077876081,4.002736721074439,4.0074685325672545,4.006618027792771,2.2944381333905657,4.072527326607843,4.028043552535576,4.002812648347311,4.00281954687967,4.002792115379738,4.003606829047203,5.070040462882968,4.002841861038971,4.003434866738043,2.0019536304685763,0.014119350839970964,4.002815043519997,4.002738397354098,4.002759034907735,4.002746027248727,2.0023188050645597,0.2848962145514722,4.0113611789858945,4.0027366215455595,4.019603780979568,4.042149621748121,4.052548964635791,4.008008322100565,2.0247313138935223,4.002750874997002,4.002742146476691,4.0066713360663,4.008440326600314,4.009243076965429,0.0005268011449121143,0.0005264913760675266,0.00091838664548435,3.863797860975137e-07,0.0009185827802396854,0.0009179342848679873,0.0009177154663002389,4.002906401146489,4.002738976131604,2.0087498396537327,0.013889685400443741,4.286991384103788,2.0139400091592305,2.0087506502089365,1.0600484149691356,2.013233981740084,2.0082309375912253,0.017130536509516976,4.00275171118463,4.0027406743843486,1.0675648992049536e-05,1.0600485373158235,0.0005201977901915828,2.0008110896092677,2.014180584328821,4.00273967669132,2.0293236522315645,2.0255757781200447,0.022951292080498918,0.47756683820098883,2.0060889972777556,0.4945983575248026,2.4840732202097704,2.4192901855853557,2.0078566998364993,2.4026034942749726,2.008910010489919,0.43966172576021095,0.44810471135910285,2.0770999622136648,2.008736515172413,2.0087363308126327,2.0077377221126933,2.007737726445906,0.0026122954477000846,0.03115660497477898,0.016430401887940302,0.08132759903563735,5.509033986945048e-05,2.0070580993906346,0.0005202051841814018,2.018638030572648,2.013605133048468,5.025699690368765,2.0171969800325478,2.011688888774266,4.024537471018197,3.0240003529855946,2.01522896665407,2.0071621081999944,2.0155524788658106,2.008164639153094,2.014025228150741,0.014702170487790045,4.002761191018708,0.0010170111103847566,4.003119512933562,4.061534580492186,4.002761186548118,4.346449888931228,2.012897300646277,2.0170905949421374,0.016582608565323703,1.018483332140506,1.6159082075679192e-05,2.009098123944709,4.0031384449810465,2.641377743828578e-07,4.01213433820336,0.0686867882451667,2.0145608400602595,4.003042705599005,2.0087508789583435,10.067611794334738,2.015543329840183,4.286465569169136,7.181240047582848e-08
2.0009148915718713,2.0009336523928334,2.008669305479189,0.004794739819586216,2.77932167000171e-06,0.05883368951015448,1.037347331585669,1.0760419134648078,1.05996707300233,0.06240532461963763,1.0641871582590279,1.039108228326445,2.6287175327959637e-05,0.0012698586974207223,9.159409317028464e-05,0.00021065118067737772,0.004547523595158484,0.002084268101774109,2.2783820591605607e-05,4.003471607782101,0.004447316402564133,0.0043852022349031555,0.00011051028739695511,4.001273177584869,4.001273204448683,0.02442627418882217,0.020954318226671258,0.02040782640485438,0.007757621824208578,0.021893180372058067,0.02054234451127148,0.00476926680213669,0.004781927620502395,0.004773573424551793,0.004529658205101674,0.00404724111835345,0.0029453309065480718,0.0033356966844270653,0.00468386455239393,0.00155620525363891,4.004468513200591,4.006681392331942,2.0086693043732544,4.001273135282354,9.301338666653198,4.0012731580655085,0.000778561948540427,0.0016288601784076818,0.000761140963250531,0.008179684204922637,2.0004647488443803,2.0004643508840463,2.0004640680298014,2.000464291279998,0.00010142010995211797,0.00018454718222212936,2.2612201908134817e-05,0.00012340069403779963,0.0001231449406722714,0.00012314824908062197,0.0020829416756914434,0.0004366997701830059,0.0020832619912373013,0.0020834069046992854,0.0020833379159410437,0.012418343606773465,2.008598792299169,2.0086276678557295,6.532196469350396,4.537804653991698,11.143111163803404,4.202738466534481,11.173435284164736,4.24277860596253,10.21350549740918,5.179877713559171,4.199214907222925,6.00672027845745,5.003641227982433,4.0023761134558065,4.003019396801354,4.003565108559897,4.003396350674249,4.003656993305628,4.001273244063232,4.006090600775439,4.005231377288918,7.3009820240934875,4.036662428647926,4.010514324665022,4.001287561308969,4.001281545682214,4.00128232072305,4.0013440610562006,5.010524353285051,4.001310198670592,4.001332322217747,2.0003650483621693,0.008005335252682018,4.001288551582817,4.001273472014026,4.001277606919415,4.001274574529827,2.004398905272535,5.047217274611062,4.003998832267595,4.0012731358970575,4.016515267198908,4.025247742232569,4.010062726193974,4.003861272326766,2.0034901096840296,4.00128163599427,4.001276953647108,4.005459956665006,4.00717516139873,4.007870360637382,1.9543716421367803e-05,1.9500582546873353e-05,0.00011053902639121741,2.5633033114736885e-08,0.00011056206975108829,0.00011051257951244753,0.00011052141528504383,4.0060703364068315,4.001328455120177,2.0019987101185386,0.00767676018491969,9.047152779724522,2.0085218103877183,2.0019988183888646,1.0644075472550656,2.008455577179122,2.0019800933562615,0.004677436713265659,4.001280352466023,4.001285744005628,2.007487405776142e-05,1.0644056348291764,1.885567485040613e-05,2.000915473781642,2.0085727491687995,4.001354025382377,2.013001393639578,2.0127595570850665,0.010931610271809738,7.207648463917782,2.001686893712589,7.455346655976891,9.032394873983947,7.51500772480502,2.001777918305761,7.401082940687272,2.0663056080282445,6.163335654172779,6.376056036372191,2.243090434342223,2.001994844130252,2.0019948129780945,2.001950917076968,2.001950914044455,0.0003362407167047875,0.007333335786188136,0.0018931596933991746,0.01157740513503278,3.818710728304216e-06,2.0038881504618464,1.8863069829633418e-05,2.0108039759446443,2.0085374508180043,5.013256442814771,2.0098559634977256,2.006329656135463,4.011522525942325,3.0110576132590783,2.0092920317285237,2.004674052174166,2.008869892935621,2.004992192014534,2.008556795293329,0.007944877980386237,4.001281127687218,2.7823973114011437e-05,4.002511895241699,9.00207367863581,4.001281123230993,9.028553794459475,2.009224953563494,2.010615380950645,0.009756723219656626,1.0487833285681125,0.0017495875305123258,2.005101913434162,4.002007340869052,2.0426481231339427e-08,4.002469419518126,0.008437454645471517,2.008658165318401,4.0015791517513115,2.0019988181854598,11.061798536399724,2.0088683225338655,9.026116773013099,7.053294688539617e-08
11.000916331039523,11.000933616285254,17.008669175330947,0.004794293455192043,3.113729810811001e-06,0.31889822949935565,0.03476908843323778,0.07503931436868497,0.057383899190992904,0.059825654609093205,0.061609638630363,0.03653444469917897,2.5164338800819165e-05,0.0012636998236664374,9.052060477609755e-05,0.00020989932533140997,6.004547443669523,0.0020834068097355814,2.280878344163799e-05,18.00245604082022,0.004447322735930574,0.004385382535361263,0.0001107519315147254,18.001273656925765,18.00127369672639,1.0212537656950718,0.01776933640242315,0.017282607961185623,0.007292024150366079,0.01873777293098536,0.01749685450351271,0.004768469957048817,0.00478109477320077,0.004772688084634281,0.004528923773527187,0.004046222495691965,0.0029390848569411385,0.00333162094931032,0.0046834324694165425,0.0015559791430443354,18.003214667419986,18.003053349190537,17.00866918298253,18.001273279519648,52.86249162769409,18.001273374047972,0.0007775643051571972,0.0016278148474060355,0.0007610482549339427,0.00817926317198712,10.000464793605955,10.000464389632143,10.000464095191445,10.000464324644701,3.0001014428765367,4.0001845743020565,2.264154354444564e-05,3.000123422476899,3.0001231920251943,3.000123189214563,0.0020821226137259664,0.00043670460728877927,0.002082388234222474,0.0020825568477822335,0.002082485542594888,0.012417833594264287,17.008598378552435,17.008627253871417,27.51037069758427,16.501219489304408,26.34480823274041,33.23038623153409,59.16016549458068,18.334994524266712,58.17175275802674,19.25144353250333,18.056649785353844,27.00768252665255,19.00428246509191,18.00299704716706,18.003708543266246,18.004660516018905,18.004374094214942,26.004662601157975,18.001276431385413,18.00339708632799,18.00317997859761,46.86213496776215,20.037843342365765,18.010513658426866,18.001287922393587,18.001281785233676,18.00128250233419,18.001344424446764,27.010524214092744,18.001310363224682,18.00133271059427,7.000365487741543,1.0080055607468796,18.001288732433377,18.001274105091646,18.001277827416995,18.001274750713563,8.024980448285481,36.121904430433446,18.00399885656706,18.001273867789124,18.013919369394312,18.02264264054344,18.009282142629562,18.003863870459142,11.003495798300733,18.001282250067746,18.001278287757867,18.005107891185418,18.004858062404377,18.003753531135498,1.9624224956516506e-05,1.9562884450865638e-05,0.00011064764849909383,1.2223004011924968e-07,0.00011068105833263282,0.00011061958622547674,0.00011054268706533407,18.036015068969384,18.002833900276784,31.001998653093594,6.007676387015179,52.12028507211292,17.00852149398513,31.001998796036506,0.06182705282930009,14.00845517885514,31.001980334919175,0.0046771789081603956,18.001279790723817,18.0018346562502,0.0007060623078697176,0.061825210220337073,1.8943392564350982e-05,11.000974881242186,17.008573204534496,18.003316799444388,25.01300089792678,25.012759066116235,14.010931172497404,165.1653531329519,25.001687046451345,162.85030024789083,190.66320579731644,185.90044863441162,28.001778074686456,169.50545988106668,25.345824416882916,170.01941584622693,165.68504581015438,121.0136165664599,28.001994808233064,28.001994770319985,29.00195086645356,29.001950836172423,1.000336404315269,1.0073330348952252,0.0018931812051636901,1.0115770763047551,4.165081673890993e-06,7.003887682538624,1.894333085431233e-05,14.01099881886183,14.008777334280097,21.013888280078824,14.010439841364501,14.006608164004058,19.01221715197652,6.011730890442045,18.009291624156198,14.004673717881044,17.00886953290436,14.004992219215605,17.008556498018823,6.0079451013465714,18.001281157382905,2.684171409261659e-05,19.009235798158066,38.011070983364064,18.00128118322386,133.03169804546158,20.01000245450906,20.011223572813492,10.01040512632293,0.048748305611271976,0.01519911412955284,17.00510184844479,19.004340663086783,8.696195059303981e-08,18.002471008529835,0.008436991115366272,17.008657775090008,18.00129344200528,31.00199883336182,23.061720346957912,14.008867917238208,52.02940278034428,1.5081915442637807e-06
1.0003331037679888,1.0003524234102341,7.015842201424837,4.005195434351111,1.3830627567558207e-05,6.56633251392921e-05,0.0032395340227712485,0.007981138838282383,0.006345300348412105,0.003505700807065744,0.005350539527482511,0.0051836932237362375,9.142753156793613e-06,0.038080360289195515,4.7599734273128746e-05,0.0009464045661520512,1.0041534507369803,0.009791144303016683,1.7718380131497452e-05,1.0009921209746093,0.006496984715603635,0.006387014386933086,1.0002516614425683,1.0009919789762185,1.0009919773198004,0.11887652032369436,0.037316899343333015,0.03893386775824705,0.03757368912018747,0.04237889087238928,0.0366519416138203,0.03509374071206979,0.03533080332764556,0.03517370966777313,0.032511690246994455,0.01247253433695755,0.025069293968476517,0.030707714978858984,0.033629420422106655,0.021813288150627393,1.000992712872163,1.0009923267479817,7.015842208433775,1.000991985429304,1.00208368081594,1.0009919846200463,0.02175010593811176,0.02227913237707188,0.021192130140357385,0.010698313789131325,0.0012386558243797107,0.0012442093931122314,0.001243118467013013,0.0012439667042771201,0.0005676315732515093,0.000573322660554852,1.1806852165061784e-05,0.0005723755783171266,0.0005713445224005019,0.0005713565491193406,0.009790177491699416,0.0028855753681828783,0.009793777654082124,0.00979404214497729,0.009793357971106847,0.01946404040673682,6.015300278745284,7.015161002437735,1.0083340947305968,0.008005131324695252,1.0126827416124797,1.0043062095301467,1.0117885790169838,1.0010758738509775,1.0030020602428475,1.002854201516344,1.001004505696823,1.0081043261028715,1.001331274244981,1.0010088591529718,1.001030172549901,1.0009969365568538,1.001002555195615,1.0014735268638664,1.0009919765878899,1.0009923178143463,1.000992760866763,1.0014288350605858,1.0103935338695573,1.008091257311745,1.001004590758353,1.0010024638019621,1.0010005894101632,1.001094734417122,1.0146867924962863,1.001015765372853,1.0010753867818463,0.000663810988917043,0.00541782863295672,1.0010052433092302,1.000992264008481,1.0009958932959524,1.0009933643032012,0.0007345671306276935,0.0020400426273512484,1.004961638631069,1.0009919769834978,1.0061279285386902,1.011069086286642,1.0163933394543712,5.005077530809057,1.0826783555292703,1.0009962848289404,1.0009936594962687,1.0009926131976392,1.0009931254402975,1.0009930125908628,5.380686722161104e-05,5.3230838259490186e-05,1.000251770531693,5.847530103120377e-08,1.0002517981667456,1.0002517016214865,1.0002516644996073,1.0009921988552428,1.000992227480304,3.012051291108703,5.014956962860568,1.0020769218176648,5.014471891548172,3.012052639992415,0.006472534179873913,5.0085368591104835,3.0120075453712096,0.03337520267564366,1.0009965713992843,1.0009919909105558,1.4954419472553719e-06,0.00647334703090698,4.414498668716683e-05,1.0003331012456207,6.015245972729327,1.0009922290783422,6.028820647842176,15.437137090509895,12.445290917499468,1.0167613006366356,2.0032522121026335,1.016221363342393,4.027301712129215,4.0270281519884135,3.0113500579560997,4.04692920792785,2.0032962192370145,1.0154749556839593,1.0155487740486802,4.01846750371894,2.012052076556185,2.0120517318105366,3.0110917595333264,3.0110917754168303,0.00024872642101207747,0.023392654508063566,0.012591871886350674,0.023948973448878027,1.9264190146645896e-05,0.004056808197026341,4.414495051030927e-05,6.012525131111053,6.0090701255981855,7.024705189611597,6.0196525784784605,5.006348899960025,7.026493757639721,3.024474950792283,7.016025535723672,5.0055284332870045,7.0164154988854985,5.005992847785692,6.0145989071960315,6.016048601444911,1.0009977040756932,0.00164051362548053,1.001073556232346,1.0013017830277737,1.0009977041199252,2.008782083938543,5.015239668935722,5.015467118346586,5.01603733242778,0.002832609733443741,5.990972570152445e-08,6.012691235712678,1.001075986020482,3.9591046569979616e-08,1.0041694894735522,0.01132157402464185,7.0158179759306805,1.0009920199352282,3.012052683175699,1.006115321589204,6.016404336762643,1.0021514505706948,2.0013901371437673e-09
116.80767611245383,116.81242207047458,310.0256069482911,13.00877902193872,1.1161331412033112e-05,0.22775995103013494,3.0226247698553887,3.0414630892384915,3.0235844696463507,2.018738968718622,3.0190347874248555,3.0179341210150854,1.2816256453442386e-05,0.014757557510485861,0.005351557459198633,0.005436614998876405,50.01834951090724,1.0061307348936903,5.228117782461118e-05,181.84973670964567,0.003560655069376958,0.0033421347793956757,2.000427117445966,181.80788983472175,181.80747962413975,32.056029224053034,3.0387526846534767,4.039050387697106,2.0393946656667232,3.0449301539320155,2.028591729868405,1.036118929343698,2.0363275957516107,1.0361893122064378,2.0325927500505956,2.0316067259799135,2.017068174212493,2.029090941485499,2.034703539639515,0.011327148657304222,181.96129556275852,181.88258992298893,310.0257572294033,181.81245035894784,202.65105045410633,181.81177953073401,5.005287968608305,1.0054643361512636,1.0051987712228236,0.019775798228841075,85.00123848594924,80.00122246799732,80.00122130067581,80.00122218996,14.000787150430773,14.000823336883657,1.6431941938235837e-05,14.000792370769163,14.000790755998366,14.000790902019315,1.0061218678410098,1.0016985321985994,1.0061232132477853,1.0061239185618123,1.0061235830327482,0.025229144162625044,292.0832239853817,289.0839644761244,197.5530590722861,85.87599553718343,204.36712341563796,195.58420465579218,218.54638323838918,182.7820109774982,216.13379460558093,192.91734191347865,182.04767149867865,196.82051091409292,191.85318576061024,182.15760911021079,182.66546178217067,182.52149449092246,183.0750455154971,188.97829346633685,181.80754547018915,181.8654324975938,181.97115651799126,137.65152367674037,188.0694556920074,182.06131857240126,182.9602063375279,182.1626342433364,182.53257790436476,183.17426759332253,204.55195023951742,182.0245642586859,183.07109951373695,66.40025302677299,8.710373115868334,183.05310697793277,181.83864658840668,181.94538981329322,181.92655761687223,72.03035063177207,23.146941877490683,205.81139204172027,181.80818787934064,189.32278395232447,190.49793466276793,189.35393537569595,213.8404438447785,116.82612998948552,181.89714790809663,181.8568605197153,181.94114753511235,182.03339067008457,182.010406583006,6.09178614895705,6.089263375311753,2.000426968137252,1.6519455436297749e-06,2.0004265403424366,2.000426850024362,2.0004251122616674,181.82340516470776,181.8678801322325,251.8250189201847,188.00402743100383,201.82314242879045,269.8102595761441,251.841169691495,3.0245807594473963,261.06186961899056,246.85666157061002,2.034623058786935,181.9003142766629,205.80975283282166,25.261128797875173,3.02458102753905,6.00001670222458,116.80694548528687,291.8123665791285,181.86828474642567,282.24273391582005,303.2466683045385,195.9942347319348,122.62046505763266,203.85406173083422,107.0677675012242,335.9792486519304,334.6193066883271,232.82288182001724,300.6239891024378,203.96724052070536,113.51744373460106,110.78045426259682,284.3745270237242,216.84206354592072,216.83700085358356,235.83740065101838,235.83859805195283,2.000107979139705,2.038094723298243,0.0027788862284030824,2.0297028091472313,1.7990064715272155e-05,67.48523089447725,6.000016442569324,293.1778071877012,279.1080751463836,358.11563816052603,298.5376521777908,260.0580566805894,343.3083241289213,165.28015936023309,322.9210878946224,258.2118226398535,321.1772130043559,258.2027704357409,271.36215815728804,216.0089676962773,182.67820168861934,0.00020339639504852252,186.963382928581,191.81899688236177,182.67820213884127,250.84249472647298,293.87303762548925,272.92416919925705,215.16944331112384,1.021621280220941,0.01666085475258267,288.81004983317655,186.98582797620097,1.3718441740348714e-06,181.92837357770898,0.024654943097184707,309.9159151674027,181.82623445962298,251.8423185560548,184.0445775436564,286.06708675555956,206.81831941306874,0.0010351659651322035
0.005121541838226716,0.005336913171852914,0.03904420289942818,0.01709858326334398,0.012628611111934213,0.0009047381850884531,0.0138556083618938,1.0394531788454389,0.02624498080098977,0.010177760601268194,0.01620095085167058,0.01654635062295186,1.2798543428732147e-05,0.01838678177332291,0.0010704326018795274,0.01042841971260636,1.0689850922866448,0.08144443114587013,0.0001790134658500892,0.007817520563856754,0.06751974166567148,0.06289249151584511,0.0003909897914904655,0.007815838970379204,0.00781586729083433,0.43244836466952685,0.2528413928746253,0.2210762542752685,0.25002112071375726,0.297536626739714,0.2540846047806528,0.24875569151657054,0.25126961833006595,0.24960272070528483,0.2242485352527058,0.1627099896217307,0.1528156082703588,0.15901054427170513,0.23181061683505097,0.07872651888743569,0.007827024342719782,0.00781982825576553,0.03904424079328991,0.007815964859045049,0.012607353021376182,0.007815987480915897,0.07301222716249794,0.09634564553388306,0.06973094878396148,0.18779491735589698,0.00813126982064441,0.00811154418145624,0.008096282854718855,0.008108101946902032,0.005169761494087906,0.005357124762801081,0.0003056054751533598,0.005318464814699352,0.005295925242629602,0.005296195428222996,0.08140106659494123,0.02647280446582246,0.08146580004176222,0.08146537153861787,0.08145374140806165,0.2949094800510941,0.03829953666053601,0.03859106557883291,0.026371319768876005,0.021260177196051163,0.04901670434683326,0.017056638360408945,0.06507236191559794,0.008331172591108434,0.02885284147278093,0.022300384851565675,0.00792330948604504,0.0251653155582618,0.012612292800403718,0.007895048632740273,0.008017332947250192,0.007897171085212238,0.007989355351378449,0.011245581135591372,0.0078158208042802,0.007818895006915634,0.007827668450167784,0.009942295337351192,0.0823707314599963,0.06217185742425816,0.008195050449501955,0.008294323369040166,0.008103727742126646,0.013027392047155813,0.29225980153950565,0.008093323129739377,0.011972265657713952,0.0028089576773761235,0.017333257078308413,0.008202138443928104,0.007823397194266935,0.007893404714252903,0.00786440350612774,0.002856631029321973,0.0072903222157909365,0.03468410234863963,0.00781583432716499,0.10356936864991982,0.20227931225477283,0.42030498445008413,0.011164373480748349,0.07359270627056508,0.007831378495917082,0.007821240334910405,0.007824523132255977,0.007832845641376634,0.007830814713256747,0.0006306770769683637,0.0006269413990810548,0.000391187888293274,1.2274989910758254e-07,0.0003912364224106787,0.00039104485289320556,0.00039097403330614483,0.007817586273510665,0.007820168009724725,0.050988427765530094,0.03355912027415106,0.012498900907472367,0.03698474862330198,0.05099725382647971,0.02663224545357435,0.03242046633253047,0.05042641353832133,0.23060244414107797,0.00783547033962548,0.007827195477371828,3.7238011004769766e-05,0.026634793154341717,0.0005665496180298927,0.005121438746351049,0.03811424201550358,0.007820202766502353,0.047763085702082084,0.04537029668407152,0.03966842559467112,0.18387819596324204,0.01745459968648068,0.19091936160545186,0.22723755895194336,0.21792061844249558,0.049337711462514616,1.2742922712180853,0.01829454806919766,0.17645017930377127,0.17688533091604153,1.089492092714525,0.05098982988034498,0.05098752899260909,0.048896549249303395,0.0488966524418647,1.0327938755690458,3.4982700425357742,0.21034476144605216,6.15604164303385,0.020001218055515173,0.023471770902094662,0.0005665475964134758,0.055167917471748366,0.03325092341558324,0.06699907324273895,0.05039622664107323,0.025135567274431354,0.06554125241051881,0.06108209748712395,0.0395442197052488,0.027740934578084738,0.039805461318187574,0.013299054066518138,0.03781881431959257,0.03452004118662463,0.007915684628130335,0.00815566351458217,0.008079322995777106,0.009359447883889715,0.007915686578750024,0.05953305310098875,0.043805815403251944,0.05597448766204989,0.05202475508721474,0.021685377246034265,8.867046049315663e-07,0.018930351002509456,0.008120898898209689,8.409508216411436e-08,0.022360065724192708,0.1895017400649123,0.03896305789416855,0.007816559390834536,0.050997739527357346,0.0310780690999638,0.039783178339815345,0.012653342717309562,2.054385754256893e-07
0.003195676568169055,0.0034799612771962136,0.038519673162158145,0.02235210620678601,0.012457168579609747,0.0006006389201439515,0.02133553749350178,1.052517428019792,0.026980732678118922,0.012374872385781888,0.025268651787194344,0.024683230628354577,1.1748141096147871e-05,0.014169183968962006,0.0006405514039830077,0.0025392738300301755,1.0334728458900122,0.06639497662687555,0.00026317611940587457,0.004572919178565384,0.026159710507108934,0.025172802806696,6.68666046512697e-05,0.004571624896939519,0.004571655516615306,0.14979359963084649,0.06811249529461182,0.059434138245691104,0.0648551912614848,0.07466208723545356,0.06148458485860403,0.06346682648626337,0.0639039361892301,0.06361313820061094,0.05693432419579261,0.042189561029357336,0.036896780211602864,0.046089547365160376,0.06056651590028794,0.022156150648943256,0.0045779312010185294,0.004575097735134332,0.03851971198053861,0.004571671275853879,0.013789687382909185,0.004571700426733704,0.0192822852932292,0.026120423071674136,0.018672606158064826,0.056874564432997744,0.007047940505419277,0.007080922652874239,0.007067386816947818,0.00707785698455655,0.005485215770559919,0.005801239743357807,0.0002885181278751935,0.005602956431847049,0.005578472558119459,0.005578767069619604,0.06637814801913249,0.004791342856575988,0.06640385324051812,0.0664327241030201,0.06642428720872949,0.09081660610586191,0.038322611041558256,0.038257301184323106,0.02703276867662965,0.023855163120895178,0.05679450644874429,0.014076408342569164,0.06274470753032971,0.005183990729630873,0.028578655542176624,0.04251156373257911,0.004748486438880254,0.0255439560887908,0.007637490059959767,0.004646643432571227,0.00475052775855323,0.004619347101075072,0.004680187898892972,0.008198741267454991,0.0045716088010616515,0.004574587730746538,0.004578463636576945,0.012425331740131294,0.15384316750235252,0.06427356905661974,0.004762982396258719,0.004795372839923992,0.004714663082172729,0.00692533619809361,0.14715340770890092,0.004878271077849463,0.006459410648095391,0.0014575135282784949,0.03140291230268078,0.0047678240947887605,0.00457654666486382,0.004631487099043372,0.004597108877496802,0.001702411140740669,0.017297482301803047,0.0291588192716791,0.004571615530458076,0.03441912893698143,0.0760587757640046,0.10984802379331107,0.006274424951548632,0.030697398262390683,0.004589610366049065,0.004576769595605703,0.004577217260251601,0.004582096545710606,0.004580966274072541,6.021397656478846e-05,5.9019693509381526e-05,6.686782207123298e-05,1.7565718545734983e-08,6.686588639329677e-05,6.684896473651108e-05,6.684452549791035e-05,0.0045754024661746155,0.004573746378897655,0.024106423865822162,0.034975328095932484,0.013656174372710658,0.03797933641109776,0.024109220597424787,0.027804885804861044,0.03242763405679629,0.02406999502298111,0.060333505043251925,0.004596666095932381,0.004571928062575932,1.2998592773444547e-05,0.027805140095754726,4.016814569282315e-05,0.003195581161898812,0.03813097744664817,0.00457378313702011,0.05224528436187361,0.04198921033126248,0.038574129081247716,0.14535730046193798,0.01463060919457663,0.14907286610646672,0.16889772184133234,0.15618171918154913,0.02269586698452681,1.165817520533162,0.015235853266803427,0.1382995119995434,0.14007898404325986,1.0608402681158808,0.024022277508693644,0.024021572920223666,0.02217815880961651,0.022178191842520054,1.032746130488863,3.225887880150544,0.13248433987719793,6.127551213236266,0.019746463876314548,0.0265148423706471,4.0166125662209535e-05,0.04799771415689843,0.03267969252534662,0.06365873631212736,0.04749378176850264,0.021102854017726963,0.06247941463922659,0.05904808939633797,0.039027563530867816,0.02326017279108811,0.0392115143200883,0.013681448729874259,0.038025649261915324,0.03585677861248938,0.0046204531839586,0.0015073594705502322,0.0051290168837490584,0.008255639629801387,0.004620455134280878,0.0539771680164974,0.053206159789431016,0.060897891355054704,0.057863176459490864,0.014637457548241329,7.744602015175203e-07,0.019324145265053563,0.005226965074839736,1.3034226615047615e-08,0.027075708778800785,0.06250278601228318,0.038435898704452874,0.004571992485111356,0.0241093049427989,0.0438447051850995,0.0391183468115635,0.013960655544381072,1.9727015572879744e-07
3.000965936081376,3.001406910030168,24.00908211583615,20.475154229518886,8.414106547802893e-06,6.6721773452531e-05,0.0037545864323610613,0.007036408725117336,0.00530990874427533,0.003865536290783071,0.004618088270276246,0.004123048689977747,1.7925607764133296e-06,0.007750693580151409,0.0002343590498503331,0.0008932642947644763,3.0071407831767676,0.0033003595075419396,1.3531827080814294e-05,4.001459235790598,0.037938319107870086,0.037152009989444214,3.173074803979209,4.0014587808721815,4.0014587787965485,1.1233339516771488,0.07250650134170568,0.05066298716154424,0.0702148979247893,0.07660505253243574,0.0712950781365154,0.06944203085303512,0.06994307527274389,0.0696116729015033,0.04571882113817838,0.057546395842643254,0.05225790155869483,0.04090515158845143,0.06609778837452547,0.0266649889967843,4.001460503993232,4.001459709407528,24.009082111610795,4.001458772387574,4.0028743059075085,4.001458818369704,0.010273308896054401,0.010693162063038103,0.01006690661953782,0.04080398563796893,1.0009276277677726,1.0009311329099422,1.0009304133466206,1.000930971211206,0.00042650524371857634,0.0004780581863955699,5.091295131278452e-05,0.00047269912056537776,0.00047185700931372964,0.0004718683725332355,0.00329792373826244,0.0022451441348453013,0.0032998071764305794,0.0032990203858707812,0.003298782152525256,0.06680349195824867,21.008212465485606,22.00799828444692,4.008343669667175,1.0073879886640178,4.011865665941809,4.005186686277009,4.011264566402724,4.001542793303648,4.006955404965694,4.003619162997219,4.001466285686868,4.008134234608384,4.002378851217896,4.001475449240724,4.001498149328268,4.001467713294179,4.001477983962829,4.002261674420654,4.001458967719207,4.001459611191451,4.001460237839893,3.0023839750804626,4.012157927745318,5.00857812828272,4.001474129876421,4.001467892199061,4.001468493411695,4.0015433440261114,4.013156912635937,4.001467352017177,4.001527619482654,1.0004992182842984,0.0019658296011758106,4.001475184663643,4.0014590721483545,4.001462721338961,4.0014600765596215,1.0006837949482807,0.002815798548784821,5.00535901226261,4.001458836129908,4.020727127146586,4.027929789724474,4.053328771008293,22.47611170562468,3.0034117339192408,4.0014605938747,4.001459849994718,4.001460181528949,4.001462842469472,4.0014614838512355,0.00029911642873011384,0.00029840760477296857,3.1737010970659774,0.000334603502986086,3.1738616576604244,3.173306083033816,3.173094910325488,4.001459633140035,4.001459493611276,9.014686518209619,18.007514055091566,4.0028606494192545,18.00698315415509,9.014688210292823,0.005672562418602043,18.005634837099304,9.014402837020404,0.06582122798162852,4.001460875121613,5.001458882045455,1.0000033280496081,0.005673124173839657,0.000286702329087629,3.0009657770288944,21.00819318220732,4.001460269507191,43.52530593361956,44.66360649540094,36.42035774469009,3.021091105880839,6.01034094966388,3.020272340109707,12.033205220595132,12.033535797668314,9.013224438913024,12.04402649850867,6.010388550197217,3.020381602651188,3.019495808341776,12.025765927394161,6.014685346937187,6.0146849214676115,9.013727235339411,9.01372726151897,0.0008775568867921648,0.01992128833387706,0.0063591645547743806,0.011093516225495882,1.1115483263395031e-05,2.0200954455748112,0.0002866953164548061,21.013859478116284,21.00651440868818,24.02167677449817,21.016091661228696,18.006693494966363,24.02262980902676,12.019006203779371,24.00977564848382,18.005647237822743,24.010287261148196,18.005025000806842,19.00713175355896,21.009320859900175,4.00146842368762,0.0005678352907598561,4.001656466128826,4.002500857057207,4.0014684176674296,7.012426975099586,18.009505708199352,17.011133242193583,18.011479201232326,0.0032357430235896807,3.629346173201739e-07,21.007581684521863,4.001659578622793,0.00022605405757908907,4.003977020780781,0.040680113748725516,24.009072986366164,4.001458881233966,9.014688339212011,4.004528872795978,21.01027976025912,4.003048577828194,1.8746891301367254e-07
0.005583999575728765,0.005655295026520588,1.023383588880478,0.010213856340774983,2.221526500686789e-05,0.0007091309140616414,4.014687894794115,9.019985627296643,9.016288134393214,9.00723395848863,4.007444801041099,4.015188663083311,7.826893416742269e-05,5.013064438350481,0.008556514231442037,0.008624845710259767,4.017853949347769,4.010423946769088,0.0026637980541408786,0.005763218822649711,0.006583084491954915,0.00634581645104544,0.00018262409847631214,0.005760783240362354,0.0057613676128694955,61.31132636661551,54.219224738120325,55.16143060180207,51.48271278712182,59.30159429090794,49.70749845400078,39.06296577926695,43.06364498828452,39.06308249006027,39.051827747074476,38.06788257641533,34.14346802462466,35.12156139095215,43.05309203020523,14.022299211527406,0.005772396757067905,0.005765947723808351,1.023383389512244,0.005760912085142842,0.008171595947500472,0.005760808305296393,19.03901504923,12.04286525376093,12.01617711581274,0.017622309091582522,10.000252609275563,0.00025294468124504633,0.0002528298737125083,0.00025292407959861076,7.404685848056912e-05,1.000697477956805,0.0003015840560906397,0.0003741511968806679,0.00037036364703412633,0.00037036949110961706,4.010414801367817,0.0032438074657991883,4.0104190936154565,4.010419609171049,4.010418724537311,0.022362490936370983,1.0195691994442473,1.0203107104422382,10.133009261739575,0.12760311954336478,0.13499911415550575,0.026648705725358934,0.13084508720846014,0.008352574178472284,0.02592629219010206,0.014863972448227871,0.005783107911958463,0.1256552921877645,0.012206813300495356,0.006386032637873566,0.007161346705502498,0.005827195145818285,0.005890339665325111,0.0074526043824581405,0.005760814985451155,0.005768058489104882,0.005772853989612221,0.00799527631710268,0.057329082047614124,0.04955863474550221,0.0058773938957687,0.00580996769576912,0.005831206682344282,0.006131636362777662,0.03585639339117181,0.005873254449398336,0.006072532523806835,0.00023894241830356335,0.014794206142911768,0.005886681035546335,0.005763552344641539,0.005798180290290493,0.005770370693003952,0.005033678727686966,0.013631658742272052,1.0095131556638448,0.005761032069805548,4.024080445425274,4.038156962079588,0.04341854083240374,1.0123796771834621,0.012530125072022315,0.005775084588331626,0.005765194188822753,0.005772045268154886,0.005778737474283817,0.00577637375521087,0.00017370336852983747,0.00017057741635408707,0.0001826983630625176,1.2009976416549276e-07,0.00018273345784755265,0.0001826747330193588,0.00018260950626110102,0.00576393640891694,0.005764219424769882,0.04041867283846875,1.0140387077095738,0.008094722596109464,1.0173567841677598,0.040425970584410706,9.016715533307904,1.0159014329727367,0.040313040041487544,43.04334290252612,0.005780087136883377,1.0057606551840377,1.0000206073131686,9.016703469480792,0.00012125009725121773,0.005583579475894318,1.0195012050144734,0.005764229939811893,0.05571142742197413,0.05647763531220697,0.049794356886815466,1.1488793779176532,0.03410821382841276,0.12984504176805964,0.1842317443529967,0.16820275741432184,0.04012058155625457,0.19131380220028535,0.034691185046832815,0.1381514940420197,0.13880069721029328,0.16463867166867702,0.04038678603976832,0.040384910104669505,0.03742559006309388,0.0374256570653827,0.0027185689073815564,0.020474876460634468,0.004917075114487094,0.012092338488192569,2.4989486922266407e-05,0.009888905368742672,0.00012122516898005783,1.0616300869750395,1.019874416176159,1.1780570394814036,1.065256678985314,1.0236107069549256,1.181656409370456,1.1636204005520723,1.029315896764582,1.0181436905468375,1.0277452202128565,1.0163376905697425,1.0165443239012388,1.0220957061905567,0.005840108037962898,0.03253725009112027,0.010683353911270928,0.006308111086015743,0.005840113092970626,0.08416159511219459,1.021209296200123,0.030245184217917682,1.0270641238609026,5.014139006725901,9.38362685432803e-07,1.0199391828021052,0.010709146176880594,7.730096276603236e-08,0.022298066751071224,0.018594947321170438,1.0233563473333527,0.005761240715130522,0.040426240989996726,0.008151724984315961,1.027688277506805,0.01293185040962438,2.977719058094518e-07
0.017148893692712486,0.017204165924466306,0.024180219619969006,0.004831916444425143,3.922030804714457e-06,0.0005306176888371982,0.008165589172094494,0.012896642477127804,0.008763853775067035,0.003703358702682024,0.004288456358745815,0.007850191769300635,3.607824540420124e-06,0.007217624707727625,0.004437352078738492,0.004514982080446406,0.016927345523612768,0.004941036522480051,0.0020201353538675613,0.0175202587588326,0.004816929037896453,0.0046872994257999324,0.00036920302545010185,0.017515498624210188,0.017515474901236592,0.06826644778494972,0.044604535307692594,0.04186492775538369,0.04520144454164629,0.04812557091836129,0.02625111052616129,0.04232299118627374,0.043197077488578546,0.0424170047853214,0.039163109861586554,0.038221657193879585,0.01770001757435964,0.034116486071738575,0.040987290863848815,0.009066729811288426,0.01755077934436446,0.017525595895994523,0.024180233618295018,0.01751599616162442,0.019895208856854474,0.017515954454406728,0.006547102703746351,0.00540265712228379,0.004691343436624782,0.01392668909736607,0.005716338607830887,0.0029837542514152943,0.0029772014138815255,0.002981388080079623,0.0025364922657293023,0.002562434984032681,8.248687636871673e-05,0.002560190747529295,0.0025519818694854594,0.0025520792578036435,0.004932652862916858,0.0008704767612199096,0.004933669635273147,0.004934288372642399,0.004934021831381734,0.01879314058105833,0.023843021350862765,0.02396521165534984,0.04251261945029283,0.023020036171617114,0.05559585436946765,0.02248330616337199,0.03596340949888755,0.018581716773366008,0.12970791117818772,0.04240057881298605,0.017584955127419928,0.03816374762138482,0.039707390363898934,0.01768259888781698,0.018033974334166463,0.017748767811737533,0.017976543852715295,0.01901466353688379,0.017515476815515314,0.017522880224806747,0.017552336700057704,0.019530454083301268,0.04477552988866055,0.024455565925644757,0.01794975545664518,0.01772036483843799,0.017778079563355094,0.01935007150225428,0.12004013469018017,0.01760791323844422,0.019017147016489766,0.0004853920246329851,0.002692652319489464,0.017983575638620825,0.017520083131390737,0.017549233310544844,0.017545329682198584,0.0020527271015556617,0.008837513864861516,0.025116694245757888,0.017515518724036186,0.10544438260580148,0.15117601305326328,0.17306569516502934,0.021038566502413997,0.03447637649987848,0.017535270457415063,0.017524308466201895,0.017542984064252105,0.01756828130673096,0.01756055569367258,0.0001323876747012559,0.0001307461662943102,0.000369402162633529,1.0638960532165635e-07,0.0003694532102903458,0.000369276560966829,0.00036920941806955506,0.017518982715584393,0.017529674912563884,0.02643297782787581,0.0066924854489394635,0.01958091194553664,0.02360702485781211,0.026436823141760553,0.008942328086915948,0.02296401418896344,0.02633681526570817,0.04092181437649196,0.01753768532237793,0.01788799431269228,0.00045668096713415043,0.008942271119507603,0.0001048238553633145,0.017148860545673685,0.023736622464519044,0.017529718962345526,0.03493874091652995,0.03491002413431688,0.016126421238801064,0.11977312242385445,0.02447394908314717,0.10468510992749815,0.14397427405029897,0.1343434182111033,0.026167323923521037,0.15889747702206025,0.024912462071185075,0.1142156907181298,0.11521288878435165,0.12661800425044534,0.0264350368258005,0.02643401512461112,0.025850921769267083,0.02585096707141699,8.383407443792566e-05,0.017996367943146525,0.003052262598089899,0.015749126057380356,6.543241532992584e-06,0.008122856697030171,0.00010482385511267051,0.05029789551058777,0.023456892738893096,0.08306490336006675,0.033000658050081594,0.0386139475922105,0.04524576119042031,0.06320834015429788,0.0260254418321893,0.022686423371125326,0.024973606101899488,0.019073294386755632,0.023682276112471874,0.007706665972022641,0.017841120195500097,0.00019263316957591746,0.01925785101421138,0.018736987668612478,0.017841120195899802,0.08170693402970021,0.047566606576985866,0.06710936370466289,0.050467933457047566,0.006599642458356704,2.3761297941915204e-06,0.019805263203364433,0.019275883194296045,7.187447854872637e-08,0.021912782604008023,0.020360538719321957,0.024135064844509762,0.017517833712340673,0.026436950763469778,0.020061266962577172,0.024949256769756293,0.02125196486174628,5.276808153841338e-08
7.964029983857844e-07,7.528675922518224e-07,0.0014137032807524646,9.541821325760813e-05,0.009305443098264954,2.712046504961419e-06,0.0022771009412069255,0.003085375846433055,0.0028584547127124007,0.0002674928224483854,0.0027337946900579555,0.0027205159431475676,6.367471833006653e-07,0.0006953828696146941,3.268896338665469e-06,7.435788746683885e-05,4.001324850282781,0.0040554279817490765,0.001447409163278313,9.313943278686197e-07,0.0002563355003315575,0.00025577966439976066,2.9337838286356714e-07,1.0111959295648985e-06,9.934597819764435e-07,1.0010180582074157,0.0001948124368008283,0.000560514087406979,0.0005487726310410272,0.0005664276368932854,0.0005378765929142931,5.8414562804411494e-05,5.844544646967754e-05,5.842293777830943e-05,5.453871239545813e-05,5.5237379494281424e-05,4.767004699067495e-05,5.264957232258649e-05,5.8205326664198874e-05,5.270468068516055e-06,9.360221705117902e-07,9.377961923439101e-07,0.0014137065013704357,9.477532120341515e-07,0.00046469895133975897,9.714245579213802e-07,4.725051883142315e-06,6.892393439579555e-05,3.830719183372405e-06,0.00026364049484725377,4.045350905489513,4.045931506808075,4.0440796705712945,4.040653510300756,4.002926945941074,14.791458786341654,12.503208572712433,15.195688309019161,13.524152054812117,13.53179773143035,0.0049121437858477375,0.004060079879166155,0.004065633041962426,0.004072582667743017,0.0040660097612279745,0.00047827115735110296,0.0013172930135935085,0.0012908940626704846,0.0011560983163213594,0.0011544133949998525,0.0010923518872999452,0.00048617938169873853,0.0014247467635611951,6.623960638248933e-06,0.0008323604920819963,1.9376060454525316e-05,1.171748672974213e-06,0.0011396688887083117,3.912617260679445e-06,2.1100621888150786e-06,3.526319807701045e-06,1.1893671524268551e-06,1.6051895454111909e-06,0.0001842373383319958,1.09055879098434e-06,9.471393775063126e-07,9.344895134842533e-07,0.00046445135452627797,0.00015539565228158683,0.0014355673634717776,2.8327115741492703e-06,4.118939870562557e-06,2.5289100734273367e-06,3.656444609838654e-05,0.0042443364318824894,2.4243163329263374e-06,2.925358517155715e-05,9.730140595736655e-07,0.0002710287028637189,2.8131404340895777e-06,1.046394040052538e-06,1.5050910527956743e-06,1.2479007905863747e-06,3.3233164127082434e-05,0.0004626693873219831,8.198452364445162e-05,9.908910307886196e-07,1.6822016043866074e-05,0.00029585490100311783,0.00027584726718606333,0.0009302162876408288,1.4968090025156298e-05,9.216422741850055e-07,9.227218558624748e-07,9.379400664223986e-07,9.448467863794275e-07,9.412771801842327e-07,4.246818715344087e-06,4.247176022366737e-06,2.8491637265330434e-07,1.3465494540352455e-08,3.0615148934129236e-07,2.853894682826535e-07,2.893678485819126e-07,1.062002781108476e-06,9.40028108445241e-07,4.001147483218941,0.0013176674411513813,0.0004625993451489258,0.0012699256735161574,4.001147551796175,0.0028556914052279437,0.0013145545330416233,4.001144073488028,5.818869049493436e-05,9.240701663902127e-07,9.333261500167902e-07,1.4429654932499536e-08,0.0028556385158100906,3.6490928749640854e-06,7.138442943969718e-07,0.001314775976209477,9.54576517297173e-07,0.0014089154662563202,0.0015319299230288287,0.0015248046573607676,1.0016744273081943,4.001143467084066,0.0014940129444620171,4.002610721818875,4.002573250855865,4.001143719821457,4.002268236753736,4.001145353858061,0.0014541531644220605,0.0014609669358700212,0.001900574407751236,4.000007228101418,4.0000072025290665,4.001143484284312,4.0011434917974995,0.00021447450866710107,0.0003422270167391899,0.0001514247354040363,0.0004521214128724915,0.009305460480508591,8.349680946005e-05,3.6455122761523937e-06,0.002473836715685075,0.0014152343191113997,0.0033219738276290827,0.0014195569678455925,0.00142063291593824,0.003326920438268458,0.0019126895486882925,0.001454314198493411,0.001413566706750345,0.0015004090902763047,0.0014106178749549606,0.0011964816763119152,0.0014970417998112437,9.323511317600591e-07,2.9271604227839943e-07,3.3805253146744085e-05,2.251161317063956e-05,9.328979398493343e-07,0.0009971240444116528,0.0014280918145226865,0.0014953198546435232,0.001549138004518944,0.0026574251509892044,2.541185549617101e-08,0.0014076075919375992,3.380814644192326e-05,1.569578667054852e-08,2.861287141129234e-05,0.0002669981948529633,0.001412501941872512,9.743749860039637e-07,4.001147565312426,0.0003090882486621461,0.000359442447596138,0.0004953311060411951,2.569947452882034e-07
0.012783788378421824,0.012926184490785232,0.0665740184901159,0.01608374567233766,0.019237871868818816,0.0012608423320650823,0.009506174510862225,0.02746755630987541,0.01909717363352662,0.006184226698728398,0.010581758567523284,0.011082196993208436,8.542561831816588e-06,0.014908886556684186,0.0009840947682457706,0.008620898599041624,0.12138601940650448,0.07268418550174692,0.00036632664714004635,0.013716325523600182,0.04565306223024193,0.04353846353924243,0.00033766262939167205,0.013712960569288939,0.013712958059015835,0.25057557111819084,0.16776164982175804,0.14095638363610422,0.16372501146256435,0.18556804527312065,0.13139253893469569,0.16714390298411658,0.16860996132732764,0.16763949011975687,0.1454292380250176,0.12555924382067107,0.08717448389362446,0.11437440434168747,0.15706322866739172,0.04373570473047715,0.0137385728653846,0.013720323372194898,0.06657406764483452,0.013713331210337467,0.01735837822126669,0.013713293399671094,0.03480443795569677,0.045702789709220204,0.03361439716456438,0.10668149098371833,0.001754629987502102,0.0017609343033778116,0.0017592216272985758,0.0017605448484079292,0.0008039588347722774,0.0009927467541471066,9.147763071753765e-05,0.000884281562262184,0.0008821027882586646,0.0008821231705172787,0.07258239603054398,0.0395381984917245,0.07267123659426221,0.07264319107477134,0.07263083758935282,0.2594079175150095,0.06528730730138867,0.06620837383087626,0.03229179613125622,0.019836803994985646,0.04768460920099256,0.02211756831160471,0.06057616701452148,0.014288941847312182,0.04481359582429198,0.034152202221263674,0.013780550411787093,0.031310496129886504,0.025534493487380832,0.01383449933094025,0.014058621903471152,0.01393085182000593,0.01420942747746036,0.024178813608656455,0.013712983744638845,0.013718133666620107,0.013739807532994131,0.016435618025138436,0.12810716024472393,0.08368955984551842,0.014349097603448852,0.014392963717013953,0.01417220841365096,0.02096105855982325,0.38429275999210716,0.014149200219481703,0.019509764391725325,0.00112309965475093,0.023575490511917895,0.014370124441747963,0.013724284827672118,0.013821692096466418,0.013785803356830764,0.0013298693196040232,0.007550639233522786,0.021604904555811544,0.01371298840956456,0.11851098583652205,0.36089103513000237,1.1709164770098741,0.0177200083397738,0.03631806669054521,0.013752380206992255,0.01372570281522779,0.013731867404491773,0.013750953934352704,0.01374596553617398,0.00033759559913316674,0.00032841706362754443,0.00033781633643075994,1.007161372423149e-07,0.0003378619505044319,0.0003377068481706594,0.0003376503911525698,0.013715696974302707,0.01372340593109081,0.10133172924851397,0.0523312086141762,0.01710867014235211,0.06392281624204044,0.10135319190481733,0.019314102442105605,0.04690160498101978,0.10116381461715888,0.1565408839526325,0.013765538726301712,0.013713220473159931,6.229824974855126e-05,0.019316327155358946,0.00018399804790727683,0.01278362179950927,0.06493121827368284,0.013723453375054746,0.07416677675669187,0.07350186930340735,0.059518169970624805,0.216496384430503,0.03907478752085169,0.21846854730079776,0.3108174581371836,0.2896053816772877,0.09889362212075717,1.3904082353912532,0.04010356094571162,0.2016804806018893,0.20416777905726946,1.1809764688333901,0.10121296678965136,0.10120722488482488,0.10069293681892832,0.10069318929524639,1.0394148735272928,6.222364090368166,2.51711738970819,3.4467579453761736,0.027788657681803153,0.016593631536623576,0.00018399869262344742,0.08289116280682511,0.04830998776171946,0.1144540411462805,0.08627388207045407,0.04725407891046675,0.10158804332875415,0.0914834574942863,0.06719583192488246,0.03390301394514624,0.06753311521727903,0.030643241416380636,0.06486504745336852,0.05447724511755674,0.01395283325389039,0.003014687393385268,0.014300900811859876,0.014307026879546374,0.013952830477711092,0.10662524683821566,0.061906325052436394,0.07930236504670671,0.06756171490537281,0.01589709862345337,1.939126626458046e-06,0.04857517760937207,0.014376670061367683,8.05212930965713e-08,0.04933338031691095,0.11481114191123634,0.06641830967463068,0.013714677681743637,0.10135383798018557,0.022074995461022467,0.06734677206765861,0.01749800692175843,1.118878773892539e-07
2.002617098581085,2.002701790153331,20.49765077505433,0.009664640793624292,2.5278098737067985e-05,0.0006226354013097406,0.015721777933875268,0.03257452584360888,0.01673573681798912,0.0123140310154623,0.016381987801744297,0.016150466712756686,7.902955195100305e-06,0.013746152395842079,0.0003616703131752424,0.0007299335338836275,3.009541570800596,0.14078637647445044,0.0005852070007974018,2.0029139296467826,0.004678244032568817,0.004359679118874695,1.7052242819280124e-05,2.002913219069319,2.0029132252709347,2.0639272808170945,0.03315120452473423,0.031449640060128244,0.025372454634360102,0.03661317057071059,0.03082907107122464,0.02194868329257838,0.022513545470172626,0.021982336797961546,0.02027533659529062,0.01791197368601327,0.01255645009633341,0.016071481535775253,0.021734070428617677,0.005571895882915914,2.0029166170423838,2.002914628338577,20.49765150546629,2.0029132482973746,2.009892216183835,2.0029132471898285,0.0062404332394286706,0.0059684464939806685,0.004928301683525081,0.02171297018412456,0.0043328736727995774,0.002350725553975403,0.002346153121342416,0.0023490881562941816,0.0019976006947182916,0.0020166022556731356,5.8962101174329164e-05,0.002014613684019423,0.0020087461100733906,0.002008822087923842,0.1407836658286288,0.0011306195856705809,0.14084232213059142,0.14092985972694558,0.1409077886606009,0.028418119944129117,18.498965457248335,17.499000585640523,2.0167502685350027,0.01217491808483108,2.0203974770297415,2.006971204028876,2.0246049702461546,2.0031428513716736,2.0225690938893788,2.026329527903721,2.0029445709143974,2.0142463961269894,2.0065509852720362,2.002948711362603,2.0030048316907982,2.002941708722902,2.0029797185786444,2.0055988363457313,2.002913239287198,2.00291448117673,2.002916763657267,2.009597667702504,2.229266119071959,2.030730565639216,2.003029846830774,2.0030617254570244,2.003002182128045,2.0045238124241647,2.110778497024407,2.0030257689767836,2.0041988078501167,0.0003345356790789167,0.011864389974145698,2.003031912709492,2.0029156581964496,2.002938429001445,2.0029285541014983,0.0010553884455621462,0.010459200630459093,4.0123113350202875,2.0029132049994542,2.0940442133640316,2.177423844812567,2.203942261277603,4.005249194491069,2.028712400212595,2.002922411248302,2.0029159386961037,2.0029160464107654,2.002918608464924,2.002917802162993,2.0000402695556705,2.000039933513584,1.7048020260404675e-05,2.4942741899891136e-09,1.7046896117405997e-05,1.704512046733904e-05,1.704389230660801e-05,2.0029152716081815,2.0029144559358913,13.009540478309212,18.490778802129775,2.0097950090043435,16.493341126840768,13.009541266155836,0.017116044556965675,15.497107945657696,11.00950733014422,0.021700093071260074,2.002925783010408,4.003200437082241,2.000294531636912,0.017116206786505283,2.0000346439871004,2.0026170757846913,18.49336663194533,2.0029144692683607,15.515528269793238,18.517582345745666,16.514753498536802,4.094982298049819,8.007360400540907,0.0963597065580574,11.103926900390613,11.096974499799465,8.009375690868952,8.098068151191713,8.007750516768851,0.09073599481385897,0.0917490573236654,11.04288318715041,10.009381539379955,10.009381331329177,11.009137526803269,11.009137535013732,0.00034025259726553844,0.05632119899184067,0.026134254678844317,0.05609370708390376,4.142295979184891e-05,0.010739436101321102,2.0000346407535923,19.50381421942661,17.496375759747856,23.51945884970531,20.50964864810573,16.083625275526597,23.510057749302216,14.511450534493472,23.495975397935624,17.426718244683855,23.49878344737784,14.081996520285832,15.49915623848296,21.490980427968505,2.00294142764432,0.0002064028313942929,2.0040649146384983,2.0071264515914002,2.0029414284426914,2.0463277829290396,25.528086203451704,26.555863897491538,27.53912708712153,0.005760821616053152,6.392376995610339e-07,17.076149557962857,2.0042319041027064,2.3896630172743245e-09,2.015864415169515,0.023235147119715117,20.495203508830727,2.002913411434471,13.009541292602096,2.0137775502451554,20.498509269000174,2.010543139652873,1.1363808815711584e-07
4.0006177385714965,4.000626167234895,39.22087149419922,0.0011688684174406539,3.3296369362417186e-05,0.0006931087149545504,0.004091011024625415,0.006581276145082389,0.005364750482830506,0.0021052206413537723,0.002220326955177709,0.003962225098163201,1.4514360978284094e-06,0.0037674494859809516,0.0020332901218515836,0.0021934428917554597,3.007359930896057,0.013496250199868115,0.0005818261877698136,4.000747416855493,0.002385130878224214,0.0023427281849338214,0.00013051422284763735,4.000747056511476,4.000747101819447,5.0175136840568815,0.006956269635430855,0.01146817931519442,0.012850449692878298,0.014275556204737526,0.012247916207266582,0.006015089140001199,0.006036056780236793,0.006021874494628855,0.003337122000168783,0.005701677149970055,0.004058856068177577,0.003110012957003596,0.0058739995584046415,0.0011636897955069343,4.000747802965558,4.000747626060834,39.22087163465156,4.000747044244856,4.0012165245106885,4.000747050334138,0.005895810619820874,0.006827299759314462,0.005795935074673973,0.00589545186804002,0.0004027779325431179,0.00039535358133110287,0.0003951276642598978,0.00039528097272126716,0.00026234767923667007,0.0013600438259776257,0.000974613065975955,0.0012316459008188756,0.0012171773045347048,0.0012172195827346902,0.013493827917557606,0.012971936787571081,0.013513663197885668,0.013503867604568918,0.013501576455714476,0.00791827383879601,35.14524746145436,34.15264104469252,10.01772235088602,6.017094289049751,12.016377948253638,8.03157602440055,10.018503651848524,4.000991609831505,6.005446122491313,6.001797462804814,4.000748313563166,10.017035448686167,6.001414856729034,4.000793597729827,4.000850577442912,4.000752322939402,4.000759143059716,4.001630296235626,4.000747075529768,4.000748068470578,4.000747886394443,4.00108755757981,5.006562618526189,4.0077241433456114,4.0007622288821585,4.000765135883076,4.000758421140245,4.000939966446492,6.017584117772856,4.000765216782912,4.000901412353356,0.00013519627580362497,1.0027828311014437,4.000762585909367,4.00074739383503,4.000751066906086,4.0007490114919335,1.0021742753135725,0.0009800982339873091,9.002481850298226,4.000747048330317,4.002694813702864,4.008496010849613,4.015455862999028,9.004338369773173,4.001228439817135,4.00074763037678,4.0007472378702,4.000747910210113,4.0007482925701305,4.000748152961911,1.3085081601602528e-05,1.2976297131103102e-05,0.00013055275197013818,3.1869679500380327e-08,0.00013056254578077008,0.00013052751918885474,0.0001305087071083515,4.000747174496264,4.000747227136783,11.004224434805398,31.14343483676434,4.0012111432776996,31.069105921893378,11.004224695687816,0.005390381322838294,31.146203055938898,11.004213784952569,0.005869675966149626,4.000747799650544,9.000747088125967,5.000001112250356,0.0053903328451615894,1.124538521394255e-05,4.000617694486155,35.1440429492885,4.000747228475738,29.1631600175457,34.23134881141108,30.23041430559115,0.0524778657398972,7.00382473824942,0.04508539244706452,11.057896389138657,11.053724635378057,11.003601928798043,11.061515059788459,7.004252476040676,0.052151872898317735,0.05155435817100725,11.055435259621063,8.00416293212369,8.004162895478506,11.002672754736798,11.002672756748385,0.004597962731118597,0.008887265463402988,0.002683208377566843,0.007490275830282268,3.510075627020712e-05,0.001966939580701712,1.1236417176615822e-05,46.67667871817752,35.4358797427938,58.44785328874303,53.482361698843306,31.337164954218498,59.28419251701558,41.65590434880597,45.280005865765546,30.221376651257785,46.336640031291665,30.220701142752787,30.079635538295634,43.33453641189137,4.000751085566074,0.00027172896274358467,5.002795999205662,4.0007741976084485,4.000751086282882,4.0316551636472395,34.20344768192014,30.205583099754143,35.279700077479625,0.005192686542965012,1.298785387079908e-07,34.219479480330484,5.00279734533112,1.8322840429601194e-08,4.002176994421831,0.008067026440817488,39.22026027332913,4.000747066245521,11.004224702316982,4.000941532330208,43.33609894671396,5.003255544218398,5.274992519463183e-08
1.0012393726862048,1.0013025760284322,1.0451915031070036,0.008636794764104122,1.0361884644446588e-05,0.0006033924674913225,0.013740081526293567,0.02794007039560573,0.016634685850646966,0.006821508329037629,0.014632831399119427,0.014539842008442303,5.788728873220468e-06,0.01012811466332092,0.000810673000683756,0.0017935989765488847,0.009903917261832701,0.05735932486229531,0.0032994513642413134,1.0016112491727005,0.014590903527117746,0.014028771631882701,0.0001612003612752349,1.0016062177743206,1.0016061729066186,0.08672504435803799,0.04152928566227802,0.04406449556118807,0.041305685815851007,0.04852660061507129,0.02718945319331223,0.037147499020616065,0.03740883846659289,0.03723327834028318,0.03437781871839213,0.027698136330688416,0.013498373997070861,0.03131079910000727,0.035393522480572905,0.008641680682320383,1.0016131716121877,1.0016178447904918,1.0451915399660947,1.0016061876089748,1.0056484035445266,1.0016061840842536,0.008275611446674,0.011603085406899975,0.008008088025122699,0.03668447979598511,0.0018247790624783234,0.0017481159406346383,0.001746155237971971,0.0017476597866093765,0.0013496707894277446,0.0013725883334009808,3.783356410008802e-05,0.0013632413002020137,0.0013598482456558935,0.001359893528822097,0.05735643134507676,0.000995902541064264,0.05737561293765436,0.05740358009894267,0.05739643092370315,0.05358453578788637,1.045163525660559,1.0451436981410207,1.0194960076677664,0.01818043554746264,1.0267502129725508,1.0064269978255487,1.0284095976785226,1.0019139267028725,1.015884270038458,1.0275645343676958,1.0016526130775476,1.0186411791107488,1.003480607488498,1.0016572212237422,1.001726089563666,1.0016422285409976,1.0017010457203155,1.0070347998803555,1.0016062375288628,1.0016129648106697,1.0016121522812098,1.0052833141777444,1.0784625879736491,1.0351777285128925,1.0016579144028033,1.001666011793867,1.001644919804456,1.002225285054468,1.0554872785385112,1.0016944513586803,1.002103381562853,0.00039615633804969587,0.013019019117947683,1.0016591546116784,1.0016078765830048,1.0016288800230504,1.0016134386459536,0.0007726814962675529,0.0067163870253011005,1.0055078730345042,1.0016061755720735,1.0252787579800586,1.0776482424421165,1.1028088029649208,1.0045882861177604,6.0044076804709,1.0051875175894762,1.0035707327569345,1.0016102481133635,1.0016118718887137,1.0016168417805504,4.5116501282803014e-05,4.48953634036443e-05,0.00016125765639341658,4.036732536751242e-08,0.0001612706847679644,0.0001612164294728221,0.00016119615767833518,1.0016074372860726,1.001606753282966,1.007294553967454,0.043692177024931785,1.0056030153610456,1.04483284724863,1.0072950697893686,0.0170633506562324,1.043536718946853,1.0072539915817875,0.03532017263966215,1.0049724302624845,1.0016168198336959,1.3577381878860242e-05,0.017063503256960096,4.141209444224612e-05,1.0012393765176695,1.044890314685731,1.0016068209708981,1.1324309748430743,1.053877536712358,0.05200993775362415,0.14925211443807876,1.0051228637021046,0.15135853600934968,1.1558281753279376,1.1428269113875675,1.0068878331520639,1.1554818798541087,1.0057074397356731,0.14160581289310561,0.14333503129254216,1.0884166874602124,1.007095304406082,1.0070951314932477,1.0067830928583053,1.0067830979665355,0.0011699305986292339,0.028225931648400437,0.008978484050737352,0.03469188297169519,1.660795349722403e-05,0.008521008559554274,4.140256858744015e-05,1.0532482547995203,1.0436210248201818,1.0651832258937106,1.049100342140749,1.0199564625310313,1.06274290248895,0.06275441376317221,1.0455244819678113,1.0320240709447437,1.0454379076555498,1.0137329164696611,1.045069749929667,0.043957261935542,1.0016174263213746,0.0005047942740080246,1.0021111069141444,1.0024508864048143,1.001617450005413,1.0835916103504781,1.0458956216329593,1.0523829477532387,0.05130830053574226,0.010589485036249789,6.226749058817608e-07,1.0149913711108998,1.0021533403844582,2.5325443761063423e-08,1.017670458155241,0.038453678275117885,1.0450721994168404,1.0016062526319958,1.0072950934865217,1.0156751630600522,1.0452408717233757,1.0060024665620886,1.1389765597960414e-07
2.0125034927465425e-05,2.0135552546731933e-05,0.00038277980015927746,0.0016296620720231986,8.790503785542089e-07,7.19696849579348e-06,0.008912896424451335,1.511129450189777,1.529819804649586,1.5011330366716495,0.007985540471398517,0.00290794888994245,0.0019561865496620645,1.5072931236021105,0.0021140076989617654,0.0011479240749351963,0.00042135414354282924,0.0001730892611586373,0.00012416292249172673,2.0513768074700143e-05,0.0001890912644421529,0.00016459862693916777,0.0009468742894980424,2.0513727815839912e-05,2.0513553027853555e-05,1.8413642672763981,1.6894330894145426,1.6284057904601834,1.534541851770068,1.6586350374200574,1.5522000016375213,1.7100711527132737,1.7402724236569058,1.720258433197257,1.4938800369505283,1.4944553854402174,1.54183515039084,1.5395763963009181,1.4924251027321993,0.04263726005859486,2.051628270725292e-05,2.051430793600475e-05,0.0003827797564207024,2.0513362825857413e-05,2.4673775836327077e-05,2.0513409614817835e-05,0.0028704332374544124,0.0029632944175471765,0.0010498405795252106,0.0005458941649649228,3.804916262511766e-05,4.3616074408458795e-07,4.302417373903451e-07,4.3223651926391586e-07,1.8149886543989328e-08,0.00011723827948125977,4.283123560271779e-05,4.2750148340840326e-05,4.246767599526119e-05,4.246832735190093e-05,0.0001730506188457139,1.8229199724878615e-06,0.0001730568829094358,0.00017306625764428965,0.00017306388507900295,0.000955659891249587,0.00027240298219794677,0.0002420835694225316,0.00020557465750893787,0.0001479126238385308,0.0001657422876009101,3.921529863806249e-05,0.00021794634518865807,2.0799484858576965e-05,0.00013464557696230567,5.377995447191902e-05,2.0518705931136462e-05,0.00016724534001867747,3.8830302821418886e-05,2.0573142787803084e-05,2.065315073088289e-05,2.0573387130321246e-05,2.0688848612317264e-05,8.777304422248879e-05,2.051370654914598e-05,2.05143492660679e-05,2.0516411520850418e-05,2.428522790675174e-05,6.867920344376482e-05,0.00038111514539214864,2.0563318992551465e-05,2.0538861490121606e-05,2.0544940439366378e-05,2.0704170017458276e-05,0.00016421580363169098,2.0531311239367965e-05,2.067132034546017e-05,4.3969020125812485e-07,9.86262366547759e-06,2.0566679978672045e-05,2.0515869004564772e-05,2.055315171074881e-05,2.051892062932371e-05,7.064976836648355e-06,1.1655545496903053e-05,8.89024367090698e-05,2.051346174507314e-05,5.875929633441458e-05,8.485222367163397e-05,0.0003301830644286375,0.0016509308233577796,0.00035145656416019023,2.0517672057198897e-05,2.051497461706925e-05,2.0515807105202116e-05,2.051781161922964e-05,2.0517173994135733e-05,1.519009938861813e-08,1.448548983860283e-08,0.0009476420718563499,4.1020604667435646e-07,0.0009478388872900094,0.0009471578045838365,0.0009468989301439847,2.0514259823327855e-05,2.051445512261565e-05,0.00012657255065319557,0.0002521461275064368,2.4649024980643304e-05,0.0002213961735276916,0.00012657419815199987,1.4985445950425547,0.00024381257826915046,0.0001265722625854077,1.491390788844144,2.051827617844805e-05,2.1581553135993225e-05,1.0747649035056523e-06,1.4984175024991757,3.4230563729611235e-09,2.012466615854917e-05,0.00027226768559924017,2.0514600772220793e-05,0.003357116249303027,0.0032872484854215545,0.0022585209054628054,0.004466668125236852,9.766447072146987e-05,0.002632264343952782,0.003422623614147871,0.0027933033495709,0.00012600067154078313,0.010215649920940517,0.00010202197874895889,0.0032457968793604217,0.0030293814690969733,0.002512463914065178,0.00011535512079206595,0.00011535470117329975,0.00011109912552305526,0.00011109913883380373,2.9003603526774857e-06,0.0002795378150907276,0.00014794756333881586,0.00010500415134616071,8.862962267766945e-07,1.87443102665612e-05,3.4024624388923844e-09,0.0006246072301714537,0.0003541479340637915,0.0010013863740983933,0.0008413142589654584,0.0003481694497028525,0.0009763715785564564,0.0005330463479099213,0.0005130016544444702,0.00035273942520667437,0.000592956646651347,0.00033577785588722984,0.0001321258838730682,0.0005726356493253662,2.0538354900092965e-05,0.0024647373967156467,2.719438811880509e-05,2.1323146271148797e-05,2.0538371116173893e-05,0.0017177090068957138,0.05893609567766852,0.05904209851540739,0.06275545390609415,1.5268347529489952,1.6510285814663002e-09,0.00036442522580906197,2.7196052335053095e-05,2.771288740388142e-07,5.159439281366312e-05,0.0005706992591244139,0.0003826997183095734,2.0513472619463485e-05,0.00012657425069075994,2.3634707052241873e-05,0.0005816883702657723,3.132394920634873e-05,5.906253938459999e-10
1.004533200992199,1.0046612632789513,1.0320562910010003,0.01240666489101508,1.8237543063659144e-05,0.0003336030085081692,1.0067601558603898,1.0161427926157238,1.0071153394550072,1.0052668433772447,1.005621222206179,1.0068685126196906,2.6083538830402273e-06,0.004238656244904471,0.0015258628348740135,0.0015741706928650452,0.028877391286713527,0.015072764517029208,0.0002537604046750023,2.004978606045028,0.004673416802654169,0.004554217228716691,0.00022049469839192497,2.0049771930042164,2.0049771856069296,1.0723409564101523,1.0454542140642749,1.041168590358055,0.048319693269381875,1.0541912626040015,1.041561518593666,0.0394493679265187,0.03969260862974037,0.039531530930264604,0.03666162050344402,0.03338344715172036,0.02071682958330708,0.02509375983716309,0.03774569968004791,0.007924653068962742,2.004984698364894,2.0049799572963893,1.0320563357520822,2.004977248791265,2.008236642933566,2.0049772453766272,0.004818832576310431,0.005221277975276221,0.004734892429431757,0.012984210067926329,1.0008540651215323,1.0008556324100597,1.0008549950706398,1.0008554843206343,0.00040135328888960025,0.0004356938181187275,3.705870986287453e-05,0.00043414557761041315,0.0004334346228670132,0.00043344356078757273,0.015053810725722951,0.0061620971933199695,0.015062685077766475,0.01506169420256482,0.015060241163519979,0.0189190560857793,1.031856433454547,1.0319418234497626,2.04423768483487,1.0397967197757274,2.0484916991359015,2.0083677090522816,2.04869709937258,2.005637909802,2.024587315891517,2.0168039754793017,2.0049937600241097,2.04250874718601,2.0094913839300217,2.00512947160891,2.005332189847409,2.0050274927995777,2.005081521756582,2.006990422986558,2.0049771652016983,2.0049798134153374,2.0049848986712115,1.0077949933379209,2.0791644186224727,2.0371517340379386,2.005086146931441,2.0050526473398564,2.005048269471831,2.0057028458210033,4.063060009395223,2.0050237505042356,2.0055638490029755,1.0004931507395916,0.004449781218174169,2.0050926567059486,2.0049797784066836,2.0050070867342824,2.00498748692168,1.0016945103972532,0.007320887027353143,2.0104400400998617,2.004977162692722,5.372694855870966,6.151480234103558,6.583093206958063,2.022757823628979,1.0109157189174105,2.004982409992435,2.0049796629099195,2.004983373267347,2.004989374533075,2.0049869013758888,0.00016599931779926795,0.00016476193019104713,0.00022058959000322963,8.458962152938579e-08,0.0002206345007781216,0.0002205272675315376,0.00022049357891926825,2.0049786843304447,2.0049800003314013,1.021844171020527,0.02731249405000514,2.0081593230714314,1.031537268064381,1.0218470854178079,1.0072535402126068,1.0301865049562335,1.021703991368227,0.03768934453836209,2.0049840757148445,2.0049773282068353,1.6000908104084947e-05,1.0072535462370522,0.000145038917937726,1.0045331394249875,1.0317007701129552,2.004980002255644,1.0424061788108137,1.0423013076102252,0.03605417458768062,0.08847215590861418,1.01484518145935,0.08862705614008828,1.1098170881773683,1.1022794784030943,1.0214835248280316,1.1205559674319052,1.0151578875046106,0.08487126739787464,0.08445595304621267,1.0503735240272436,1.0218314613682233,1.0218306862454867,1.0214341539968623,1.0214341887937468,0.00013705581493843961,0.044724251630626884,0.005037293088245671,0.031715938767454,2.6734716553912538e-05,1.0152846132523734,0.0001450363171757829,1.039325249153601,1.0304272509795251,1.0800559980691842,1.0378664988678856,1.01642216259965,1.0735233443216943,0.07276755295387356,1.0333071555204674,1.0234518782286453,1.0323551186344064,1.0123098280938665,1.0317269140537801,0.027681176452154645,2.0050384406122386,0.00021973037918650545,2.0063267065912234,2.006767746104091,2.0050384427539303,2.047724603344885,1.035430190618038,1.0398703585298428,0.035499850243297076,0.002836644941275902,7.593002793960715e-07,1.0137697244835198,2.0063680328681595,4.132961653571792e-08,2.0092092373788084,0.015319071895189574,1.0319890696258456,2.0049775961010057,1.0218471980407688,2.0073168549080997,1.0323365195828786,2.0094017914931284,5.092865005896228e-08
8.981240168123138e-05,0.00010334617663971015,0.006113744742979588,0.0025023725463701636,0.002261343310526138,0.00029958000056696697,40.21084464890491,66.30826840073726,63.569340475487344,39.21165488918588,46.193494934942045,44.10908394454153,0.06835779264507377,30.150164861339356,8.083088409815733,20.028699744341168,1.0297648971844573,0.021579297061528436,5.713686808235903e-05,0.00185352566105239,4.032618984479424,4.023333468044272,0.0004943383468880561,0.0018535432868497044,0.0018532556797549251,10.062354773301553,10.02143876328813,10.036084182942,6.017441739589321,10.039495289976676,10.038143840902146,6.019991537823981,6.02011218017324,6.02001661896076,6.016961376499834,6.00970121508606,6.0161343223687656,6.0161749311101715,6.0192645032570224,0.012822840571202265,0.001855355972218421,0.001854675284188187,0.0061138222318533,0.001853221963107389,0.00267278092458075,0.001853367448396642,0.013312846818581773,1.026850430668844,0.012783022815022027,13.038716847263293,0.0021941780082409264,0.00220663625724223,0.0022038911067791714,0.002206030739976899,0.0003979539833462117,0.0004981535633978956,7.815258535522639e-05,0.0004716764994091945,0.00047052341931845326,0.0004705227374645181,0.02156270062338129,0.0016463795868872425,0.021568760712125493,0.021575670378025796,0.021573661634887456,20.07231408471867,0.005673777459920446,0.004738796106406624,0.0036960184957355374,0.0036066516405234483,0.005199765778990833,0.002941108985351703,0.011682056079420992,0.0018949034924388758,0.004159389753064185,0.002738348079017061,0.0019873062346050458,0.0036093792883290536,0.0019498335923164966,0.0018600497168260672,0.0018709946441523345,0.0018871766284145873,0.001950640923441239,0.0077581405917887675,0.0018533697087248912,0.001854122720198536,0.0018556579474429179,0.0009250736206377886,0.005807251940375389,0.04589905150860683,0.001903458933944132,0.0018870639221306984,0.0018870001569253466,0.0021164108018299037,0.02649243464627423,0.0020881640546732035,0.0020768384334195387,0.001804312985666185,0.02910934666011299,0.0019065835955622862,0.0018552317193673237,0.0018880662347409687,0.0018599611297672146,0.0017727216931735462,0.0009591236285056276,0.004785748382456341,0.001853456776769408,4.004295478298691,4.009345282858165,0.014941930871604283,0.003869907622816844,0.00558998185485215,0.0018554635184953928,0.0018538000586417799,0.0018549483449635338,0.0018568412212765198,0.0018567875786736146,1.031576172822219e-05,1.0104787151944871e-05,0.0004945762526379359,2.493738305266772e-07,0.0004946447413406038,0.0004944366370032918,0.0004942689050692652,0.0018536140274479224,0.0018538100746694594,0.006128286354747684,0.00558156728662953,0.002668512487106634,0.004993266537247875,0.006128775372787041,66.1920235010882,0.00503009907816982,0.006122672376213541,6.019129911065202,0.0018562226130242408,0.0018530531548462876,4.555097795848048e-06,66.18985659262032,6.900832409355215e-06,8.893954188292324e-05,0.005663949496956883,0.0018539497196445995,0.008532995679302595,0.009013198488048397,0.008483070706457938,0.05868381171746402,0.004683701441594781,0.08210326942588556,0.08774103264181249,0.0816210526202816,0.005631167352574075,0.0747696459822508,0.0049534572632332395,0.07886569441790267,0.07813629321969337,0.08134912387769727,0.005968630147800486,0.005968589174830133,0.003241247256897025,0.003241219626856491,0.013982535241530399,0.044534691899373244,0.061784815793146874,1.0401059539859474,0.0022814004300575883,0.0033208475018248,6.875621332815379e-06,0.0074155585634498,0.005469949275745208,0.008994238905346428,0.008588683152109665,0.005603447157038748,0.009201559571183243,0.0064117718601778935,0.00661199730854111,0.0032281983298007065,0.007384084145856161,0.0049933323579609045,0.004306739750650563,0.007286238046670575,0.0018704113360641615,0.001239424739044885,0.0018647793366256727,0.001981408737156715,0.0018704828650997194,0.06293970917961338,0.004813496041249908,0.005205560842168672,0.006584681806917893,57.53251922244253,6.299495799758507e-07,0.005627932038235172,0.0018659213304270898,2.948860877787533e-07,0.0058472815400256156,14.057588411926751,0.006107974356301285,0.0018532957220237468,0.006128846498617666,5.031568738548742,0.0072253199239576986,0.00267670397001979,6.130464774505783e-07
1.000101353941815,1.0001051643627947,2.0049147803528107,4.000942117387784,0.00022709125004579056,7.678930477939728e-05,0.021716592332539968,0.035580931323956365,0.023110704842719033,0.0019188614869402735,0.022221838424334138,0.022116317604680497,9.594972300599229e-06,0.0012391931196653852,0.0001559608693430973,0.000838878651991121,0.00865918405342454,0.0023103986350475536,0.00151576203402208,2.0001166177122434,0.002392676613990823,0.002375571056732749,5.73019925546638e-07,2.00011618553487,2.0001161712300184,1.007391812032155,0.004055541305494485,0.005717663658907624,0.005426680616048701,0.006114875728626675,0.005510395482945419,0.0010988348565405836,0.001101676863494024,0.0010995413928081249,0.0007248643112259451,0.0010178462230101745,0.0005307806169060061,0.000706707773021293,0.0010849414721257659,0.00014118524215439652,2.0001171053648226,2.000117156530888,2.0049147778182617,2.0001161679380424,2.0022020131057956,2.0001161940140437,0.0009104718233124242,0.0023641565330221764,0.000885737788732195,0.0029008385019448054,1.0000594670498586,1.0000564795046052,1.0000564587596816,1.0000564565571823,4.121257095851694e-05,0.0009070228201184054,0.0008697186216890859,0.0009083488342247364,0.00089649262331935,0.0008965283090998197,0.0023073644009416164,0.0011020484892553671,0.002308121521924269,0.002307941353476369,0.0023078267052389534,0.004851560752032113,2.004767685501703,2.004588815682525,2.011743432780198,1.011640943770635,2.008946389819888,2.0022461325734793,2.0144838618158576,2.0002396295921585,2.006176864107829,2.0010164652756344,2.000149343662836,2.0114027988040726,2.0002672467912,2.000144290677535,2.000178019175229,2.000118693136788,2.0001225401177303,2.000911456335422,2.0001163620371742,2.000117125147801,2.0001168318381826,1.002187088562368,2.004808974410609,2.0121272223515825,2.0001216013715157,2.0001201978188736,2.0001200408041804,2.000141090493647,2.004523096369534,2.0001732545241495,2.000138900669734,1.0000208157836803,0.010152703897935893,2.0001219384914837,2.000116488670138,2.0001211384203,2.0001171875087738,1.0005123991141909,0.002139129009476057,3.0003510736834214,2.0001162423659307,2.0125471232667778,2.0180080965613185,2.0196508705122818,6.000152520055451,1.0020048996521045,2.000116857492663,2.000116865196255,2.000117128318709,2.0001191596392216,2.000118030254815,2.1812608769926567e-06,2.0503234680528664e-06,5.798249800301261e-07,8.542570149923539e-09,5.930558973531066e-07,5.822781905013536e-07,5.663284054647651e-07,2.0001169854604655,2.0001164974481838,1.0034499763070481,1.00465536328135,2.0021868112153958,2.0046601415645804,1.003450284692758,0.023123881393205186,2.004731980061166,1.0034507300111428,0.0010844932153776501,2.0001167962234865,3.0001163343416595,1.0000009406949288,0.023123118802401338,4.030809017667902e-08,1.0001012211192668,2.0047565831512473,2.0001172721150633,5.0070954672867005,5.007384228936422,2.007279487731659,0.030229493293227588,1.003410583377982,0.02985061455703866,1.0336976256106243,1.0320408814999225,1.003435093152664,1.0322946313170251,1.00348170956379,0.029375869005263535,0.029601465447435218,1.0252413388482315,1.00092674084567,1.0009266742451042,1.0027645266034715,1.0027645341150533,0.002488678361376963,0.006923547078628807,0.00762678898832488,0.009140801450493456,0.00022896717309098898,1.0011710608388442,3.313744333333976e-08,2.0094934107154154,2.0048969375972474,2.0169010749410123,2.00665070455778,2.0050104959505783,2.016649452456079,1.0129739851007806,2.0054870971136647,2.0040526769220106,2.0054146160439,2.004053163709133,2.0044477442298954,1.0053015175476765,2.000116446122024,3.917682331199856e-05,2.0006150436566914,2.000586111417658,2.000116439897648,2.0198562615242284,2.0051432181747435,1.0061581394225583,1.006208380041167,0.021628337889107504,2.9837946451520347e-07,2.0040674693851916,2.000615968616024,6.344180730609606e-09,2.0008870221853985,0.003201652949374198,2.0049099723240467,2.0001162262172043,1.0034502865303239,2.0104301430186258,2.002889599841377,2.0026817417647966,1.75204042686693e-07
0.0013956224443884217,0.0014060698276407361,0.002410953024588396,0.0033481372412683627,2.5897742308739577e-06,0.00012405507477273887,48.97810848308852,77.20318941513936,71.6660351819326,50.04151753432689,58.983293215492466,53.883620866233336,0.04739349309353742,22.172930554070557,5.03945206005462,10.0263669390556,1.0059513585417403,0.0010165843624084124,2.4047145186608987e-05,0.0015112250612682278,0.004524013726909092,0.0021572599615040404,0.00011797159772345946,0.0015110890239668402,0.0015109615280894475,12.029093969468844,12.026094471598752,12.026228223390774,6.003157004840788,12.026814431535323,12.025623683110702,6.001844850882505,6.001850408597898,6.001836732665861,6.001728732746264,6.001461180659507,6.001239176040311,6.001444085182378,6.001723098774066,0.0007533351580672734,0.001512658635997367,0.001512214071238245,0.0024109512208159945,0.0015108842053662924,0.028632318871918618,0.0015110029672421468,0.000593986722912842,0.0011714753394804261,0.0006299273359100763,5.006983537576402,0.00017079723519550826,0.0001708853012525461,0.00017081613765680104,0.00017086962641073625,5.4045931130584266e-05,0.0009519922832156181,1.7266760544870148e-05,6.852409555090014e-05,6.351051897669008e-05,6.352325218720993e-05,0.0010143158470441308,0.0001710511622981813,0.001014402058371201,0.0010144870765167926,0.001014472381065479,10.017023353178836,0.0022705467303231006,0.0022511108830589595,0.00366377092963797,0.002285053091264371,0.03384600410646311,0.0034036728390842686,0.03161181918908388,0.0017714348960880658,0.0304021403786971,0.005241810471817817,0.0016276973768979586,0.0031595128075497894,0.0028349141861199645,0.0015166575114154016,0.0015276043490696986,0.0015207906524107922,0.0015310687024902565,0.002066994934276634,0.0015109609217741013,0.001511927160844305,0.0015129056216691918,0.02851687083709698,0.00969773602700633,0.008187273000718745,0.0015264949665732554,0.0015160430878458444,0.0015199821670080816,0.0015469267926112222,0.005957792350460165,0.0015256122097502098,0.0015418881547579076,0.0001222373445973345,0.004039300664844971,0.0015278760765422368,0.00151097008705183,0.0015137838396296352,0.0015118132440927639,0.0005294638487552472,0.027434639918139186,0.0034038363972196763,0.0015109872631798818,6.024588141684914,6.030127764937507,0.004472902748795187,0.00312939578872169,0.0030029949666150143,0.0015114556278963544,0.0015109927724650627,0.0015127976627266494,0.0015140972664963836,0.0015138785828060148,2.096234542608656e-05,2.0899981043871954e-05,0.00011790910602168438,9.080946437632814e-08,0.00011792152653016452,0.00011790749280258073,0.00011786705216206877,0.001520735766953925,0.001511376834797281,0.0020001170777750976,0.0008916462842943713,0.028122837698266852,0.0020953511863281275,0.002000257783296608,76.98770241924302,0.0022296703305234858,0.001980641532286067,6.0017148551900235,0.0015115239314783392,0.0015107536963411892,3.2162604396292813e-06,76.98408159095638,2.00660639639853e-05,0.0013949538903164711,0.002266805450496254,0.0015115582049352522,0.00658412553775,0.006555504522491031,0.004643063469008823,0.036728353788749724,0.0018527367997697051,0.036489312842556285,0.03767091467652637,0.03454602034427,0.0017648977859593678,0.03474231642090267,0.0019864920095216164,0.033962716748840625,0.03437888857214895,0.006031576665025869,0.001996036781077962,0.0019959719910726606,0.0019676305614049075,0.001967590860543188,0.0005703743392104078,0.005857148050812534,0.0008157519989120047,1.0090498081498749,3.4751194457082408e-06,0.002419463634945424,2.0032344667389763e-05,0.0046050338483153725,0.0023745446681284277,0.007390286531330577,0.0036202569842716113,0.003507713223588189,0.005065088316013573,0.0047025237606417815,0.002993937669762271,0.002137330531778123,0.00276674620027395,0.0021122575043898075,0.002113618935870925,0.0013963433690735382,0.0015228557334197482,0.00012415372167881326,0.0019244944586185716,0.02657969680144977,0.0015229673885213178,0.030926962553280944,0.0029248111639705783,0.004311605247311934,0.003097367030331544,63.294026883029915,3.6963956500804677e-06,0.0021479232876597727,0.0019256955320342863,1.5572804023557923e-07,0.0020552944884059884,5.007304571043867,0.0024092382098850865,0.0015108934848349488,0.002000338661691657,6.031352991249085,0.002761629130882584,0.028486747931436233,5.466189153819386e-07
0.00045412665412770964,0.0005139401283824372,1.0041490277648057,0.005787984806431179,0.012683686666631803,0.000599782751195857,8.168488558253777,8.295756565024405,13.372147658525767,8.244246667205362,10.300229065029427,9.26633539642707,0.01060291841440123,4.06370690952806,1.009210177146569,2.0167227417966815,8.036239869444834,1.0787191054788574,0.00017854410822324123,0.0031220456462226383,0.038408699737698206,0.037351310001709,0.0003858869418213589,0.003120930763221054,0.0031208947027295928,3.0617669521852706,2.015323993460388,3.044821292838892,1.009694701795203,3.047091916748288,3.0443831519834954,1.0101035058970644,1.0101334791215848,1.0101094467794967,1.00927176233165,1.0075471777108693,1.0064781652776498,1.007848038821092,1.0098585779452782,0.004301566204093939,0.003125646782650511,0.0031246892427437764,1.0041490105542008,0.0031208430113006504,0.011834323607188254,0.003120906314805218,1.0040201777548845,1.0166075744390057,1.0036689523818445,1.052300746803834,1.0050195185604915,1.0050478823072517,1.0050361676746247,1.005041557694386,1.002245704022711,1.0026898358007839,0.0001836950595398032,1.0023620033318925,1.0023423492751953,1.0023435981444875,1.0373885476522748,0.0013091761283973687,1.037331699546223,1.0373400473533902,1.0373096480327144,2.1093894625350997,1.0037777251793039,1.0036814032099153,0.016416383693848475,0.015957777848547218,0.029498887906287196,0.008626221809731329,0.03811902252680469,0.0034255139919172513,0.021950503405417147,0.009471031471644725,0.0034342669611527547,0.015680858116070995,0.0036248839206579502,0.0031635244444828963,0.0032198093121637147,0.0032046944041689025,0.003368418267728217,0.015376523612644234,0.0031208434990778774,0.003123646772625145,0.003126271619347909,0.009196750222391773,0.024827414168077322,0.05095027680012505,0.003223456141571633,0.003219822265293654,0.003194092880491677,0.004095123556718211,0.06991947368281567,0.0033979585495190817,0.003911795824793684,0.0027181506339765227,0.0316928080346122,0.003227701708751705,0.003123846182863361,0.0031641955853860537,0.003134093014767773,0.002694330281511755,0.008945305813097168,0.011823420889656402,0.003120893106488532,1.007748864480559,1.016355887816883,0.012717160757645328,0.009018442194757132,0.008845327807589964,0.0031234312260351536,0.003121831101416121,0.003125195887996965,0.0031290625420160967,0.0031289110669586737,1.869931969415074e-05,1.8506215602780463e-05,0.0003860773325016443,1.4023198849156524e-07,0.00038612652822683064,0.0003859433794181576,0.0003858613507641667,0.0031230524794799105,0.0031222477604945426,2.0058019102812223,1.0033335495266336,0.01173065332279744,1.003245059730099,2.0058023398326044,14.277207508550958,1.00358978935508,2.005787367159363,1.0098330147574697,0.003123959347700619,0.003120816680221011,8.558727190289166e-06,14.276440780208597,1.562455585181256e-05,0.00045399216762397656,1.0037721154937254,0.003122370852817092,1.0092808960612882,1.0090835563482756,1.008250968770946,0.14047079381738553,2.0053695374976184,0.16135409356538893,2.165873080094492,2.1523671924144048,2.005402977888867,3.1278384120876526,2.0059511031458537,0.1528624967881158,0.153679913680569,2.117929650510255,1.0052687577102846,1.005268691839619,2.004262603720077,2.004262600341939,1.0416854361485293,3.105875530693969,0.09106192003052173,8.048521248899164,0.019932604992156086,0.009304656023072969,1.5611093205311972e-05,1.0065905376349868,1.0039659429544778,1.01000490338834,0.005668136363367215,1.0047875818460397,1.0093890165553572,0.00697829190660996,1.0045849050946194,1.0031752022899745,1.005175147758403,1.0031509489654038,1.0033139500769386,1.0047154518470698,0.0031536322050027777,0.0005167677226065677,0.0031688748035424087,0.006597195175123455,0.0031536608397524438,0.10771296483299403,1.0049971038701446,1.0064968332968238,1.0067808763699382,11.146260401078704,8.955144355829667e-07,1.003332256265904,0.003177413588071609,1.164002209316518e-07,0.005696331878461162,1.054606767724551,1.0041463035148923,0.003121105293990529,2.0058023802996976,1.0675646374833574,0.004641200439922829,0.011747814475648242,2.702108857924275e-07
0.0082752032024063,0.008389754627122182,0.01624932751621194,0.011855855527795759,8.491654563325234e-06,0.0001442307784229469,61.20539029940558,93.44638956256739,86.63987669092555,57.25455056923626,73.20772825162652,66.08066286851741,0.05950076994146953,24.200800976489283,7.047896728888694,12.03175996622393,1.006668140672545,0.003274099218080228,2.014195016288677e-05,0.008743380157154777,0.007127742701586591,0.004207924724341164,0.00012200144163571537,0.008741915882839863,0.00874169110631888,14.028425991015528,14.016218012222275,14.01759091271527,6.014206888868428,14.020396865085107,14.01719510093143,6.010474681538229,6.010524340008881,6.01047980250032,6.009151569482299,6.007789099463841,6.006164807270645,6.007474065056302,6.010103095104875,0.0033369112148631465,0.008756083249152918,0.008745975383459807,0.016249363201721326,0.008741782403422313,0.027139297376538134,0.008741893108575103,0.003370263332050275,0.0052373954254769425,0.0033589321797279034,7.016293520039727,0.0005830605110322562,0.0005851607274196843,0.0005847435810997721,0.0005850685935853379,0.00011136348141223733,0.0005265081000647135,5.061482985639355e-06,0.00011489246769534739,0.00011311670890935299,0.00011312040087670993,0.0032721571879685994,0.0005572150550807782,0.0032726809815131655,0.0032730205169728146,0.003272897040936403,12.031505323364938,0.013571299241501075,0.014128796835387161,0.017387567449145196,0.009302609142178047,0.04330341883976226,0.01421341512267302,0.041191171526135675,0.009118532686497961,0.035852177124113635,0.01972765213108083,0.008835463359137265,0.016748182489574253,0.016580672680072257,0.008801808073097842,0.008919860580477048,0.008837391364584191,0.008931034464454327,0.00931227690344574,0.008741720721773037,0.008744600431649395,0.008756878270818684,0.026674741136541513,0.027287251310510793,0.04069890763472821,0.008912683094557158,0.00879919866998909,0.008841182580409286,0.009155343143172833,0.03439405013642952,0.008813625148325548,0.009092219144203726,0.000532972490225889,0.010118316147980545,0.008927549458448052,0.008744120784581765,0.008771030913567391,0.008752738518938102,0.0013577911259486266,0.02040625762708929,0.013667986318603779,0.008742303583109306,8.015590679973446,8.022163693834289,0.021459455718538176,0.010071865492099877,0.013942148443986169,0.00874900026099425,0.008744797731035137,0.008752399739418477,0.008763322792352268,0.008760593825410801,2.5306374282972445e-05,2.472709699750269e-05,0.00012194342398629298,1.2534166349145742e-07,0.00012194752380081711,0.00012193901745708745,0.00012188231822010764,0.008748754214300873,0.00874735214573557,0.01061596522627021,0.005262663011697637,0.0267102600695274,0.012025851115305911,0.010617302230955309,93.19439095524883,0.013427224455932293,0.010603471442281201,6.0100751044756775,0.008749760179561496,0.008741395390090667,3.504699027371393e-05,93.19089188892181,1.586381298422598e-05,0.00827428424428017,0.013521517756764722,0.008747527119331577,0.016589070761465572,0.018337972955541442,0.009812558318034148,0.04009094822385481,0.009847698099689698,0.039777830584412005,0.04989249948365918,0.04704478611133806,0.0103546200715432,0.05842705486262183,0.009981381632428012,0.03786110739190425,0.03825120045346604,0.021775628933819697,0.01060842052495252,0.010608037429965692,0.010304194002947274,0.010304172217723884,0.004516771189984129,0.02060885209764558,0.0031277989623096046,1.0237598739380118,1.2447270849868698e-05,0.012803528071647328,1.5819789149267602e-05,0.03583687445573903,0.016156598727115955,0.05555237664785617,0.0374090295115007,0.020571122735896143,0.044753068047301836,0.033544196154446454,0.020008727737741705,0.01540324273367167,0.02252402585796862,0.015370983448913356,0.011508184670761461,0.014194878493467813,0.008876572561608334,0.0002646562543255003,0.009656019764623554,0.02579634910409532,0.008876726032818862,0.03150750682747777,0.017397617922677334,0.023811722520700494,0.017054905106265564,74.58504531583186,3.2340769108724024e-06,0.015469687289444685,0.009664636680180564,1.884745224416725e-07,0.009803412763499641,7.016884326756982,0.016228178099250094,0.008742425639719146,0.010617422932523166,8.028025810511716,0.022501163411393393,0.027566773414847385,7.873026577238521e-07
6.010991009667085,6.011048790504949,27.026979445315206,0.007034204573252943,1.3985842829619596e-05,0.0006896035120358053,0.008370209357895656,0.015172488808704948,0.009816747625161151,0.006807281465928118,0.008808084674818287,0.008915897840492024,2.537026175678771e-06,0.00440407564711473,0.0009927711698709428,0.001123428956753324,2.016638441585808,0.02871782809722434,0.0013849202199266947,11.014065212639913,0.00602319951678058,0.0059019496237207505,0.00050336360925985,11.011233697374827,11.011233788526464,8.126036881849215,1.0427499030214669,2.089669742652196,2.089816988694328,1.0958026188633574,0.07375861208482523,1.0360532881559932,2.036283696661254,1.0361311379452935,2.0309014974644257,2.0294072926128575,2.0135297555963807,2.028930490839253,2.0344363929308056,0.007655018205864983,11.016079859681346,11.015773948494957,27.02697935630127,11.011233794827984,13.019572135385735,11.011233795521054,5.006955458651678,1.0092430004205828,1.006804622013055,0.013387167951898952,10.00071023408419,5.000705058290821,5.00070457021637,5.00070492940724,0.0004542571703886011,0.0013438325141440905,0.0007885723244308222,0.001235700167707288,0.00122458538196932,0.0012246269784605855,0.028710087147731655,0.024015783181232438,0.028754723861282215,0.028733851469692248,0.02872853967707926,0.019677546155673003,25.024883551232147,24.025991073666578,33.71809106532917,28.72580567588203,32.88032930642249,14.659586051940376,30.283679220681584,11.791359095759976,19.767401273699573,14.649067154887874,11.015744966589956,31.843789259401312,14.36781519989044,11.201006909674913,11.384976750162156,11.019550674120024,11.019123200303556,12.01886224741589,11.011233995358173,11.018570241482802,11.016178956600129,8.019330268091823,12.059846197325921,11.033770205404872,11.01150048721039,11.011365110403814,11.011396531682479,11.012403387515432,15.087704594681357,11.0113589860916,11.012192793328033,5.000328328258421,1.011629674469909,11.011520774318194,11.01123721678042,11.011266764979759,11.011253310968543,6.006139946936812,2.0185427033179524,14.013567664023318,11.011233515831634,11.035516771856377,11.073867353770055,11.11998610168342,14.023228316141907,6.0187742061549585,11.011277051489346,11.011255014904291,11.018072328185225,11.018462585428573,11.017808648461214,3.433019645312146e-05,3.2425910633924626e-05,0.0005036281973587101,2.2195150548117586e-07,0.0005037887697059668,0.0005034179482400054,0.0005032961417883893,11.011239233067535,11.011242437947011,11.030947704252258,19.01379517887118,13.019297625027136,23.023039506606295,11.030952220060035,0.010353123634917744,22.019723733371315,11.030953778425477,2.034380928638625,11.011266087201301,14.011233784886059,3.0000499684056994,0.010353143771649913,2.5510440091586964e-06,6.010990695934883,25.024783455821144,11.011243294894497,21.03856541076389,24.03756873425811,18.025175935750827,6.073569944555806,8.023693088662139,6.070734947774671,17.10335369802278,17.09822854835268,11.030706125609136,13.119086947692725,8.024148657892646,6.070142882541065,6.070760832726483,12.071026732674511,9.030901004675385,9.030899842740682,11.029724814110418,11.029724870561385,0.001370895932650598,0.029600026669110255,0.0059464390047066235,0.025190797007428583,1.93242838230601e-05,5.008386589468941,2.6753725274856775e-06,33.09253825617868,24.035958038418308,49.25221131670069,39.78417264402516,21.04970248902938,47.17892293948543,39.192763462822086,32.034259026312746,21.02054876017048,32.030208963026034,21.0173546783262,22.02392778019236,27.01912304226639,11.011424595164684,0.00033741866928836705,12.017202076793899,12.012183421377411,11.011424616074716,14.050357280631896,25.02718770827092,22.046701519424467,21.037509851135653,0.007650690266182551,2.5976884858044583e-06,24.022390541909964,12.017228217621033,1.469235708901016e-07,11.01601676461642,0.017073434302035645,27.026943676914147,11.011298510841222,11.03095228827581,13.018513301306053,30.03013238476759,14.025166879045194,3.0306330106632186e-07
1.0016930004161686,1.0018072976623345,1.0301585585993482,0.004931333233630764,0.00048816282757071643,0.0002408545438956872,0.006208766288223849,0.010390582263151236,0.008318156931683736,0.0015774999239519386,0.006716498392109702,0.006633780126550446,2.404387050153699e-06,0.0037952477340973843,9.64275440693205e-05,0.0017068428312183035,5.062680379745066,20.004566882579404,0.0001053225175710694,2.0021877178019243,0.009484780995964661,0.00925598145909137,0.0001872063043206654,2.0021873221063653,2.0021875513048273,5.100768516455332,0.05216454522277546,5.050314203422349,0.05898484553635493,5.063281688645504,5.0561277932205275,0.050565339120924174,0.05088929607073453,0.05067480761962489,0.04527298659008133,0.03310590296217155,0.031705924826336926,0.035944699007792374,0.048409173801905236,0.019063965960003114,2.0021897436843004,2.002188319886184,1.0301585744660542,2.0021872379685433,2.0074715710422955,2.002187249530664,0.016275111669590038,0.019529216195271572,0.015852207335041613,0.01932454130429674,1.001223673459418,1.0012143508744915,1.0011487524569918,1.0011582025400898,0.0005498357412335459,0.004867738515396044,0.004465465422151033,0.004797000248628352,0.004637224417510185,0.004648794912601375,20.0048279787063,12.110217347515103,20.11006910845949,20.070555400172665,20.05670621435886,0.0550049473102622,1.0297408700615145,1.0300653774977655,2.032762098846369,1.0311022240511336,3.036208879249816,2.0085585621257067,3.0418214192460056,2.002680421075363,3.0122753661401855,3.0053443650413643,2.0021995639235275,2.0314031531365515,3.0039652345431813,2.0022993480163778,2.0024388772418833,2.0022016450880535,2.0022150530657465,3.0026054659518615,2.002187466708931,2.002188649095304,2.0021898481163993,1.0069798905366416,2.0162895476936167,2.046044807414172,2.0503208623808744,2.078201218181134,2.0444728905568295,2.5940899027928452,12.040366721273593,2.035136012266666,2.4866983053885807,1.0119322708752434,0.045438882567359624,2.0497542828745576,2.0043243846222385,2.010376930886844,2.01336916445563,1.002672847087502,0.0059920479727681,2.008476305649498,2.0021872296722427,4.014156266932604,4.109530790026052,4.251641779717909,2.0065790965499755,1.0176577228027262,2.002190161822845,2.00218820437114,2.002189606084813,2.0021911059183863,2.0021906073829596,9.403118012571302e-05,9.048797887346631e-05,0.0001872533028802749,6.831780739719837e-08,0.00018726628698806814,0.00018720225004769663,0.00018716926293031578,2.002188685432773,2.0021880493921373,1.045118891481759,0.02793431288990549,2.0073956913247044,1.0289714700151813,1.0451271046949993,0.008425405623678123,1.0125971357698578,1.0450852788450558,0.04821879945966337,2.002190969389118,2.002187221187881,4.690190823521761e-06,0.008425656073862036,3.5040698695309776e-05,1.0016928745909208,1.0295923262773008,2.0021880985923657,1.0371431350288873,1.0345067817761626,0.03248824468808629,1.033080117156876,1.007241780136726,1.033852112257136,2.075722083479092,2.074409029593942,1.0445893609925363,1.1122933719318977,1.0073909577479288,1.0310723735064962,1.0311296332710176,2.05188535975623,1.0448844892188442,1.044882250615901,1.0448451582348255,1.0448452606463818,0.0009721456823294828,0.10279924951906963,0.02029969473021419,0.07821270274418697,0.0005140611561858149,1.0129275384970642,3.501412792530727e-05,1.032991912820281,1.013031869194238,2.079784970022183,1.0483934607163308,1.014204459108134,1.0763252744951055,1.0724642404210774,1.0325144907039665,1.0048453740633583,1.0304578915247162,1.0115444017964081,1.0295735021506467,0.028686315334403162,2.002205163852266,0.0011536239308984843,2.0043768707595446,2.002623065458476,2.0022051838509047,3.0176405708677025,1.0228761637917236,1.0255152327794903,0.02444435903006141,0.007348043007739901,3.2999843491030446e-07,1.0285109970753017,2.0043811677206995,5.014823958012141e-08,2.0066279679830576,0.020168989094497797,1.0300955508718792,2.0021873487156694,1.0451273650261395,2.006406136815909,1.0301810107418106,2.0095674763817106,3.6266091220961256e-07
3.006517737919133,3.007893166285742,9.061493395034654,0.0842082954223895,0.00019332687971446201,0.32374112237808333,0.0398236109992115,0.08586089200409779,0.05443013816826304,0.021894224556693934,0.038315694836186145,0.04786085683630508,2.8103872617543228e-05,0.023773116454553666,0.011173547449809298,0.016758449526178207,6.061234124034922,0.11762060303496219,0.00019818164351975538,3.0074252529475176,0.13266829704001437,0.12800593696017362,0.00038177753816798487,3.0074224174540736,3.0074225119105265,1.1913880425838173,0.10819652858408131,0.11776848263160518,0.1062765496111987,0.1361352588639706,0.1001694886979637,0.09909292942620525,0.09986163089731245,0.09935169824358561,0.08922667131374268,0.07341317967059054,0.04716366295821152,0.07667533798578774,0.0938751469791397,0.029505211587869274,3.0074353255367683,3.007429008169578,9.061493441158797,3.0074225499032052,17.020097273780582,3.0074225564323207,0.02247194883774543,0.03654542037671115,0.0215516004032624,0.21165365088399735,3.002676362343431,3.0026568583648423,3.0026536432786886,3.0026561178699875,3.001700101216714,4.001803926601254,8.113974146004174e-05,3.0017482770442023,3.0017434410906367,3.001743502032315,0.11758448337628694,0.005985267733721989,0.11763194195887293,0.11769082168545143,0.11767452290552903,0.3384379591489609,9.060868955191975,9.061109778549577,9.070465727907234,6.064052793998767,3.0954738160797985,10.022411197749639,23.15181302949043,3.008996187850098,23.063254429348962,3.0536957730021856,3.0076228976733397,9.06666703588831,3.0168131423605824,3.0076862363834316,3.0080478867792833,3.0079994483825,3.0092534954202637,9.075747435771127,3.007422467594234,3.007429002678224,3.0074360254734556,17.01919879878415,3.199386630633188,3.2882425461517455,3.0087954359224574,3.0095068178632034,3.0085382446989866,3.030296012882725,9.96848159124171,3.009263139451989,3.0256551017577795,0.0014361739532909512,0.10633746590709703,3.008794136161177,3.00745869399714,3.0078291644360724,3.007633679053504,0.0018306380372715828,14.027577759251828,3.017559901598954,3.0074224309757938,3.1589151438639274,3.3171533905446497,3.4080419507408477,3.011003325335614,3.0642186597273735,3.0074801936850326,3.007438288932323,3.0074340667214976,3.007443197674161,3.0074406956430106,0.00033458256820690014,0.0003281737409358231,0.00038195847085418773,1.2823704225803753e-07,0.00038201304024141226,0.00038183628869305897,0.00038176344980194067,3.007430896759868,3.007426806618048,23.072141901488315,6.054225145095799,17.01985823080922,9.060006134913884,23.072156906938247,0.05531128188097148,6.056922218422466,23.07194229380874,0.09355896317988398,3.0075041325173015,3.007422871225023,2.5509655225394967e-05,0.055313428804339385,0.00022709636905814736,3.006517534781999,9.060515927199846,3.007427085020726,16.080855244708467,16.07750028074784,13.07014904878039,134.9264891346388,17.052807426638857,132.7173927647558,151.58629101308742,146.71499767140332,20.07101688811237,134.22087108188697,17.40152888553405,138.81838534323444,134.48450824693086,102.65549356741467,20.07196799556597,20.07196400573906,21.070707590311468,21.07070776755636,1.0049483270624135,1.1714938694795525,0.07226574734160993,1.2002543565156523,0.00025696095507837287,0.08481044495475677,0.00022709960557280127,6.082377579977316,6.05792510340964,9.128103553680308,6.0756289996290835,6.039370151727325,9.117719016175059,3.11650222070464,9.062669696179496,6.0402877459828295,9.062261179679636,6.026267673262145,9.060451674854695,6.055439154355331,3.0075192226367315,0.0019976889665214675,3.0086574784225757,10.010368710952834,3.0075192242586586,97.60311618997004,12.061775338871925,12.075069736875227,10.070298657559869,0.0330038214762357,4.347061221998494e-06,9.029746978063683,3.008788402153373,7.676538808925085e-08,3.067579154681508,0.21393814749123113,9.061339505421534,3.007423192840412,23.07215738738029,3.049174074104054,6.062078303516086,17.02074042325931,2.820846486276396e-07
1.003989140057505,1.0040310637492071,1.0315653306877852,0.0036387565272556436,8.417430045386821e-06,7.563247369022678e-05,0.005222096891695433,0.013799795900600561,0.005448205499517563,0.004635879038776687,0.005042245036668723,0.00528904821953195,1.8379883328531346e-06,0.002785369507256169,0.0005083596151141149,0.0005350607001140988,0.015148019588806986,0.008574901660422069,0.00015987501528909833,2.004238299910408,0.0025538287691749917,0.00250978594056565,0.0001228455977031268,2.004237245283368,2.0042372407566225,0.04148532922205924,0.027796333887610783,0.024111943425518492,0.02648981483014032,0.031228919469380854,0.02418622543072002,0.021852898145748242,0.021961858923247823,0.021889594693238812,0.020482928085396684,0.01870991202112698,0.011533881664681845,0.014150853210813304,0.021092672161824397,0.004523714901937087,2.004243181659957,2.0042392625854677,1.031565355202695,2.004237312408849,2.0079582582397504,2.00423731613209,0.0027783071864434586,0.0030138334906036606,0.002736677264734875,0.006099763578910059,1.000484367314913,1.0004794246691282,1.0004791502552166,1.0004793610771467,0.00022684297955583287,0.00024710670804201524,2.113832733941524e-05,0.0002461221410332153,0.0002458106003595028,0.00024581514544158285,0.008566927633738609,0.0035079261994250496,0.008570984754669796,0.008570532060022559,0.008569860229908325,0.009452444171678542,1.031454745307493,1.0315094577439614,2.0305833467332737,1.0266673070192618,2.035603730657151,2.007437426511526,2.0346723599885723,2.0046372939726327,2.0143486155492023,2.010418495222782,2.0042512670686956,2.0295421920091523,2.0081473896668807,2.0043334594870186,2.0044657223540256,2.0042745378876354,2.0043104498413515,2.0047109127225653,2.004237258723099,2.0042390684215228,2.004243420087871,1.007711124213175,2.038526988467801,2.0133059258897523,2.0043078605721556,2.004272273982059,2.0042803557907347,2.0045512563987176,4.032763087917417,2.0042578651147935,2.0044940601656065,1.000270814418505,0.0020167198735882995,2.004313177779049,2.0042382659591893,2.0042462849062743,2.004242413212707,1.0014635894673345,0.00611403687817124,2.0074884533490276,2.0042372421358765,4.181014161929621,6.4728662118584275,6.127212171418614,2.0131394967797585,1.0068825576781544,2.004240623548516,2.004238718198772,2.004241924246395,2.004246627650355,2.004244972484044,2.36556791379213e-05,2.32064184371335e-05,0.0001228468611689858,3.657073265809605e-08,0.00012286171444402956,0.00012282070948437372,0.00012280106497506967,2.0042385247357988,2.0042395315611197,1.0107490047148906,0.027319496191906656,2.007882045645183,1.0311906387797392,1.0107500763035453,0.005609903093669636,1.0305053747392579,1.010734933666024,0.021067179066288286,2.0042410896749208,2.00423778351564,1.3660588690004047e-05,0.0056098938241230314,1.6070513880495665e-05,1.0039891029613197,1.0312926728492962,2.004239531500812,1.0357576890613298,1.0357316165762491,0.031110904229764848,0.028228016567263002,1.0080478580858356,0.02800168869224223,1.0388727818038266,1.037355303172231,1.010610793908769,1.0436687294357827,1.0081146849866929,0.027654536536655852,0.027638524962928433,1.019946221004131,1.0107412179908746,1.0107409327180255,1.010586469746723,1.0105864789508838,7.736231691914723e-05,0.023568140498551094,0.002769745404382034,0.016383377212349493,1.1990895932422536e-05,1.0067314550853608,1.6068542075686787e-05,1.0373948657642773,1.0306493410961715,1.0657658952080393,1.0355226851902768,1.014125520867326,1.0600823078495045,0.059460461688702206,1.032795646526379,1.0247548965451256,1.0319074123604208,1.0104916438476832,1.0313789361469838,0.027768709086220773,2.0042880179326548,9.892796036249264e-05,2.0054928279253272,2.005944408748802,2.004288019902417,2.0196308266356326,1.0343913618244007,1.0382069977502433,0.034315187789448726,0.001707649882818301,5.095713622864754e-07,1.011220115283478,2.0055091005647934,1.864092469486615e-08,2.005916816509879,0.007668068482626411,1.0314953196944603,2.0042376039091097,1.0107501131876027,2.006474043989414,1.0318943010572608,2.009091412518054,3.10375361898417e-08
5.000200131587083,5.000304986990419,13.011364345259963,0.014092609320276148,0.00023777197417475506,0.4412068626176025,0.028951172958740414,0.08095911340256548,0.057510601281215865,0.018838000499778993,0.04243967601963052,0.049306418429236436,2.3455856130509847e-05,0.01898210863041177,0.007743643321108672,0.014615690592814418,7.040860972470743,0.041314056890498274,0.0007085548623846807,6.001009374848915,0.050623871419363115,0.0496874598265975,0.00029704058434007805,6.000997178997365,6.000997300217726,1.0501182975633858,0.01683728240589988,0.03940924043829886,0.013980539298668682,0.04179677912895791,0.03605623812960962,0.014187236092944828,0.01424179770977978,0.014205691166444405,0.012740104958893021,0.012925130710865486,0.008236210309769022,0.011610636744727018,0.01382328746320795,0.005727823585138108,6.001021287596265,6.001020353779553,13.011364349981056,6.000997131650046,22.003138918131487,6.000997157060071,0.0037682998087496477,0.013515555089652024,0.003524234956707367,0.06492302538630111,4.0010694262646345,4.001062672774307,4.0010617643292905,4.001062460670816,3.0002504298104875,4.00071832597474,0.00021635827603605845,3.000463966355228,3.0004612533906694,3.000461266338326,0.041291827759015506,0.0005037340434248576,0.0413019756155702,0.04131693728304218,0.04131314897135432,0.10396000169418426,13.009051831663246,13.00977218510023,12.031577050624156,7.032264065412958,6.030867410258176,14.010471689511915,32.421858012297285,6.012700674347224,28.030447792884065,6.011786351191163,6.001093042914701,12.016060385238884,6.001466971866074,6.001057024736686,6.0011162379543554,6.034861385517858,6.114521824525243,16.40866269139091,6.000997297936953,6.001029990038021,6.001019341566637,21.00234627764865,6.033960900916443,6.167527925442501,6.004899897936861,6.007856089266122,6.004322385292156,6.078668243976986,16.466815938847763,6.004312020245974,6.062671718198053,1.001561535152481,0.09539581071396697,6.0048313585121225,6.001068102721984,6.001522249395153,6.001611191368609,1.0012647178927996,16.003248370482066,6.004966705961681,6.000997183193251,6.005463828136716,6.029744415794747,6.041952462252134,6.004094484977584,5.016425896899597,6.00100338462415,6.000998835744777,6.001019250435282,6.001032336936243,6.001034403625123,0.001038875859181324,0.0010385872524602078,0.0002971693453579347,9.976906032269965e-08,0.0002971887035232173,0.00029707201516653535,0.00029701997370354177,6.001588290907205,6.001121823850955,31.00853302573087,8.009856740345516,22.00354355026783,13.007228071642706,31.008533905171657,0.05774892116813382,9.009001040957642,31.00750406044229,0.013791764667820084,6.001005960459046,6.0010395439415305,3.638237970683037e-05,0.057748598393451714,0.0010303173209774174,5.000199466340854,13.009025968387325,6.001245174976422,22.018585546266927,22.019672533023783,17.018564245506735,166.72415735644904,23.00634915199991,164.59275129174944,193.20287671433812,185.94557679504865,27.00670630122761,167.2738743999438,23.42629896431121,171.7600217340289,167.4791885374793,125.38994390824077,27.008132931198904,27.008132797320442,28.006398971136374,28.006398974480472,2.005269999557541,2.028715433499228,0.01711342753575515,2.0374314898777963,0.0002450177134959156,1.012925472766065,0.0010303063097052098,9.020386461460188,9.011620110370933,13.02179097817328,9.01992256191893,9.01030150774871,13.022803483351389,4.0134993076720455,13.012163457034411,9.010063222863042,13.01310458204291,9.00759357785654,13.007478743451061,8.012879231306064,6.001002985358891,0.00035730366063741815,6.00111007101078,14.003780058850781,6.001002989255254,120.22344596881175,17.0121604603693,17.015874708352758,13.024020376108504,0.03187435706078758,0.0010972235186681928,13.007618032379352,6.001123069649255,5.711634186212109e-08,6.012444176760507,0.06919776699731943,13.01135170182836,6.000997328314567,31.00853446992691,6.024568618098682,9.012698980892608,22.003545827614396,3.63314567958289e-07
0.00017089629450163152,0.00026448545136711676,0.004544797859620775,0.014616122921494334,0.00021563126911973136,0.001073635078600215,1.0385947209752997,2.09461369626433,2.0590108128057936,0.01834639497529484,0.05150711136432503,1.0531875745524086,0.0008619625303566016,2.0120914794785243,1.0037134095896618,2.008968082000333,0.03334707948674871,0.014584569021145103,0.00013172228728094507,0.000862823017534961,8.137614262809787,7.951803849718885,0.0016603491008039541,0.0008625847549066574,0.0008625640721397489,0.03842711199230746,0.017718030151869874,0.025276681537439494,0.015865496747576268,0.02945003715071236,0.027754417350755463,0.016119729067335917,0.01619663559455147,0.016143385295415067,0.013684536795442076,0.012440547611167817,0.013211573696900299,0.01166374799748602,0.015720787010199383,0.009114705703407819,0.0008634386313395826,0.0008634240774818954,0.0045447974582861,0.0008625620475758033,0.004439402923686763,0.0008625944253233636,0.008479088637493701,1.0960219305370706,0.005374216586785365,10.159894844625086,0.0012959217228936204,0.0013012087356055891,0.0013001262100705657,0.00130096481320872,0.000591784454290008,0.0007387300252168756,6.790486841090614e-05,0.0006524967835771438,0.0006510671440426621,0.0006510810332543326,0.014566604283977767,0.0015809114473301186,0.014569932357173564,0.014572836071567029,0.014571851083938731,10.563363574021317,0.003981132444977284,0.004203001289781898,0.006523446968718727,0.006354398817042696,0.011377671662963032,0.003735667582633133,0.028986069337646355,0.0009756445061127641,0.011113507757046327,0.005331647757288939,0.0009347980806922359,0.006282195130771377,0.0010466174948034247,0.0008737492465343527,0.0008879211158722895,0.000937953439892018,0.0011101479421516723,0.016370126481426432,0.0008625841821624581,0.0008632634987405926,0.000863564336710139,0.003751740831988802,0.03426925907768619,0.18241915107046525,0.0010027522615461426,0.0009690514116120296,0.0009626581825237502,0.001563250263988024,0.05411296034619623,0.001941682485936914,0.0014792312545816888,0.0008849037443282404,0.09891108917620585,0.0010101679697937774,0.0008729297972873026,0.0010307488143798127,0.0008893236513947893,0.0007342785006079756,0.004058085006214801,0.005718400596239001,0.0008626549674824338,0.0035544627714658803,0.013655927011583057,0.017053317754991183,0.005754703833264237,0.012868630734752516,0.0008640543713986269,0.0008629993780324568,0.0008634557824018803,0.0008641589352548644,0.0008641570651693226,0.000393028360448231,0.00039260229704022324,0.0016620235453935596,8.939358118942254e-07,0.0016624319241445972,0.0016609681004207003,0.0016604044316256765,0.0008634503337061637,0.0008627816812047568,0.01063765019709297,0.004188042351060762,0.004409625426448794,0.0031836721211309375,0.01063867794533879,2.0601936821389253,0.0036467383853828568,0.010254400575925107,0.01564010404455764,0.0008645591022394726,0.0008625561101502172,1.249167740442878e-06,2.061245711037949,0.00038509001379719195,0.0001708188172072816,0.003973850138722084,0.0008628122505029157,0.015257947095193644,0.0154155816905176,0.01360908389292371,0.22349081322074932,0.007903034387317298,0.2619881171209854,0.26996893572359415,0.2435741242480234,0.006542575793591755,0.2367693050650322,0.008936570851615986,0.24813453733021942,0.24384635242554317,0.18033157257435492,0.010536179476903077,0.010535926948723821,0.009914146274090053,0.009914157782819956,0.027504541661487938,0.04510220847371444,0.01465242457375045,0.06555457405129182,0.000235319549849721,0.012336354484036199,0.0003850840698905405,0.008275776376349695,0.004216201396712047,0.009126322819950673,0.00784711926435049,0.005220845065919178,0.009272788020530609,0.006523553920594818,0.005804750117245424,0.0031037634675535235,0.005988213884198908,0.003089058282393722,0.0036431618976701277,0.00581091943206864,0.0008672846090586426,0.004029531366226979,0.0009363407819245018,0.002098407547704975,0.0008672752667215669,0.1342064145308794,0.008110750978979309,0.010405846700683133,0.01197094660176626,2.0302483669694564,7.309642300718549e-07,0.0034167153409687496,0.0009497139616787897,6.584228719590388e-07,0.00427475735556648,10.975864596850197,0.004542229691836559,0.0008626032308442957,0.010638850327758822,0.02381992946659872,0.005885355272158208,0.004449005473332513,6.5795738682171e-08
5.182901526846961e-05,5.251158983488698e-05,0.0034149898798599356,0.00027735389079638396,0.000325570407104651,4.507291840781595e-05,0.004235442781280472,0.006921449427171389,0.005383350827463677,0.003761656577306296,0.004796139543921716,0.0020004152266864723,1.1520009466904195e-06,0.0015332073520119244,0.00018052413043971564,0.00023722469410568327,0.004111709631308231,0.0029498967520341,6.000000190324582,5.337269531724111e-05,0.0007036538278640304,0.0007009466367483106,1.5117632886524065e-06,5.3359045594401906e-05,5.3352329718186714e-05,0.00877014573975862,0.0027378136921267504,0.0067544178837546575,0.00535324996045121,0.00673043821316992,0.004825269184998404,0.0018929117568054266,0.0019159268643089919,0.0018947800119274304,0.0018698479805557553,0.0017996033084332682,0.00046672139697742225,0.0018552060987975026,0.0018707523117698014,8.200359451672243e-05,5.340902704698427e-05,5.3396261195156116e-05,0.003414994953782903,5.335127148381964e-05,0.000996124043508038,5.3375282935115586e-05,0.00028504685390945845,0.0002760436306123889,0.00013160101716510703,0.0009012032461238327,0.0002200686288844725,1.1571467614774184e-05,1.1497418916104859e-05,1.1493956308677038e-05,9.485857803653238e-06,0.002163668625281286,0.0014897790312347779,0.0014923542079458044,0.0014638268064671878,0.0014638999554562287,0.0029487512332304166,0.00010733213159960262,0.0029490628835626156,0.0029494951230680574,0.002949380987646313,0.0013585102051307247,0.0034145833758700552,0.003414085259956469,0.004504321820922346,0.004243710749099524,0.0023131430543712342,0.0010289769964852218,0.00401168911377501,8.502673927468008e-05,0.005055619253278379,0.0007642153847593972,5.382470845631574e-05,0.0042139508863294735,0.00017036312953666263,6.0258681055165326e-05,6.861554474500427e-05,5.6380721522690145e-05,6.319335158681736e-05,0.0012839473141532953,5.33645997452615e-05,5.34244903536148e-05,5.3407714095899646e-05,0.000994598631845085,0.004692829008257212,0.002879523285300867,5.421916770823843e-05,5.426095966724182e-05,5.400570328527067e-05,6.197632400070893e-05,0.0021012111270929507,5.5939906675559956e-05,6.036435077831017e-05,2.413351584684051e-06,0.0010849487052866662,5.4243037398157544e-05,5.34044984068338e-05,5.408688376061575e-05,5.3492005468424225e-05,0.00041247251306332483,0.0009655255252526025,0.0002993709449310823,5.335392318040001e-05,0.001443312455539773,0.0032660697376208857,0.006228915300168619,0.0016471434048624953,0.0037528547065504227,5.3522423269931576e-05,5.340080979750461e-05,5.3450548522000124e-05,5.3455917324783634e-05,5.342963564130022e-05,2.893043093814162e-06,2.7785632548995527e-06,1.5120916573646693e-06,2.4050265642446396e-09,1.5109637653020754e-06,1.511067040321336e-06,1.5100575193464309e-06,5.349670796072791e-05,5.335185331276849e-05,0.002690724224045762,0.0033544487112534957,0.0009900543503890567,0.00340464929181075,0.002690993461636877,0.0053850011342840365,0.003400270488317754,0.0026903854602436236,0.0018703414835127062,5.355738834015867e-05,7.999478545129724e-05,2.6686457274592708e-05,0.005384917902107437,9.714985514407429e-07,5.181869853316415e-05,0.0034053051347948163,5.336086994310295e-05,0.004426699909014168,0.004418919385014556,0.004357672975367936,0.019942406232331344,0.0026838270423942723,0.01841725976211671,0.021538851384398303,0.02059171434495417,0.002688233134118709,0.017586369676413364,0.0027254162064621968,0.018348370262859397,0.01848162976754963,0.017213932261319242,8.720683657573045e-05,8.713711661740595e-05,0.00268745097857429,0.002687449144122322,0.00014296584064414376,0.0009508206556261163,0.00012500095326043243,0.0008784896077197474,0.00032561274078616746,0.00037057542940302697,9.700373677001021e-07,0.005532425095080873,0.0034141566337506225,0.006419371466471059,0.001583878609749624,0.0040911139432332185,0.005855540487243538,0.0032675672505763417,0.0038246391513060227,0.003402230840881168,0.0034300825969023107,0.002712263319282143,0.003418623380412521,0.0033678096385518297,5.3446867431852004e-05,3.2296899613390123e-06,0.0004664719208786319,7.621804813493699e-05,5.344511110318382e-05,0.013761624917354135,0.004228028668852439,0.005589331073697979,0.006070364716128656,0.004331540813490287,3.9433742533813396e-08,0.002706340120390157,0.0004673873289920752,1.9528385589692923e-09,0.0006789696239859689,0.00098355987767581,0.0034111063570516705,5.3349087518975615e-05,0.0026909991931449496,0.0005518166225538893,0.0008243248841787082,0.0014003952720884531,3.6385097046265435e-08
0.00010537359215840764,0.00010537866051665102,0.0003319051860278854,0.0010531689263366974,4.127712216373642e-07,3.089224661970169e-06,0.0012497888139158155,0.21435698219197263,0.21620448543827173,0.21286417285358822,0.0011738644716152106,0.0006843296331801732,0.00020620039410753813,0.21536809001576498,0.0003705402978864971,0.00027431940072758585,0.00027573641288553447,0.00010085930293531621,7.68410921005119e-05,0.00010555365897779372,0.00011081278413417241,0.00010755559085513183,0.0004544524102749167,0.00010554951892843184,0.0001055494807624992,0.4245168840763677,0.24761419500870738,0.23800098539651765,0.22541325129905979,0.24214601158071283,0.21925111831073954,0.23522771047990196,0.2384120821624064,0.23630075455249053,0.21238348116218914,0.21245538469198402,0.217161208862684,0.21724878962025365,0.21228641325047318,0.0047154122505658974,0.00010558064084862254,0.00010555867041187514,0.0003319051994844536,0.00010554991824619874,0.00014123839980790615,0.00010554988621070182,0.0005181400676611442,0.0005208671541001542,0.00030048378808245654,0.0003591288196939777,1.7910582691830916e-05,1.9756725525722457e-07,1.954242680602681e-07,1.95454965963353e-07,5.826780338186657e-09,0.0002393890269702236,0.0001006433141935558,0.00010036894053249206,9.95092763046989e-05,9.951133319810371e-05,0.00010083949859423037,7.494381586584302e-06,0.00010084247775668077,0.00010084614055973883,0.00010084511262499437,0.0005335708199675431,0.00026271805190296863,0.00024547510032513204,0.00034816778318039703,0.00022551777129804093,0.0004941500231407912,0.00016550888214394294,0.00048018048290139105,0.00010638717293439572,0.000297581850428497,0.00023277934216869682,0.00010564294286908457,0.0003287604681481917,0.00020166470478846172,0.0001057455420348257,0.00010607778214452105,0.00010586087327443064,0.00010631033947863779,0.00023055171772053376,0.0001055494974725718,0.00010555621997038523,0.00010558215206092892,0.0001410626025770093,0.00021363261177294413,0.0005107510521299559,0.0001059132864403674,0.00010566829973325619,0.00010576057656012795,0.00010638647900050028,0.0004129157930142073,0.00010561126854247107,0.00010625788945048979,3.253929725538225e-07,1.3141731616781304e-05,0.00010594507277029385,0.00010555552376954691,0.00010561982851060574,0.00010557341077167042,5.358459097516425e-06,5.5411548297770625e-05,0.00016702711203656973,0.00010554951021356008,0.0001390604137607303,0.00020560597689081627,0.0003508025423457361,0.0011679671450543448,0.0005481830104338862,0.00010557161781498377,0.00010555887213015795,0.00010557254801848717,0.00010559568122724926,0.00010558976591211063,3.851068370047896e-08,3.62959242266675e-08,0.00045472239310552503,1.4423956365159603e-07,0.00045479160234940214,0.0004545521067420082,0.0004544610790934021,0.00010555264302685191,0.00010556210214158283,0.00022963370572204133,0.00015720266708682204,0.0001409231389162768,0.00023125906185425795,0.00022963888365104204,0.2129147850398589,0.00024738427646189224,0.00022964392372079733,0.2121738589490856,0.00010557461542201675,0.00010603340322651909,5.587517971581285e-07,0.21290139932434354,1.5121768206991394e-09,0.00010537352292047935,0.0002625748783088966,0.00010556219627800767,0.0027207691937511163,0.0020437195152944866,0.001227864263564063,0.0028218362159622232,0.00021396406816254475,0.0018832334790601594,0.0024784578889503095,0.002154298652562107,0.00022944391687445984,0.005376144332775607,0.0002160205393731336,0.002225171248069351,0.0021139751463606165,0.00196948692899287,0.00022393577811075793,0.0002239343993316128,0.00022346853880303962,0.00022346859897997277,1.0586354894692804e-05,0.00017448492958368662,7.089693500025399e-05,0.00011506975742770612,4.164530642807638e-07,1.1454183299551331e-05,1.510003227541981e-09,0.0006135169281466064,0.0003165514187551299,0.0011807308140835242,0.0008187826365960269,0.0003299863196946036,0.001031765692573388,0.0006901150810234806,0.00041394583405506257,0.00031108729344633953,0.0005516954683430326,0.0003041288664964449,0.0001765868843735833,0.00044613790602719146,0.00010583886715696857,0.0002829742847043317,0.00011076882905927172,0.00011269501555622241,0.00010583886883764477,0.0014854756920235901,0.01911473701294624,0.01918696118583086,0.022537794531048393,0.21581337108449547,2.788743199295235e-09,0.0003194530164333865,0.00011077955200327095,9.744540380248987e-08,0.00016721994422851024,0.00043304016806023054,0.0003318328215577156,0.00010555155372524044,0.0002296390288852179,0.00018953598140485247,0.0005459501007635335,0.00014609452875230213,1.0904619690130282e-10
0.00013327945101637738,0.00016364501570151788,0.025027229184711283,0.005044388339552597,0.018219496083475933,0.0009529495488090117,0.02458330249687811,0.09849506824927741,0.072855816815166,0.0038619386439317643,0.027057037682059526,0.026923617126306545,5.7420561597444915e-05,0.060028544517120114,0.00015666815042950576,0.04504291342865133,0.060557026255438386,0.03470579037599513,9.693685641716503e-05,0.0007735816703233418,0.05582520871346156,0.054654601652525114,4.367293732777675e-05,0.0007732556961312845,0.0007732843012925714,0.08144794576565387,0.0253557957215891,0.04237481809245176,0.02130850407620578,0.05496035555270982,0.053145092861914815,0.023000683203613266,0.02313031172869019,0.02304438716971769,0.010761424176325888,0.01838554004338247,0.018926854721558847,0.009898706506082239,0.02210612032373793,0.00654248447696215,0.0007741840650395511,0.0007743237001438625,0.025027257870171307,0.0007732513346396962,0.002493826480598028,0.0007732781105929653,0.021605974158105033,0.06244525597084234,0.019799598496960048,0.06066435857247655,0.0008259804232361949,0.0008112913159206042,0.0008106297388878934,0.0008111401957864866,0.0001606478382450408,0.0003108033094557781,0.00013814017660559354,0.00029746240025621735,0.0002964225066225089,0.00029642696270273646,0.034666866536748525,0.0034891775334958235,0.034679135592778736,0.03469104625889163,0.03468726197725289,0.13599419547104755,0.020546974774468662,0.019123614264639644,0.008072934607706403,0.007922895315792695,0.008741009207032403,0.0051153040227121735,0.020390807199413184,0.0008727133508162688,0.00743007220050713,0.0025564244071740383,0.000870280261488947,0.007820096798701789,0.0009268444392567417,0.0007888660541366393,0.0008082621208590823,0.0008253471992813774,0.0009430484649457396,0.011175360095664747,0.0007732674768221603,0.0007740747901856624,0.000774360394145615,0.0018576810391055048,0.012734478328277649,0.0728964588063363,0.000836234111831114,0.000833706347971246,0.0008197084161926072,0.0012902610052107175,0.04491439789973948,0.001131232047670509,0.001203560650842927,0.0007067331538490405,0.040996588354505585,0.0008386895999005213,0.0007769461479141213,0.0008308577972206154,0.0007843392408873984,0.000671279902725072,0.001913313998912483,0.004601697762543665,0.0007732494020927298,0.006297863433235623,0.011523675244432048,0.016953403626385456,0.008855874458169778,0.011426406558155699,0.0007768375683549569,0.0007742257319148802,0.0007742109772005885,0.0007749639874032054,0.0007750512527173026,2.9175046136451102e-05,2.7445341600079684e-05,4.369277714447577e-05,1.1367255361324896e-08,4.367430404049166e-05,4.366755440759527e-05,4.366356466851268e-05,0.0007736521736155033,0.0007734524059452803,0.02277781722140348,0.020345023613463104,0.0024815092972484674,0.013611391376160261,0.022781854137570542,0.07220507564722042,0.0186811536662704,0.022786532003099318,0.02205888561211038,0.0007783010484719246,0.000773975806924503,1.8856244814027171e-06,0.07220311121414136,2.940137027993849e-07,0.00013323066733658337,0.02047808428029774,0.0007734722578166688,0.02687710425191503,0.03180475526475347,0.03161574364673947,0.10948945457554145,0.02055081745487298,0.12543536771050606,0.14618238467813027,0.1364804041611234,0.022138104112416054,0.25181376778649023,0.021091469962223625,0.11842464583307503,0.11933207599745874,0.2627150793295197,0.0225086399962848,0.022508564584194715,0.0042203372475586665,0.004220392047819352,0.19368077546717882,2.6532343556855675,6.020702852412445,0.25838812280569173,0.026115539131908692,0.005015337441179721,2.8995455098785833e-07,0.03562968397034658,0.023176723373535903,0.039717982130396796,0.03967885117477123,0.02427716890565779,0.04228295472759028,0.023112553512199787,0.027655536465190325,0.018858314305386877,0.02948874045314599,0.022054533677295405,0.014730486814846764,0.029278476549107015,0.0007776533957056762,0.0029600191803186553,0.0008127391165715644,0.0010601412409672938,0.0007776567528431371,0.0865706381375234,0.020421765413170683,0.020286231811865695,0.027943751632194938,0.06762512527810857,3.7490020502164413e-07,0.023862999656068494,0.0008162482167819227,2.520209534106308e-08,0.007715134968189521,0.06058177619383446,0.024989140067661352,0.0007733057149038175,0.0227819714191318,0.02556290030376481,0.029207003086206298,0.002511393850962634,8.858644252537312e-08
3.050916115722284,3.050978665564413,28.072587706925617,0.009669133827572902,2.5287119778556353e-05,0.0009348509403928038,0.018654680354997753,0.03656749660611687,0.021792327413479695,0.016559209245489027,0.018707531133213974,0.017605532512843188,7.506433069325101e-06,0.006680159897104549,0.002823279874092018,0.0034358740480829376,4.026970164020036,0.008116037362074426,0.0013843618638022133,3.051889013404568,0.016912602988241245,0.016549745560774584,0.00024174333962685818,3.0518711698475283,3.0518710979534283,3.1141818937567374,0.07567288882026359,0.06706008502243084,0.07410441744861739,0.08414920605776045,0.0534583457575443,0.07077366208754825,0.07132293877345275,0.07095254210949814,0.06356986149335256,0.05916977358244312,0.02938580231268283,0.05064711849760829,0.06707091217215808,0.012611156169926892,3.052006709277767,3.0519096259623364,28.072587765162975,3.0518731007549884,3.055942468345418,3.051872939357117,0.011066635131502725,0.01669837532467133,0.010581738984671653,0.03032509786259361,0.004055562040733078,0.003856046357836848,0.0038502605906976352,0.003854718991155212,0.002807631101542502,0.003069444296171504,0.00010683853292843304,0.002846236267057131,0.0028360596086561287,0.002836177700286383,0.008101492765457543,0.0027701876466251474,0.008104579195939456,0.008104489847677351,0.008103945860054532,0.044237868772908376,24.07058386218069,24.071628156378985,3.1254131729822165,0.07604353161229535,3.1855567453782534,4.071648030321609,3.1357515534015743,3.054945370694977,3.1726467268155285,3.124085221185758,3.0521369229748156,3.119864933850615,3.11553480859238,3.0525880544335524,3.0540106429506153,3.052778922625128,3.0536742248916906,3.056986395149463,3.051871106745605,3.05189863209576,3.05201304365,3.054994686128521,3.1065838760690667,3.0713736540319116,3.0533887269104536,3.0523562798039574,3.0527446358599,3.055455462539195,3.191529389842471,3.052101411839088,3.0548939279196827,0.001391298291555275,0.005125981459231045,3.0535239996999985,3.0518862020080535,3.0519858244913736,3.0519599999967784,0.00229229409391904,0.013299471008163956,6.059176765403096,3.0518712415974893,3.1098416048711552,3.1449172300246317,3.223854152433957,6.0577950589895,3.0639087755602374,3.0519497969824716,3.0519056927987553,3.051971492539013,3.0520720883642016,3.052045266356987,2.000170017117707,2.0001641281813414,0.00024184062793037615,5.90743485807248e-08,0.00024186795266664833,0.0002417739447966958,0.00024173711345661756,3.051881432671239,3.0519263911677754,13.068094989453549,23.019306638413482,3.054732097311758,21.068414901661193,13.068108762409874,0.022859107765549492,22.06996433533573,11.068055018201314,0.06696790338787113,3.0519605182342504,6.051898922115521,3.000355985178692,0.02285894009185936,2.000071579434865,3.050915944308651,24.070151417570553,3.051926490021234,21.083097155471354,25.08382925056977,22.030844927570993,3.127549420505452,9.065335674780579,0.1219019737215013,11.192283200228246,11.183371572577254,9.067531367600695,9.213524958965214,9.065945735051844,0.12123054181478984,0.12218343555303633,11.141887648948765,9.068089451569165,9.068085769941971,11.06740876431624,11.067408926527072,0.0022919512815127233,0.057718464313732835,0.010722915547146277,0.05275132034836844,3.835330394665777e-05,0.010057946915514643,2.0000715755404834,27.200651221686698,26.353358559173163,33.27945157104309,30.118892823322735,25.156466890088474,34.180179321467385,18.2246927383043,30.0772839715897,24.070115385649515,30.07906286584705,23.05853474728654,20.069852863214816,27.027667138948345,3.053140687592269,0.0006862206714052507,3.0533962309986324,3.053224051355753,3.0531406883501395,3.1031716531934177,30.18506470489806,28.15000550982655,30.100916180304743,0.015205515428967439,8.344526343238949e-06,25.058570938904463,3.053453801459282,3.985480807589015e-08,3.0674122770360803,0.034151902989977105,28.07240265012296,3.0518802635303195,13.068109156182816,3.05732952084412,26.078954153130894,3.056031186831647,2.747251781485059e-07
1.004706273955755,1.0050160379087536,3.0475108756752443,0.028080316450471602,7.671468204086795e-05,0.10414476364182478,0.016645171755397942,0.032893585886397264,0.018876069848440945,0.011342444602824716,0.016003129025110353,0.017623001242682016,7.328207845511522e-06,0.006765640698033987,0.002439626372419033,0.0032583078737749055,2.0377927737580372,0.0486451456933623,0.00015256745663432174,1.0053363711804337,0.037011855321002714,0.03392254670943918,0.00010088335382244438,1.0053349150993571,1.0053349208608575,0.1624569611534919,0.10061987173172579,0.08475309653722951,0.1012691677559861,0.1100047656865436,0.07166074748503046,0.09858891999450507,0.09931957010942656,0.09883588541734706,0.08361639886565382,0.07967646771000576,0.04819418890912114,0.06927641972880988,0.0935321022788857,0.023574929604959646,1.0053426206059852,1.0053379175983643,3.047510903144482,1.0053350039657951,3.0101481883961156,1.005334998234272,0.01812412844086925,0.03493662855694467,0.01737232174769174,0.1413780736441318,1.0012095128468075,1.0012123132876871,1.0012113582367954,1.0012120957856827,1.000568234870909,1.0005904654374946,1.4951470519005732e-05,1.000576901787878,1.0005759668285725,1.0005759788294373,0.04862648328591151,0.004189634526195292,0.04864279957788216,0.04865967990976074,0.04865451732796508,0.18409002929839832,3.04586566304095,3.046333649417301,1.044784717664646,0.040200644392631386,1.0534268460329712,2.0172842004951277,3.1964494224215674,1.0064460666221742,3.0301609464417902,1.0230793702752465,1.0053700382170454,1.0425123391490763,1.0100554837469273,1.0054757515087347,1.0056641990439352,1.005461787226325,1.005693798489948,1.0215849574473443,1.0053349115268728,1.0053379887935643,1.005342960960001,3.0095231055797123,1.104435790525041,1.156936810782332,1.005873414669726,1.0061046425489555,1.0057635299707137,1.013725697535177,1.436867181742656,1.0058474269684388,1.012021859476254,0.0008694330232989027,0.032060791002290895,1.0058759579718453,1.0053504442149195,1.0055200709933454,1.0054150183177022,0.001155435730008659,2.008980285815258,1.0141278605933792,1.0053349131737244,1.0350532782316328,1.3190775373787997,1.3756961618117396,1.009732946443785,1.03502732099485,1.0053444081802119,1.0053381273467963,1.0053416198756144,1.0053468837957122,1.0053452627218726,0.00022405670655188943,0.00022046789058816706,0.0001009102444754735,1.752536525196286e-08,0.00010091880639220797,0.00010089256063759782,0.00010088505947513266,1.0053368869341457,1.0053376635379572,6.048201136705566,2.041100283658734,3.0100527271645094,3.044310206549162,6.048209541814918,0.01942743605699247,2.0443859376064086,6.048041528278266,0.09330758274863321,1.005347212089255,1.0053354668447374,1.6724716758626394e-05,0.01942873356377294,0.00016384312052894666,1.004706249398191,3.045642905804622,1.0053377117024658,4.0567784060074095,4.05650952589251,3.051327170749548,25.30615483143531,4.016558794939433,24.524348999094624,31.213532273237387,29.911451578388537,6.047431426643775,11.294541273707837,4.090832059168424,25.418258470361497,24.609200536113054,17.636911995684457,5.047877143375852,5.047875000659508,6.044508372311231,6.044508472417005,1.0059001267131078,1.176791735160504,0.031905834082416075,1.153894897273824,0.00012691994221024743,0.029283031724380123,0.00016384314157301424,2.089940373440502,2.046281110856499,3.1064810143902806,2.0721936171942668,2.044453264269888,3.1070746661171444,1.0932561848163203,3.0490079144050313,2.033605177435954,3.0500091200569286,2.0221065685210884,3.044684279800549,2.04510613759501,1.0053974356097286,0.0015169663078268515,1.0059918208745195,2.0069923982642224,1.0053974358617943,13.162317539518993,3.04418359887438,3.0670795227899488,2.064492960877027,0.015343298663819858,1.0671816633263294e-06,3.0232969519275756,1.0060463379628088,1.0950300596872607e-08,1.017052954936594,0.1432939656182145,3.0474133228528784,1.005335367234263,6.048209813421608,1.0153269121458193,2.049679519302924,3.0105699707758893,6.277566253570747e-08
2.9930148203833798e-05,3.0077799361614505e-05,0.0013351518033980613,0.0007589264611309885,0.0003256884054246876,2.9687951886550582e-05,57.18088923884566,85.29244751259031,79.58790371279444,51.228787115456285,67.16283715686005,62.06680839700853,0.05576497522937564,22.194575496773936,7.044846769470953,12.041387449053767,1.0012758777956943,0.004841661735832405,0.00020515982676032413,9.080236127993002e-05,0.004653799043014687,0.0020293494722580267,2.0643266211862818e-05,9.130073813102841e-05,9.106150432422107e-05,12.00473569731481,12.002537982639222,12.003249125296797,5.001988317176854,12.003432029058006,12.003369367576427,5.001440823904003,5.0014572505183805,5.001434828618686,5.0012701339941685,5.00089370896673,5.001209824810245,5.0012219044826836,5.001321432354611,0.000959740778048003,9.094005178761857e-05,9.084995591807405e-05,0.0013351864638443567,9.09656239860229e-05,0.007737210779119241,9.105125354045914e-05,0.0009909936508997502,0.0016258976318949396,0.0010134024191338048,7.005306191144622,8.506061313380252e-05,8.064541412097354e-05,8.059095364335166e-05,8.056399492679909e-05,1.8160146967757827e-05,0.00229804582847444,0.0022993378050516085,0.002307970775622467,0.002261831586622656,0.0022619527128304438,0.004841500057075964,0.004074170093574743,0.004845704938373626,0.004843713109540542,0.00484321500987996,12.028983609145214,0.0011455594524466535,0.001109586890763662,0.0025893174114708173,0.0025528543202175753,0.004708036935268837,0.0071896990373514985,0.01036486334513642,0.00014765885119673707,0.008150611760791421,0.0002593907005889732,9.641494659616047e-05,0.002469985251790188,0.00012526656978667316,9.440406125758355e-05,9.878339910481448e-05,9.200452020119487e-05,9.440948363295118e-05,0.0006695562333053724,9.112087153073078e-05,9.087297939063307e-05,9.096237450821421e-05,0.007675670685899942,0.0015213685315001598,0.008903695886422537,9.505255175272884e-05,9.544281607240914e-05,9.403457488836134e-05,0.00013460057992255282,0.0058234540289387226,0.0001048923092234288,0.000126414645476049,6.647709104417312e-05,0.0036046566940127417,9.510915971329778e-05,9.11515694413729e-05,9.482146765980413e-05,9.149290450964631e-05,0.00046674069494009987,0.007559246609857351,0.00032512185626164714,9.166855224913105e-05,7.000758660613192,7.012383197123441,0.003350928381264281,0.010955777015682294,0.0006664724013843397,9.094044938778346e-05,9.075771680096315e-05,9.097170299377866e-05,9.098549889605294e-05,9.095669255845962e-05,1.3636783042550498e-05,1.3618602635835987e-05,2.0578727820779145e-05,1.0157701807407334e-07,2.058240839439579e-05,2.060067238386146e-05,2.0564162705023897e-05,9.284641643061678e-05,9.08115934713472e-05,0.0006150856529013486,0.00112886084627638,0.007633968108484072,0.001022104089814372,0.0006151152104686719,85.17708937568926,0.001050807140871091,0.0006019299907443546,5.001307590860105,9.102569949627913e-05,9.084082461815066e-05,1.6211928747045243e-07,85.17368811267174,1.3534423047594717e-05,2.9095164132560775e-05,0.0011447848461056825,9.091562980919231e-05,0.002361315711003069,0.002443515093602149,0.0023539117911697657,0.012514830710601244,0.00046508161428176906,0.013401232537969598,0.013850447038989471,0.013087607585294238,0.0005818879513693157,0.012380025967718587,0.0004964101084367816,0.012847571614496572,0.012806084942061298,0.00458407990700673,0.0004157697705307967,0.0004157754610918147,0.0005248109128183495,0.0005247828752148094,0.000626802266000509,0.002236720627566704,0.0016978786496248284,1.0020469526054288,0.0003259448630650279,0.0005143520707986004,1.349538734791177e-05,0.0024038829668777436,0.0012415757810802207,0.005110120419067078,0.0026354639228520615,0.0012096749393654949,0.00475223461672408,0.0038866253867802176,0.0018409972169815426,0.0008847903322957143,0.0017367893350069467,0.001123164845173221,0.0009212937761970618,0.0017078944465423898,9.094739445321171e-05,0.00014767152409008387,0.0004950870350021852,0.0006569240244049777,9.109486522556819e-05,0.011029194594478446,0.001097793966921448,0.0012648994366249722,0.001435957786759598,68.54483974461792,2.90542084831343e-07,0.0012168253951663904,0.0004950592613799772,1.7000047331573972e-07,0.001091725633168705,7.005915123745425,0.00133461970262901,9.085073423687552e-05,0.0006151639904124819,8.003543109614501,0.001537352541572725,0.008029023842120637,7.243247265872042e-07
1.000017126951298,1.000037443429174,1.012392794416603,0.0034997271640076376,0.00011229489772412187,0.00046487227905631497,58.18626299837609,86.43577134307368,80.60897056787368,51.231022251498736,68.1691585643932,63.07288083892745,0.05579840338910162,22.213842240345286,7.044930622583308,12.05595830857317,1.0851952902856907,0.04853410632598527,7.763653562062065e-05,2.00221336005471,0.04168621277928065,0.038210381021594825,4.78134900158415e-06,2.0004693840691092,2.0004691778013286,12.069776988981396,12.015221847458788,12.052181748311302,5.011392353062105,12.053922789378879,12.051748463346671,5.0108916289384196,5.010952037649611,5.01090097029363,5.009842454596693,5.004843367427688,5.007675389860399,5.009125917372024,5.010488246845271,0.006027033641454084,2.002941538129959,2.005210539093953,1.0123928330106398,2.0004690458106102,2.0015221492819957,2.0004691483991976,0.007135143630333542,0.022023150229153077,0.006685163497746349,7.0544804921283815,1.0008439590916798,1.0008456482077868,1.0008450129876425,1.0008455003330807,0.00038290818815586724,0.00038626097617140215,5.829620480362924e-06,0.0003847040852442839,0.0003841151531853685,0.0003841189526997268,0.048469514237713895,0.0006961843020086394,0.048484151510315404,0.04850568446544451,0.04850020495187328,12.117078053980574,1.0123327682578387,1.0123150121395514,2.003008172983289,1.002912635839217,4.005670878890924,2.001782108347331,2.022242492467641,2.000953492162012,2.003649364071957,2.003739462985917,2.197440576504049,2.0031665157062326,2.00108983146364,2.0007956565372167,2.0011354464574116,2.0010330700280052,2.001251278166218,2.0084640801110107,2.0004692416307774,2.003905342398869,2.003658181372798,1.0010719225700015,2.0120881227463268,2.0432097270773855,2.000507517083838,2.0005019842853193,2.0004969492606475,2.0007146352439813,2.024023091626764,2.000849413889393,2.0006831893080324,1.0004861794763222,0.043592699400198484,2.00050950227939,2.0004708185002413,2.0004973236449066,2.000475873280418,1.000458407379675,0.0011145518219190318,2.0033105567897302,2.0004697456458667,9.003661758390336,9.015349699031992,2.015774458817396,2.0100474477021404,1.0075342866456267,2.0004737872074583,2.00047030819368,2.003301414643717,2.005055427843822,2.005924418768431,5.502933104673162e-06,5.3215967194672035e-06,4.714925870569256e-06,1.0292826979947554e-07,4.7258558496735235e-06,4.7379684581375776e-06,4.7201976180723355e-06,2.0004693423882403,2.00046903331485,1.0056444043428043,0.012276911610146459,2.0015169963802695,1.0121917909219795,1.005644821353843,86.19788341538198,1.0109440381894537,1.005642651896869,5.010427439134901,2.000474406173573,2.000469369543877,1.2238584974764263e-06,86.19448064525201,2.6884670327560934e-06,1.0000162797677525,1.0122909042388055,2.000469176841052,1.0143818796375856,1.0137265495800205,0.013703654876383453,0.10367828337118279,1.0035877682228647,0.11604013317900595,1.1191225401676093,1.109714069094178,1.00519134230067,1.1015086775134961,1.0040205257258477,0.10834135992488937,0.10927953585517175,1.0997629432933442,1.0038129490724974,1.0038128615034487,1.0049977557725815,1.0049977297012926,0.008013581248568581,0.04466630746887882,0.03339219353433838,1.0747536435314702,0.00013082432247835178,1.003733386583368,2.655807951790922e-06,1.0118244612495646,1.011016172233756,1.0133488828181063,1.0112189692514455,1.0084530915903454,1.0134190532760083,0.01117238927944502,1.012405300604448,1.0050129353027133,1.012474812420921,1.0081746386248949,1.0122560735974822,0.012427449511037709,2.00047130462726,0.0009140138699332233,2.000482208709163,2.0008844124499334,2.000471443427544,2.086885390575345,1.0090264838685834,1.009306610892286,0.009579305030124231,69.56115054130413,6.33146283753528e-07,1.0095060653579062,2.0004854969684653,1.7034978963459996e-07,2.0057357969939504,7.054642965634348,1.0123741581739154,2.000770553024035,1.00564487640538,14.005508001615386,1.0106467440075704,2.0015220934391493,7.400349816454059e-07
0.0006037895647266953,0.0006382365337133153,0.008215746580477764,0.006058197042119488,0.036487390037614476,0.0007472026320065903,0.005258240028935161,0.024192848186377455,0.019618308177195534,0.0020975790135835657,0.0036544620245830915,0.005549642161986942,1.1787573811805328e-05,0.028910032924183586,0.002051133390208824,0.014509557325601911,0.019109667216641802,0.004456870992370851,2.2468425721918154e-06,0.0028399355720974025,0.018168119074380703,0.01804552635607382,0.000619847231901731,0.0028395793956837233,0.0028396224003489493,0.07214062271381193,0.043385900371839106,0.029809950973844188,0.03556515234502647,0.049609420230013995,0.04720698073294465,0.043330547894177035,0.04362178174710399,0.04342870684868823,0.02270934451680208,0.03642129183399724,0.03684366584908195,0.02200635777441463,0.041384818266836466,0.017230290206629334,0.0028424505023048165,0.0028403778482514776,0.008215770556780687,0.0028396155872399244,0.0030347662370591244,0.0028396323205288868,0.024004184132065016,0.025270280294331694,0.02350234409474683,0.013726354371340007,0.004074471711205582,0.004097729862042844,0.00409184912597038,0.004096426097152245,0.0017663130497155455,0.0019269357223878703,6.175939754812016e-05,0.001792214625492206,0.0017866411001231071,0.001786699496086326,0.004449132411836136,0.0007751207831443463,0.004450037862781431,0.004450609907228425,0.004450366363163442,0.04621283129551961,0.007010202759921055,0.00658915190579354,0.004281303175112968,0.003675868502105519,0.0048985501463876206,0.004756816097988184,0.005674951700917101,0.0028759361850697433,0.004398849315437061,0.0035860780902027523,0.002849619093915664,0.004202921004127805,0.00339890182500991,0.002848765729599201,0.0028644213116274537,0.002861239535118313,0.002885731382949747,0.004052049095369448,0.002839629932780959,0.002840094311760793,0.0028426113144289417,0.0008216388320274293,0.01058942645153222,0.030125622223212804,0.0028812096223823215,0.0028563507151629784,0.002864717921334036,0.002957648775706055,0.015064016262610162,0.0028649462636978207,0.002939268993316115,0.0022639394767053488,0.004604603898764259,0.0028845459000540505,0.0028410482555511164,0.0028639787523914413,0.0028432384814510254,0.0022830975495625547,0.002431386870134122,0.01260249629815528,0.002839588809984227,0.00994098646767106,0.013246480305463442,0.020527496960901566,0.008359144602977157,0.0032887945732408995,0.0028428938628620275,0.002840705009620029,0.0028416427485978765,0.002843824093834728,0.0028433005774586417,0.00010038654921324449,9.488103121672783e-05,0.0006202613949382723,2.406260880739839e-07,0.0006203502174255467,0.0006199749233182187,0.0006198333553809148,0.002840104423479034,0.0028407672845469066,0.062449170924267564,0.006399140536157963,0.00303278017829223,0.0050873319497634325,0.06246202394821031,0.019519275874026142,0.004774871255199029,0.06246954801050937,0.04123580898659957,0.002843885813171893,0.002842338966345585,9.894148049957582e-06,0.019519143354185375,8.480568359245034e-06,0.0006035937918287186,0.00699435355643696,0.002840782092317382,0.03267548234633209,0.0340058072817406,0.03253720441329611,0.20859250080751685,0.05745510688973899,0.14747962481360188,0.2060039861203463,0.18848138301011058,0.05535705457706972,1.182296277293104,0.058107378967584916,0.13717346756735727,0.12293222692832799,1.131810618806334,0.06242742984066173,0.06242655870502016,0.023823023126015436,0.023823181462162602,1.0857595174014563,8.49718118993121,8.49111094711791,3.1609113216292735,0.05270598467528235,0.0060495925684213485,8.47715554842929e-06,0.011044276207639647,0.0059818093801196955,0.01498991164049763,0.014468823894703295,0.006209983434433303,0.015692383281121308,0.00987266227151002,0.008831989473214173,0.005488660875475313,0.009692451173826855,0.005887160970234805,0.005394577674709288,0.00907381254066852,0.0028669839206358584,0.001441521952642748,0.0028938386734403336,0.002871420196105683,0.00286698450085195,0.05890296600335511,0.014397557296131179,0.014037243106414065,0.015405227826203127,0.01871386304619911,4.278509535180333e-07,0.008107985834155373,0.0028964807376522708,1.9256319092609466e-07,0.0075019616940687605,0.03327818968575519,0.008207285676748185,0.002839773253293042,0.06246238937321617,0.005326186800907809,0.00966223935475282,0.003077788412989872,1.651497021458897e-07
6.864224889964365e-05,7.210909474453082e-05,1.0029323772044605,0.001987487873138129,1.2787486431041295e-05,1.0972535580742964e-05,5.007202558642067,11.012903416875258,11.00757195556597,11.006691756109714,5.00772172753712,5.007203331277433,8.383410293564542e-05,6.000672199936541,0.00019147510471546336,0.0001678826010131055,4.000809752076664,4.001644043799341,0.00021707390118289098,8.699165339582769e-05,0.0016075195383543949,0.0015373997560639695,0.00011727854581334669,8.713564114069275e-05,8.782523615663793e-05,72.50203455906353,58.61013792784563,64.05871659734028,60.075461050982135,69.3411052879671,57.37742719471906,48.030548992479346,52.031140861444264,48.03069046569615,47.02637675688483,46.042767385350764,41.142995639819425,42.104525836248555,52.02030868537799,17.016431260222266,8.70785004627668e-05,8.70307588436067e-05,1.0029321463758583,8.714068850812101e-05,0.002662408520048984,8.706025587124433e-05,22.037925048770422,15.038725578481355,15.009346647497434,0.002353136153218706,11.00008655493315,8.228124684465724e-05,8.22572054348674e-05,8.228486352418978e-05,6.303443357766292e-05,1.000166531174406,0.00010323990511209548,0.0001658622767974307,0.0001652802982109477,0.00016527840266165146,4.001643965145182,0.0007626864758480286,4.001644404958213,4.00164434481042,4.001644230326661,0.0034319008365915763,1.0029026963768743,1.0028751869608568,11.002035067331239,0.001962121061403063,0.0035836993654915607,0.0006343013972278112,0.004778443245888875,0.00010970424578753588,0.004839890900407712,0.002811757768785932,9.078702783137957e-05,0.001980108505127425,0.00019214773928353883,8.923189664542894e-05,9.208891111021019e-05,8.751725933481104e-05,8.843765122399027e-05,0.0003630520805004785,8.72114694996302e-05,8.707509023227627e-05,8.713169170281288e-05,0.002643605305404238,0.007357232164772578,0.00240504547517289,8.859870416824609e-05,8.838815012461204e-05,8.81436807957953e-05,9.776489087896044e-05,0.002711779110454078,0.00010355458780888438,9.630968089749585e-05,1.992696907342974e-05,0.003334268255134833,8.866170025458649e-05,8.714283048585972e-05,8.781196550965899e-05,8.726036321158257e-05,0.00021072571796752423,0.0026043032792610853,1.0006287159006562,8.74136917108363e-05,5.006066049391292,5.01799539038983,0.009678483430099817,1.0043044750377472,0.0021467163755189513,8.706635880617848e-05,8.700079934144492e-05,8.708847197325166e-05,8.7148683280621e-05,8.706121854156179e-05,5.2933185090404276e-05,5.293183932951631e-05,0.00011732312917618455,1.1283122292706008e-07,0.00011735717133182283,0.00011732680997077609,0.00011726125013687106,8.74576692245409e-05,8.710888380432212e-05,0.0003385235236474726,1.002880211136374,0.0026408945825082994,1.0028592312555724,0.00033848066317530156,11.008011263319498,1.00287424114282,0.00028586324631621067,52.0085130973471,8.706924491522093e-05,1.000087456279902,1.000000580503995,11.007986799539559,5.283875381559839e-05,6.809767372473373e-05,1.0028955866590057,8.707848336482308e-05,0.005377034624937383,0.005264303537677118,0.004447337780752357,1.0078571838639292,0.00022823488304879274,0.007737526460060391,0.008155235853589033,0.0078503792200184,0.00027722636742322145,0.008029682435802382,0.00023951762086779936,0.007777037331402154,0.007796428900229686,0.002888450050905483,0.0002970892867726144,0.0002970930471159291,0.00027571784976808465,0.0002756999977269718,2.3952045775117285e-05,0.0017094314771020878,0.00025929499408996765,0.0018030838464012753,1.2881492103149638e-05,0.0011670627438625444,5.280990186011472e-05,1.004057809269582,1.0029051795487594,1.0052286334063492,1.0037719802419678,1.0010668173700792,1.0049756550712847,1.004736899487004,1.0031759151191426,1.0024572236099707,1.0030170827690539,1.0006950247644566,1.0028445085604658,1.0029424963878266,8.716983411731364e-05,0.03936839501260968,0.0002827071891154184,0.0022442802706945293,8.717694323998012e-05,0.004966929824050007,1.004016429941085,0.004440811319514352,1.0044205140095235,6.0029652142127,2.1142673856748093e-07,1.000713555781412,0.0002844612676903523,8.022954003446767e-08,0.0005111886746219684,0.0025073768993444713,1.0029289804672192,8.700851918331008e-05,0.0003385340713921273,0.002629200756802305,1.0029754465340193,0.0028305375419599814,3.335558540403064e-07
1.650496520875438e-05,1.6441529956712023e-05,1.000508293690101,0.000374688087835082,5.91486768633918e-07,3.2865971998765e-06,1.0019575576521889,2.3668207149559595,2.370532850416234,2.364764306410783,1.001747052536052,1.0006031702481706,0.0004119831383084783,1.3675695702253905,0.0004461315505704899,0.0002474875972607072,1.0003065222942717,1.000135301018414,0.00025300080142856026,1.6666797470959713e-05,0.00014629561061545705,0.00013390509430679902,0.00019074533763906902,1.6720707804541214e-05,1.6777629479467102e-05,6.45685862589178,13.259936761206788,14.835658113802994,13.45298002388576,15.959021705587206,12.527261029598595,9.41195725649034,10.418525031948677,9.413815501797691,9.367911061164156,9.370284848016848,8.398989285303479,8.39060741994169,10.36606029830562,3.0108476460637834,1.6678686678688735e-05,1.6671368954547707e-05,1.0005082783922299,1.670417050742623e-05,5.337194547409821e-05,1.668513425783078e-05,7.007932832206336,3.0081020092754773,3.0017573369002566,0.0002895223571020547,5.000025651865014,2.645145113253103e-07,2.618473914464567e-07,2.6080783967643475e-07,8.78383270811105e-09,1.0001928819201675,0.00013646339200629556,0.00013625666332697472,0.0001353475945522289,0.00013535006967944525,1.0001352784595174,9.41912098204394e-06,1.0001352800929058,1.0001353273243545,1.00013528400758,0.000546706283136402,1.0002835010733901,1.0003982324263863,5.0002083037425455,0.0001665248376587054,0.00021300638516357526,0.0001456797135785389,0.00025899366536212467,1.7017619935064973e-05,0.00014222962593471615,4.4145146501611886e-05,1.66795284863658e-05,0.00018200885215129825,3.172463339600497e-05,1.6735058902205794e-05,1.682189640732483e-05,1.6710714853093028e-05,1.6790887995159758e-05,6.74256642350297e-05,1.6726454694770922e-05,1.6669371545536602e-05,1.670748566418701e-05,5.314075634596301e-05,0.00012247094787507456,0.00044989792462073365,1.672315754040626e-05,1.6694952715590812e-05,1.6703193875833003e-05,1.686857051256611e-05,0.00013548741593660354,1.6691066480089876e-05,1.6793328616709724e-05,3.093009890395174e-07,1.2356105079878699e-05,1.6720943506363704e-05,1.667833755937892e-05,1.6736772722313955e-05,1.6676615393548956e-05,6.123927161103029e-06,6.140056711428145e-05,1.0000686042973224,1.6805338644575888e-05,1.0000548329670425,1.0001222478472354,0.000375347913038223,1.0003907789095847,0.0005631183394163052,1.6671988636415596e-05,1.6677672477476062e-05,1.6673401195665635e-05,1.670132231838858e-05,1.667427982846475e-05,2.6434994629432234e-08,2.5093511284717654e-08,0.00019083071199076288,5.244416176108885e-08,0.0001908446524475643,0.00019078960703137752,0.00019074369666741598,1.6708764041336163e-05,1.6693397305732904e-05,0.00015861561988872257,1.0002667386122441,5.331125929057169e-05,1.0002428641259313,0.00015861524645298709,2.364255071282099,1.0001973919664244,0.0001586283755352357,10.364390707631,1.667278625544099e-05,1.000017377822834,1.0000007179561432,2.3642294269649544,3.875030707515703e-09,1.6435617772705985e-05,1.0002831835360275,1.6683669602437773e-05,0.0013677398226385744,0.0013183556171550662,0.0010715512338033476,1.0018404436436918,7.223213069004866e-05,0.0014303601567842708,0.0018616009053884222,0.001717913778070304,0.00015839729360768548,0.005967584186206242,7.390461715316936e-05,0.0016877609753431749,0.0016552984498366813,0.0015897520446971273,0.00015074343235832176,0.0001507420750785228,0.0001501474936331371,0.00015014490470499354,2.0193601707539786e-06,0.00022005499310243646,0.00010192122571905003,7.887945921969557e-05,5.95688617209418e-07,1.782414284134014e-05,3.4983990721769963e-09,1.0008443963886007,1.0004221426332114,1.0012622344326414,1.001169099413926,1.0004379668808956,1.0013233922629172,1.0006812632521298,1.000610995349823,1.000415350633796,1.0007835775435174,1.000407010264147,1.0001740882570465,1.0007668755536148,1.6704190009123894e-05,0.008782641930223024,2.2540387770068467e-05,1.95051953487275e-05,1.6700967181268698e-05,0.0010183635240294936,1.0126565280797453,0.012875942162762076,1.0135758420231606,1.3699243923680542,9.854596715696402e-09,1.0004930933532237,2.2543047257392844e-05,4.093551233034705e-08,4.147999546480801e-05,0.0004379376124722587,1.0005081096315152,1.667177327840347e-05,0.00015862427207327274,5.060387575760654e-05,1.0007755122269286,5.9168745371412155e-05,3.1694119787514696e-08
0.0004297212583334885,0.00044747825394832056,0.004316446750017728,0.004325563624470471,1.0927598695027784e-05,0.04576753265772129,0.017330621486062403,0.022595637435963073,0.02137570215037944,0.0018533728575977296,0.0025615620162607123,0.018398508031866403,1.3795161177092808e-05,0.020475668204549873,0.01595815921106446,0.017814167269806953,0.009131819149006863,0.003121949141267343,9.648331513048532e-07,0.0016674762850428515,0.012239708950443242,0.011900647605258283,0.0011808363233070905,0.0016671250514225938,0.0016671249629232688,0.052415714421747056,0.04580768540325377,0.04472448794460722,0.013191815858995856,0.04979148777126183,0.04744775134938405,0.04614320990466999,0.04650779926842427,0.046266481241195735,0.039516677399180904,0.043124993522607,0.042752568100130166,0.039353118848016386,0.04397340021275399,0.03771448992363228,0.0016687219675921771,0.0016678318469053651,0.004316447270710912,0.0016671431962973545,0.0018160040711993595,0.0016671417457091008,0.035134396172791044,0.03595876766392854,0.03411781557690142,0.027742344406108475,0.002291263605406397,0.0022675494921582536,0.0022652222462397173,0.0022670307513918135,0.0009924346328030794,0.0010860286212979462,2.07918053784735e-05,0.0009987139571369366,0.0009964372393158976,0.0009964617872692816,0.0031196009628863927,0.0005028418218166709,0.003120045378394561,0.0031202965733875257,0.0031201828400958206,0.043126265012945676,0.0025801604363607142,0.0038492438366505184,0.003969296151867582,0.0035218718464405585,0.0036276903076857387,0.0022251535873249657,0.09085343894553816,0.0018856688284863733,0.0057084434379948736,0.002348381473729694,0.0016700856829242408,0.003632686065755249,0.00207591652485291,0.0016726756245389555,0.0016811249364248977,0.0022527933671880585,0.003619565440804706,0.08940415972945621,0.0016671249847152927,0.0016678908431739638,0.0016687441716912539,0.0005874480182345685,0.007130487269014455,0.04857749626978207,0.001760236735874647,0.0017939664541196754,0.0017403467649130223,0.003025782617180132,0.09459281394619264,0.001798976542643229,0.002752853517137053,0.0012851393592530442,0.015100249722565863,0.0017611410520066214,0.0016701521015008792,0.001706547531499416,0.001681131963914788,0.0012777390445175357,0.0008490593997047581,0.006174595379654921,0.0016671265475525837,0.003954515169549139,0.006858238876685049,0.014534038112998707,0.004998675910267098,0.008468350355312721,0.001667979419726201,0.0016674925605632196,0.001668361737333742,0.0016694610632352858,0.0016692657574134816,0.0016248778136000658,0.0016240372284793832,0.0011818609244529685,5.47392021906708e-07,0.0011821235794727478,0.0011812146775481494,0.0011808692261975119,0.001670191690795216,0.0016679335095098268,0.018422975124902756,0.0037466683543794644,0.0018158182601103613,0.0013447387658885083,0.018425306773608072,0.02126840448359744,0.0024464643499448454,0.016822088015423585,0.04350429480571319,0.001668084905065161,0.0016686458018468815,4.4409339396453295e-06,0.021268068063463295,0.0016040525149355006,0.0004297199735667143,0.0025723438621392133,0.0016684712929035854,0.012013038429371787,0.012414319181205903,0.010420930131284195,6.271063650501143,0.012636864654319107,6.692081312428759,6.693776617836241,5.26584195128945,0.013268022511976936,5.720161658488043,0.0571654707203396,6.05339710286555,3.088670604577489,1.4569139745224313,0.018423170402351904,0.018422719108056162,0.014988972898733084,0.014988996096042193,0.0008302631690627993,0.029310197429990647,0.022961109822144204,0.008110137573106383,1.7505258752914785e-05,0.00416643715785375,0.0016040525144025376,0.007470647087536488,0.004185229022349426,0.011050022185849417,0.009731649955441946,0.004520591625044846,0.010607465835422719,0.005496942730844116,0.006331288163256299,0.004053826906768875,0.006916751593755008,0.003999066835386789,0.0021257217852611436,0.006479629484008335,0.001678486824207742,0.0029027204449814923,0.0017097369670165104,0.001711377487627187,0.0016784868245652998,1.1984180725796982,0.00807168941104363,0.01070165595078647,0.012167949103014667,0.019795997672596512,7.100192345741169e-06,0.004130431159848237,0.001711203007459075,3.698054211861794e-07,0.002426134717519854,0.039447636363200304,0.004314410974028997,0.0016672085110171486,0.018426343906497434,0.002288786724152184,0.00691184940908182,0.0018536463324332598,1.8686178365924456e-09
